45636819,Bowflex Max Trainer,Bowflex Max Trainer,Short Form,CAM51443 ION*N60*HAOJ4TIC,Call Center Internal,6/26/2017,7/1/2017,1,1449.00
45636819,Bowflex Max Trainer,Bowflex Max Trainer,Short Form,CAM51443 ION*N60*HAOJ4TIC,Call Center Internal,6/26/2017,7/1/2017,0,129.00
45636820,Bowflex Max Trainer,Treadclimber,Short Form,CAM51236 FOXNN60*SOFTYTIC,Call Center Internal,6/26/2017,7/1/2017,0,108.99
45636821,Bowflex Max Trainer,Bowflex Max Trainer,Un-Sourced,CAM45327 1800MAXTRAINER,Call Center Internal,6/26/2017,7/1/2017,1,1449.00
45636922,Bowflex Max Trainer,Bowflex Max Trainer,Electronic - Short Form,CAM45798 DSEESF14H,Call Center Internal,6/26/2017,7/1/2017,1,1119.30
45636922,Bowflex Max Trainer,Bowflex Max Trainer,Electronic - Short Form,CAM45798 DSEESF14H,Call Center Internal,6/26/2017,7/1/2017,0,169.00
45636922,Bowflex Max Trainer,Bowflex Max Trainer,Electronic - Short Form,CAM45798 DSEESF14H,Call Center Internal,6/26/2017,7/1/2017,0,129.00
45636923,Bowflex Home Gyms,Bowflex Max Trainer,Un-Sourced,CAM28157 SALESFOLLOWUP,Call Center Internal,6/26/2017,7/1/2017,1,1999.00
45636923,Bowflex Home Gyms,Treadclimber,Un-Sourced,CAM28157 SALESFOLLOWUP,Call Center Internal,6/26/2017,7/1/2017,0,.00
45636923,Bowflex Home Gyms,Bowflex Max Trainer,Un-Sourced,CAM28157 SALESFOLLOWUP,Call Center Internal,6/26/2017,7/1/2017,0,209.00
45636924,Bowflex Max Trainer,Bowflex Max Trainer,Online Search,CAM44429 dosbiesl1,Web,6/26/2017,7/1/2017,1,999.00
45636924,Bowflex Max Trainer,Bowflex Max Trainer,Online Search,CAM44429 dosbiesl1,Web,6/26/2017,7/1/2017,0,109.00
45637024,Bowflex HVT,Bowflex HVT,Online Search,CAM50810 DOSG2HSL1,Web,6/26/2017,7/1/2017,1,1799.00
45637124,Bowflex Max Trainer,Bowflex Max Trainer,Online Search,CAM45732 DOSBIESL7,Web,6/26/2017,7/1/2017,1,1449.00
45637224,Bowflex Brand,Bowflex Max Trainer,Electronic - UnSourced,CAM16616 DEGBFBHG,Web,6/26/2017,7/1/2017,1,1999.00
45637224,Bowflex Brand,Treadclimber,Electronic - UnSourced,CAM16616 DEGBFBHG,Web,6/26/2017,7/1/2017,0,.00
45637224,Bowflex Brand,Bowflex Catalog,Electronic - UnSourced,CAM16616 DEGBFBHG,Web,6/26/2017,7/1/2017,0,13.99
45637324,Bowflex Catalog,Bowflex Max Trainer,Electronic - UnSourced,CAM127 1800BOWFLEX_BFC,Call Center Internal,6/26/2017,7/1/2017,1,999.00
45637324,Bowflex Catalog,Treadclimber,Electronic - UnSourced,CAM127 1800BOWFLEX_BFC,Call Center Internal,6/26/2017,7/1/2017,0,99.00
45637325,Bowflex Brand,Bowflex Max Trainer,Electronic - UnSourced,CAM16616 DEGBFBHG,Web,6/26/2017,7/1/2017,1,1449.00
45637325,Bowflex Brand,Bowflex Max Trainer,Electronic - UnSourced,CAM16616 DEGBFBHG,Web,6/26/2017,7/1/2017,0,129.00
45637425,Bowflex Brand,Bowflex Revolution,Online Search,CAM31081 dosg2gl1,Web,6/26/2017,7/1/2017,1,2599.00
45637425,Bowflex Brand,Bowflex Home Gyms,Online Search,CAM31081 dosg2gl1,Web,6/26/2017,7/1/2017,0,99.00
45637425,Bowflex Brand,Bowflex Revolution,Online Search,CAM31081 dosg2gl1,Web,6/26/2017,7/1/2017,0,99.00
45637525,Bowflex Home Gyms,Bowflex Max Trainer,Un-Sourced,CAM28157 SALESFOLLOWUP,Call Center Internal,6/26/2017,7/1/2017,1,1119.30
45637525,Bowflex Home Gyms,Bowflex Max Trainer,Un-Sourced,CAM28157 SALESFOLLOWUP,Call Center Internal,6/26/2017,7/1/2017,0,169.00
45637627,Bowflex Max Trainer,Bowflex Max Trainer,Online Search,CAM44223 SAWDOSBIE,Call Center Internal,6/26/2017,7/1/2017,1,1449.00
45637627,Bowflex Max Trainer,Bowflex Max Trainer,Online Search,CAM44223 SAWDOSBIE,Call Center Internal,6/26/2017,7/1/2017,0,169.00
45637627,Bowflex Max Trainer,Bowflex Max Trainer,Online Search,CAM44223 SAWDOSBIE,Call Center Internal,6/26/2017,7/1/2017,0,129.00
45637628,Bowflex Max Trainer,Bowflex Max Trainer,Online Shopping,CAM44887 dofg2efeed1,Web,6/26/2017,7/1/2017,1,1999.00
45637628,Bowflex Max Trainer,Bowflex Max Trainer,Online Shopping,CAM44887 dofg2efeed1,Web,6/26/2017,7/1/2017,0,149.00
45637628,Bowflex Max Trainer,Treadclimber,Online Shopping,CAM44887 dofg2efeed1,Web,6/26/2017,7/1/2017,0,.00
45637628,Bowflex Max Trainer,Bowflex Max Trainer,Online Shopping,CAM44887 dofg2efeed1,Web,6/26/2017,7/1/2017,0,169.00
45637728,Bowflex Brand,Bowflex Max Trainer,Electronic - UnSourced,CAM16616 DEGBFBHG,Web,6/26/2017,7/1/2017,1,1999.00
45637728,Bowflex Brand,Treadclimber,Electronic - UnSourced,CAM16616 DEGBFBHG,Web,6/26/2017,7/1/2017,0,.00
45637728,Bowflex Brand,Bowflex Max Trainer,Electronic - UnSourced,CAM16616 DEGBFBHG,Web,6/26/2017,7/1/2017,0,169.00
45637828,Bowflex Brand,Bowflex Selecttech Dumbbells,Electronic - UnSourced,CAM16616 DEGBFBHG,Web,6/26/2017,7/1/2017,1,549.00
45637828,Bowflex Brand,Bowflex Selecttech Dumbbells,Electronic - UnSourced,CAM16616 DEGBFBHG,Web,6/26/2017,7/1/2017,0,139.00
45637928,Bowflex Brand,Bowflex Revolution,Electronic - UnSourced,CAM16616 DEGBFBHG,Web,6/26/2017,7/1/2017,0,219.09
45638028,Bowflex Max Trainer,Bowflex Max Trainer,Online Search,CAM48984 DOSG2ESL11,Web,6/26/2017,7/1/2017,1,1999.00
45638028,Bowflex Max Trainer,Treadclimber,Online Search,CAM48984 DOSG2ESL11,Web,6/26/2017,7/1/2017,0,.00
45638128,Bowflex Max Trainer,Bowflex Max Trainer,Online Shopping,CAM44887 dofg2efeed1,Web,6/26/2017,7/1/2017,1,1999.00
45638128,Bowflex Max Trainer,Treadclimber,Online Shopping,CAM44887 dofg2efeed1,Web,6/26/2017,7/1/2017,0,.00
45638328,Bowflex Max Trainer,Bowflex Max Trainer,Online Search,CAM45730 DOSG2ESL7,Web,6/26/2017,7/1/2017,1,1449.00
45638328,Bowflex Max Trainer,Bowflex Max Trainer,Online Search,CAM45730 DOSG2ESL7,Web,6/26/2017,7/1/2017,0,169.00
45638328,Bowflex Max Trainer,Bowflex Max Trainer,Online Search,CAM45730 DOSG2ESL7,Web,6/26/2017,7/1/2017,0,169.00
45638528,Bowflex Brand,Bowflex Home Gyms,Electronic - UnSourced,CAM16616 DEGBFBHG,Web,6/26/2017,7/1/2017,1,1199.00
45638528,Bowflex Brand,Bowflex Home Gyms,Electronic - UnSourced,CAM16616 DEGBFBHG,Web,6/26/2017,7/1/2017,0,99.00
45638529,Bowflex Brand,Bowflex Home Gyms,Electronic - UnSourced,CAM16616 DEGBFBHG,Web,6/26/2017,7/1/2017,1,1199.00
45638529,Bowflex Brand,Bowflex Home Gyms,Electronic - UnSourced,CAM16616 DEGBFBHG,Web,6/26/2017,7/1/2017,0,99.00
45638628,Bowflex Max Trainer,Bowflex Max Trainer,Online Shopping,CAM44887 dofg2efeed1,Web,6/26/2017,7/1/2017,1,1449.00
45638728,Bowflex Brand,Bowflex Max Trainer,Online Search,CAM31081 dosg2gl1,Web,6/26/2017,7/1/2017,1,1449.00
45638728,Bowflex Brand,Bowflex Max Trainer,Online Search,CAM31081 dosg2gl1,Web,6/26/2017,7/1/2017,0,169.00
45638828,Results Treadmill,Results Treadmill,Un-Sourced,CAM50746 1800RESULTSTREADMILL,Call Center Internal,6/26/2017,7/1/2017,0,1619.10
45638828,Results Treadmill,Results Treadmill,Un-Sourced,CAM50746 1800RESULTSTREADMILL,Call Center Internal,6/26/2017,7/1/2017,0,199.00
45638829,Treadclimber,Treadclimber,Online Search,CAM48472 DOSG2TSL38,Web,6/26/2017,7/1/2017,1,1599.00
45638929,Bowflex Max Trainer,Bowflex Max Trainer,Online Search,CAM47150 DOSG2ESL9,Web,6/26/2017,7/1/2017,1,999.00
45639130,Bowflex Home Gyms,Bowflex Revolution,Online Display,CAM34645 dodg2gdl2,Web,6/26/2017,7/1/2017,0,238.99
45639130,Bowflex Home Gyms,Bowflex Revolution,Online Display,CAM34645 dodg2gdl2,Web,6/26/2017,7/1/2017,0,113.99
45639230,Bowflex Brand,Bowflex Selecttech Dumbbells,Online Search,CAM31081 dosg2gl1,Web,6/26/2017,7/1/2017,1,355.40
45639230,Bowflex Brand,Bowflex Selecttech Dumbbells,Online Search,CAM31081 dosg2gl1,Web,6/26/2017,7/1/2017,0,139.30
45639230,Bowflex Brand,Bowflex Selecttech Dumbbells,Online Search,CAM31081 dosg2gl1,Web,6/26/2017,7/1/2017,0,104.30
45639330,Bowflex Max Trainer,Bowflex Max Trainer,Online Search,CAM44497 dosg2esl1,Web,6/26/2017,7/1/2017,1,1449.00
45639330,Bowflex Max Trainer,Bowflex Max Trainer,Online Search,CAM44497 dosg2esl1,Web,6/26/2017,7/1/2017,0,169.00
45639331,Bowflex Max Trainer,Bowflex Max Trainer,Online Display,CAM50256 DODG2EDL1,Web,6/26/2017,7/1/2017,1,1449.00
45639530,Bowflex Max Trainer,Bowflex Max Trainer,Online Search,CAM44497 dosg2esl1,Web,6/26/2017,7/1/2017,1,1449.00
45639531,Bowflex Brand,Bowflex Max Trainer,Online Search,CAM31081 dosg2gl1,Web,6/26/2017,7/1/2017,1,1999.00
45639531,Bowflex Brand,Bowflex Max Trainer,Online Search,CAM31081 dosg2gl1,Web,6/26/2017,7/1/2017,0,209.00
45639531,Bowflex Brand,Treadclimber,Online Search,CAM31081 dosg2gl1,Web,6/26/2017,7/1/2017,0,.00
45639932,Bowflex Brand,Bowflex Max Trainer,Electronic - UnSourced,CAM16616 DEGBFBHG,Web,6/26/2017,7/1/2017,1,1449.00
45639932,Bowflex Brand,Bowflex Max Trainer,Electronic - UnSourced,CAM16616 DEGBFBHG,Web,6/26/2017,7/1/2017,0,129.00
45640032,Bowflex Brand,Treadclimber,Online Search,CAM31081 dosg2gl1,Web,6/26/2017,7/1/2017,1,2399.00
45640132,Bowflex Max Trainer,Bowflex Max Trainer,Online Shopping,CAM44948 dofbiefeed1,Web,6/26/2017,7/1/2017,1,1999.00
45640132,Bowflex Max Trainer,Bowflex Max Trainer,Online Shopping,CAM44948 dofbiefeed1,Web,6/26/2017,7/1/2017,0,209.00
45640132,Bowflex Max Trainer,Treadclimber,Online Shopping,CAM44948 dofbiefeed1,Web,6/26/2017,7/1/2017,0,.00
45640132,Bowflex Max Trainer,Bowflex Max Trainer,Online Shopping,CAM44948 dofbiefeed1,Web,6/26/2017,7/1/2017,0,169.00
45640232,Bowflex Brand,Bowflex Max Trainer,Online Search,CAM31081 dosg2gl1,Call Center Internal,6/26/2017,7/1/2017,1,1449.00
45640232,Bowflex Brand,Bowflex Max Trainer,Online Search,CAM31081 dosg2gl1,Call Center Internal,6/26/2017,7/1/2017,0,169.00
45640232,Bowflex Brand,Bowflex Max Trainer,Online Search,CAM31081 dosg2gl1,Call Center Internal,6/26/2017,7/1/2017,0,129.00
45640333,Bowflex Home Gyms,Bowflex HVT,Un-Sourced,CAM40821 1800BOWFLEX,Call Center Internal,6/26/2017,7/1/2017,1,1259.30
45640434,Bowflex Max Trainer,Bowflex Max Trainer,Online Shopping,CAM44887 dofg2efeed1,Web,6/26/2017,7/1/2017,1,1449.00
45640435,Bowflex Brand,Bowflex Home Gyms,Online Search,CAM39441 dosbigl1,Web,6/26/2017,7/1/2017,1,1199.00
45640435,Bowflex Brand,Bowflex Max Trainer,Online Search,CAM39441 dosbigl1,Web,6/26/2017,7/1/2017,1,999.00
45640435,Bowflex Brand,Bowflex Selecttech Dumbbells,Online Search,CAM39441 dosbigl1,Web,6/26/2017,7/1/2017,1,355.40
45640435,Bowflex Brand,Bowflex Selecttech Dumbbells,Online Search,CAM39441 dosbigl1,Web,6/26/2017,7/1/2017,0,139.30
45640435,Bowflex Brand,Bowflex Selecttech Dumbbells,Online Search,CAM39441 dosbigl1,Web,6/26/2017,7/1/2017,0,104.30
45640435,Bowflex Brand,Bowflex UpperCut,Online Search,CAM39441 dosbigl1,Web,6/26/2017,7/1/2017,0,14.95
45640435,Bowflex Brand,Bowflex Home Gyms,Online Search,CAM39441 dosbigl1,Web,6/26/2017,7/1/2017,0,399.00
45640435,Bowflex Brand,Bowflex Catalog,Online Search,CAM39441 dosbigl1,Web,6/26/2017,7/1/2017,0,40.00
45640435,Bowflex Brand,Bowflex Home Gyms,Online Search,CAM39441 dosbigl1,Web,6/26/2017,7/1/2017,0,139.99
45640435,Bowflex Brand,Bowflex Home Gyms,Online Search,CAM39441 dosbigl1,Web,6/26/2017,7/1/2017,0,34.99
45640435,Bowflex Brand,Bowflex Home Gyms,Online Search,CAM39441 dosbigl1,Web,6/26/2017,7/1/2017,0,99.00
45640435,Bowflex Brand,Bowflex Home Gyms,Online Search,CAM39441 dosbigl1,Web,6/26/2017,7/1/2017,0,299.00
45640435,Bowflex Brand,Bowflex Max Trainer,Online Search,CAM39441 dosbigl1,Web,6/26/2017,7/1/2017,0,169.00
45640534,Bowflex Max Trainer,Bowflex Max Trainer,Online Search,CAM47150 DOSG2ESL9,Web,6/26/2017,7/1/2017,1,2099.00
45640534,Bowflex Max Trainer,Treadclimber,Online Search,CAM47150 DOSG2ESL9,Web,6/26/2017,7/1/2017,0,.00
45640634,Bowflex Max Trainer,Bowflex Max Trainer,Online Search,CAM44497 dosg2esl1,Web,6/26/2017,7/1/2017,1,1999.00
45640634,Bowflex Max Trainer,Treadclimber,Online Search,CAM44497 dosg2esl1,Web,6/26/2017,7/1/2017,0,.00
45640834,Bowflex Home Gyms,Bowflex Max Trainer,Un-Sourced,CAM28157 SALESFOLLOWUP,Call Center Internal,6/26/2017,7/1/2017,1,1449.00
45640838,Bowflex Max Trainer,Bowflex Max Trainer,Online Search,CAM44497 dosg2esl1,Web,6/26/2017,7/1/2017,1,1999.00
45640838,Bowflex Max Trainer,Treadclimber,Online Search,CAM44497 dosg2esl1,Web,6/26/2017,7/1/2017,0,.00
45640838,Bowflex Max Trainer,Bowflex Max Trainer,Online Search,CAM44497 dosg2esl1,Web,6/26/2017,7/1/2017,0,169.00
45640938,Bowflex Max Trainer,Bowflex Max Trainer,Online Shopping,CAM44887 dofg2efeed1,Web,6/26/2017,7/1/2017,1,999.00
45641038,Bowflex Max Trainer,Bowflex Max Trainer,Online Search,CAM47150 DOSG2ESL9,Web,6/26/2017,7/1/2017,1,1449.00
45641038,Bowflex Max Trainer,Bowflex Max Trainer,Online Search,CAM47150 DOSG2ESL9,Web,6/26/2017,7/1/2017,0,129.00
45641039,Bowflex Max Trainer,Bowflex Max Trainer,Online Search,CAM47150 DOSG2ESL9,Web,6/26/2017,7/1/2017,1,999.00
45641238,Bowflex Brand,Bowflex Max Trainer,Online Search,CAM31081 dosg2gl1,Web,6/26/2017,7/1/2017,1,999.00
45641338,Bowflex HVT,Bowflex HVT,Online Search,CAM50810 DOSG2HSL1,Web,6/26/2017,7/1/2017,1,1799.00
45641338,Bowflex HVT,Bowflex HVT,Online Search,CAM50810 DOSG2HSL1,Web,6/26/2017,7/1/2017,0,179.00
45641338,Bowflex HVT,Bowflex HVT,Online Search,CAM50810 DOSG2HSL1,Web,6/26/2017,7/1/2017,0,249.00
45641439,Bowflex Max Trainer,Bowflex Max Trainer,Online Search,CAM44497 dosg2esl1,Web,6/26/2017,7/1/2017,1,1449.00
45641539,Bowflex Brand,Bowflex Max Trainer,Electronic - UnSourced,CAM16616 DEGBFBHG,Web,6/26/2017,7/1/2017,1,1449.00
45641539,Bowflex Brand,Bowflex Max Trainer,Electronic - UnSourced,CAM16616 DEGBFBHG,Web,6/26/2017,7/1/2017,0,169.00
45641539,Bowflex Brand,Bowflex Max Trainer,Electronic - UnSourced,CAM16616 DEGBFBHG,Web,6/26/2017,7/1/2017,0,169.00
45641639,Bowflex Max Trainer,Bowflex Max Trainer,Online Search,CAM45730 DOSG2ESL7,Web,6/26/2017,7/1/2017,1,1449.00
45641639,Bowflex Max Trainer,Treadclimber,Online Search,CAM45730 DOSG2ESL7,Web,6/26/2017,7/1/2017,0,99.00
45641640,Bowflex Brand,Bowflex Selecttech Dumbbells,Online Search,CAM31081 dosg2gl1,Web,6/26/2017,7/1/2017,0,228.99
45641640,Bowflex Brand,Bowflex Selecttech Dumbbells,Online Search,CAM31081 dosg2gl1,Web,6/26/2017,7/1/2017,1,728.99
45641640,Bowflex Brand,Bowflex Selecttech Dumbbells,Online Search,CAM31081 dosg2gl1,Web,6/26/2017,7/1/2017,0,158.99
45641840,Bowflex Brand,Bowflex Home Gyms,Electronic - UnSourced,CAM16616 DEGBFBHG,Web,6/26/2017,7/1/2017,1,1199.00
45642041,Bowflex Max Trainer,Bowflex Max Trainer,Online Shopping,CAM44887 dofg2efeed1,Web,6/26/2017,7/1/2017,1,1999.00
45642041,Bowflex Max Trainer,Bowflex Max Trainer,Online Shopping,CAM44887 dofg2efeed1,Web,6/26/2017,7/1/2017,0,209.00
45642041,Bowflex Max Trainer,Treadclimber,Online Shopping,CAM44887 dofg2efeed1,Web,6/26/2017,7/1/2017,0,.00
45642340,Bowflex Selecttech Dumbbells,Bowflex Selecttech Dumbbells,Online Search,CAM37428 dosg2dsl14,Web,6/26/2017,7/1/2017,1,355.40
45642340,Bowflex Selecttech Dumbbells,Bowflex Selecttech Dumbbells,Online Search,CAM37428 dosg2dsl14,Web,6/26/2017,7/1/2017,0,104.30
45642340,Bowflex Selecttech Dumbbells,Bowflex Selecttech Dumbbells,Online Search,CAM37428 dosg2dsl14,Web,6/26/2017,7/1/2017,0,139.29
45642440,Bowflex Brand,Bowflex HVT,Electronic - UnSourced,CAM16616 DEGBFBHG,Web,6/26/2017,7/1/2017,1,1799.00
45642640,Bowflex Brand,Bowflex Max Trainer,Online Search,CAM31081 dosg2gl1,Web,6/26/2017,7/1/2017,1,1999.00
45642640,Bowflex Brand,Treadclimber,Online Search,CAM31081 dosg2gl1,Web,6/26/2017,7/1/2017,0,.00
45642740,Bowflex Max Trainer,Bowflex Max Trainer,Short Form,CAM51222 BRNGN60*SOFTYTIC,Call Center Internal,6/26/2017,7/1/2017,1,1539.30
45642740,Bowflex Max Trainer,Bowflex Selecttech Dumbbells,Short Form,CAM51222 BRNGN60*SOFTYTIC,Call Center Internal,6/26/2017,7/1/2017,1,209.30
45642740,Bowflex Max Trainer,Treadclimber,Short Form,CAM51222 BRNGN60*SOFTYTIC,Call Center Internal,6/26/2017,7/1/2017,0,69.30
45642740,Bowflex Max Trainer,Bowflex Max Trainer,Short Form,CAM51222 BRNGN60*SOFTYTIC,Call Center Internal,6/26/2017,7/1/2017,0,169.00
45642740,Bowflex Max Trainer,Bowflex Max Trainer,Short Form,CAM51222 BRNGN60*SOFTYTIC,Call Center Internal,6/26/2017,7/1/2017,0,209.00
45642941,Bowflex Max Trainer,Bowflex Max Trainer,Electronic - Short Form,CAM45797 DSEESF14G,Web,6/26/2017,7/1/2017,1,1449.00
45643041,Bowflex Max Trainer,Bowflex HVT,Online Search,CAM44223 SAWDOSBIE,Call Center Internal,6/26/2017,7/1/2017,1,1799.00
45643041,Bowflex Max Trainer,Bowflex HVT,Online Search,CAM44223 SAWDOSBIE,Call Center Internal,6/26/2017,7/1/2017,0,139.00
45643041,Bowflex Max Trainer,Bowflex HVT,Online Search,CAM44223 SAWDOSBIE,Call Center Internal,6/26/2017,7/1/2017,0,249.00
45643042,Bowflex Brand,Treadclimber,Electronic - UnSourced,CAM16616 DEGBFBHG,Web,6/26/2017,7/1/2017,1,2399.00
45643043,Bowflex Brand,Bowflex Selecttech Dumbbells,Electronic - UnSourced,CAM16616 DEGBFBHG,Web,6/26/2017,7/1/2017,1,549.00
45643142,Bowflex Max Trainer,Bowflex Max Trainer,Online Search,CAM48984 DOSG2ESL11,Web,6/26/2017,7/1/2017,1,1999.00
45643142,Bowflex Max Trainer,Treadclimber,Online Search,CAM48984 DOSG2ESL11,Web,6/26/2017,7/1/2017,0,.00
45643142,Bowflex Max Trainer,Bowflex Max Trainer,Online Search,CAM48984 DOSG2ESL11,Web,6/26/2017,7/1/2017,0,169.00
45643242,Bowflex Brand,Bowflex Max Trainer,Online Search,CAM39441 dosbigl1,Web,6/26/2017,7/1/2017,1,999.00
45643342,Bowflex Max Trainer,Bowflex Max Trainer,Online Search,CAM44497 dosg2esl1,Web,6/26/2017,7/1/2017,1,999.00
45643342,Bowflex Max Trainer,Bowflex Max Trainer,Online Search,CAM44497 dosg2esl1,Web,6/26/2017,7/1/2017,0,169.00
45643442,Bowflex Max Trainer,Bowflex Max Trainer,Electronic - Short Form,CAM45798 DSEESF14H,Web,6/26/2017,7/1/2017,1,1449.00
45643542,Bowflex Brand,Bowflex Max Trainer,Electronic - UnSourced,CAM16616 DEGBFBHG,Web,6/26/2017,7/1/2017,1,1449.00
45643642,Bowflex Brand,Treadclimber,Electronic - UnSourced,CAM16616 DEGBFBHG,Web,6/26/2017,7/1/2017,0,108.99
45643843,Bowflex Max Trainer,Bowflex Max Trainer,Online Shopping,CAM44948 dofbiefeed1,Web,6/26/2017,7/1/2017,1,1449.00
45643942,Bowflex Brand,Bowflex Max Trainer,Electronic - UnSourced,CAM16616 DEGBFBHG,Web,6/26/2017,7/1/2017,1,1999.00
45643942,Bowflex Brand,Treadclimber,Electronic - UnSourced,CAM16616 DEGBFBHG,Web,6/26/2017,7/1/2017,0,.00
45644042,Bowflex Selecttech Dumbbells,Bowflex Selecttech Dumbbells,Online Shopping,CAM32061 dofg2dfeed1,Web,6/26/2017,7/1/2017,1,249.00
45644142,Treadclimber,Treadclimber,Online Shopping,CAM32123 dofg2tfeed1,Web,6/26/2017,7/1/2017,1,1599.00
45644442,Bowflex Max Trainer,Bowflex Max Trainer,Online Search,CAM44497 dosg2esl1,Web,6/26/2017,7/1/2017,1,1449.00
45644442,Bowflex Max Trainer,Bowflex Max Trainer,Online Search,CAM44497 dosg2esl1,Web,6/26/2017,7/1/2017,0,129.00
45644442,Bowflex Max Trainer,Bowflex Max Trainer,Online Search,CAM44497 dosg2esl1,Web,6/26/2017,7/1/2017,0,169.00
45644542,Bowflex HVT,Bowflex HVT,Electronic - Short Form,CAM50958 DSEHSF17A,Web,6/26/2017,7/1/2017,1,1799.00
45644742,Bowflex Max Trainer,Bowflex Max Trainer,Online Search,CAM44497 dosg2esl1,Web,6/26/2017,7/1/2017,1,1999.00
45644742,Bowflex Max Trainer,Treadclimber,Online Search,CAM44497 dosg2esl1,Web,6/26/2017,7/1/2017,0,.00
45644842,Bowflex Max Trainer,Bowflex Max Trainer,Electronic - Short Form,CAM45798 DSEESF14H,Web,6/26/2017,7/1/2017,1,1999.00
45644842,Bowflex Max Trainer,Treadclimber,Electronic - Short Form,CAM45798 DSEESF14H,Web,6/26/2017,7/1/2017,0,.00
45644942,Bowflex Max Trainer,Bowflex Max Trainer,Online Shopping,CAM44887 dofg2efeed1,Web,6/26/2017,7/1/2017,1,1449.00
45645142,Bowflex Max Trainer,Bowflex Max Trainer,Online Shopping,CAM44887 dofg2efeed1,Web,6/26/2017,7/1/2017,1,1449.00
45645442,Bowflex Brand,Bowflex Max Trainer,Electronic - UnSourced,CAM16616 DEGBFBHG,Web,6/26/2017,7/1/2017,1,1449.00
45645742,Bowflex Max Trainer,Bowflex Max Trainer,Online Display,CAM50256 DODG2EDL1,Web,6/26/2017,7/1/2017,1,1999.00
45645742,Bowflex Max Trainer,Treadclimber,Online Display,CAM50256 DODG2EDL1,Web,6/26/2017,7/1/2017,0,.00
45645742,Bowflex Max Trainer,Bowflex Max Trainer,Online Display,CAM50256 DODG2EDL1,Web,6/26/2017,7/1/2017,0,169.00
45645842,Bowflex Brand,Bowflex Selecttech Dumbbells,Electronic - UnSourced,CAM16616 DEGBFBHG,Web,6/26/2017,7/1/2017,0,139.30
45645842,Bowflex Brand,Bowflex Selecttech Dumbbells,Electronic - UnSourced,CAM16616 DEGBFBHG,Web,6/26/2017,7/1/2017,0,104.30
45645842,Bowflex Brand,Bowflex Selecttech Dumbbells,Electronic - UnSourced,CAM16616 DEGBFBHG,Web,6/26/2017,7/1/2017,1,355.40
45646242,Bowflex Brand,Bowflex Max Trainer,Online Search,CAM31081 dosg2gl1,Web,6/26/2017,7/1/2017,1,1449.00
45646642,Bowflex Max Trainer,Bowflex Max Trainer,Online Search,CAM44429 dosbiesl1,Web,6/26/2017,7/2/2017,1,1999.00
45646642,Bowflex Max Trainer,Treadclimber,Online Search,CAM44429 dosbiesl1,Web,6/26/2017,7/2/2017,0,.00
45646742,Bowflex Brand,Bowflex Max Trainer,Electronic - UnSourced,CAM16616 DEGBFBHG,Web,6/26/2017,7/2/2017,1,1449.00
45647042,Bowflex Brand,Bowflex Max Trainer,Online Search,CAM31081 dosg2gl1,Web,6/26/2017,7/2/2017,1,1449.00
45647042,Bowflex Brand,Bowflex Home Gyms,Online Search,CAM31081 dosg2gl1,Web,6/26/2017,7/2/2017,0,13.99
45647142,Bowflex Brand,Results Treadmill,Online Search,CAM39441 dosbigl1,Web,6/26/2017,7/2/2017,0,1799.00
45647142,Bowflex Brand,Results Treadmill,Online Search,CAM39441 dosbigl1,Web,6/26/2017,7/2/2017,0,199.00
45647242,Bowflex Selecttech Dumbbells,Bowflex Selecttech Dumbbells,Online Search,CAM37428 dosg2dsl14,Web,6/26/2017,7/2/2017,1,499.00
45647342,Bowflex Max Trainer,Bowflex Max Trainer,Electronic - Short Form,CAM45798 DSEESF14H,Web,6/26/2017,7/2/2017,1,1999.00
45647342,Bowflex Max Trainer,Bowflex Max Trainer,Electronic - Short Form,CAM45798 DSEESF14H,Web,6/26/2017,7/2/2017,0,209.00
45647342,Bowflex Max Trainer,Treadclimber,Electronic - Short Form,CAM45798 DSEESF14H,Web,6/26/2017,7/2/2017,0,.00
45647342,Bowflex Max Trainer,Bowflex Max Trainer,Electronic - Short Form,CAM45798 DSEESF14H,Web,6/26/2017,7/2/2017,0,169.00
45647442,Bowflex Max Trainer,Bowflex Max Trainer,Online Shopping,CAM44887 dofg2efeed1,Web,6/26/2017,7/2/2017,1,1449.00
45647542,Bowflex Brand,Bowflex HVT,Electronic - UnSourced,CAM16616 DEGBFBHG,Web,6/26/2017,7/2/2017,1,1799.00
45647642,Bowflex Max Trainer,Bowflex Max Trainer,Online Shopping,CAM44887 dofg2efeed1,Web,6/26/2017,7/2/2017,1,1449.00
45647742,Bowflex Max Trainer,Bowflex Max Trainer,Online Display,CAM45910 DODADCEDL3,Web,6/26/2017,7/2/2017,1,1449.00
45647842,Bowflex Max Trainer,Bowflex Max Trainer,Online Shopping,CAM44887 dofg2efeed1,Web,6/26/2017,7/2/2017,1,1449.00
45648143,Bowflex Max Trainer,Bowflex Max Trainer,Online Search,CAM45730 DOSG2ESL7,Web,6/26/2017,7/2/2017,1,1449.00
45648443,Bowflex Selecttech Dumbbells,Bowflex Selecttech Dumbbells,Online Display,CAM34643 dodg2ddl1,Web,6/26/2017,7/2/2017,0,104.30
45648443,Bowflex Selecttech Dumbbells,Bowflex Selecttech Dumbbells,Online Display,CAM34643 dodg2ddl1,Web,6/26/2017,7/2/2017,0,139.30
45648443,Bowflex Selecttech Dumbbells,Bowflex Selecttech Dumbbells,Online Display,CAM34643 dodg2ddl1,Web,6/26/2017,7/2/2017,1,355.39
45648543,Bowflex Brand,Bowflex Max Trainer,Electronic - UnSourced,CAM16616 DEGBFBHG,Web,6/26/2017,7/2/2017,1,2349.00
45648543,Bowflex Brand,Bowflex HVT,Electronic - UnSourced,CAM16616 DEGBFBHG,Web,6/26/2017,7/2/2017,1,1999.00
45648543,Bowflex Brand,Treadclimber,Electronic - UnSourced,CAM16616 DEGBFBHG,Web,6/26/2017,7/2/2017,0,108.99
45648543,Bowflex Brand,Bowflex HVT,Electronic - UnSourced,CAM16616 DEGBFBHG,Web,6/26/2017,7/2/2017,0,108.99
45648746,Bowflex Brand,Bowflex Home Gyms,Online Search,CAM31081 dosg2gl1,Web,6/26/2017,7/2/2017,1,1199.00
45649046,Bowflex Home Gyms,Bowflex Max Trainer,Un-Sourced,CAM28157 SALESFOLLOWUP,Call Center Internal,6/26/2017,7/2/2017,1,1449.00
45649046,Bowflex Home Gyms,Bowflex Max Trainer,Un-Sourced,CAM28157 SALESFOLLOWUP,Call Center Internal,6/26/2017,7/2/2017,0,169.00
45649047,Bowflex Selecttech Dumbbells,Bowflex Selecttech Dumbbells,Un-Sourced,CAM40819 1800SELECTTECH,Call Center Internal,6/26/2017,7/2/2017,1,399.00
45649047,Bowflex Selecttech Dumbbells,Bowflex Catalog,Un-Sourced,CAM40819 1800SELECTTECH,Call Center Internal,6/26/2017,7/2/2017,0,49.99
45649048,Bowflex Home Gyms,Results Treadmill,Un-Sourced,CAM40821 1800BOWFLEX,Call Center Internal,6/26/2017,7/2/2017,0,1799.00
45649149,Bowflex HVT,Bowflex HVT,Online Display,CAM50802 DODG2HDL2,Web,6/26/2017,7/2/2017,1,1749.00
45649149,Bowflex HVT,Bowflex HVT,Online Display,CAM50802 DODG2HDL2,Web,6/26/2017,7/2/2017,0,249.00
45649249,Bowflex Selecttech Dumbbells,Bowflex Selecttech Dumbbells,Online Search,CAM37148 dosg2dsl12,Web,6/26/2017,7/2/2017,1,549.00
45649349,Bowflex Max Trainer,Bowflex Max Trainer,Online Search,CAM44223 SAWDOSBIE,Call Center Internal,6/26/2017,7/2/2017,2,1998.00
45649350,Bowflex Max Trainer,Bowflex Max Trainer,Online Shopping,CAM44887 dofg2efeed1,Web,6/26/2017,7/2/2017,1,999.00
45649351,Bowflex Home Gyms,Bowflex Home Gyms,Online Shopping,CAM32062 dofg2gfeed1,Web,6/26/2017,7/2/2017,1,1199.00
45649450,Bowflex Max Trainer,Bowflex Max Trainer,Online Search,CAM44497 dosg2esl1,Web,6/26/2017,7/2/2017,1,1449.00
45649551,Bowflex Brand,Bowflex Max Trainer,Electronic - UnSourced,CAM16616 DEGBFBHG,Web,6/26/2017,7/2/2017,1,1999.00
45649551,Bowflex Brand,Treadclimber,Electronic - UnSourced,CAM16616 DEGBFBHG,Web,6/26/2017,7/2/2017,0,.00
45649650,Bowflex Brand,Bowflex Home Gyms,Electronic - UnSourced,CAM16616 DEGBFBHG,Web,6/26/2017,7/2/2017,1,1199.00
45649950,Bowflex Max Trainer,Bowflex Max Trainer,Online Search,CAM44497 dosg2esl1,Web,6/26/2017,7/2/2017,1,1999.00
45649950,Bowflex Max Trainer,Bowflex Max Trainer,Online Search,CAM44497 dosg2esl1,Web,6/26/2017,7/2/2017,0,209.00
45649950,Bowflex Max Trainer,Treadclimber,Online Search,CAM44497 dosg2esl1,Web,6/26/2017,7/2/2017,0,.00
45650050,Bowflex Brand,Bowflex Max Trainer,Online Search,CAM31081 dosg2gl1,Web,6/26/2017,7/2/2017,1,1449.00
45650250,Bowflex Brand,Bowflex HVT,Online Search,CAM39441 dosbigl1,Web,6/26/2017,7/2/2017,1,1799.00
45650350,Bowflex Brand,Bowflex Selecttech Dumbbells,Electronic - UnSourced,CAM16616 DEGBFBHG,Web,6/26/2017,7/2/2017,1,355.40
45650350,Bowflex Brand,Bowflex Selecttech Dumbbells,Electronic - UnSourced,CAM16616 DEGBFBHG,Web,6/26/2017,7/2/2017,0,139.30
45650350,Bowflex Brand,Bowflex Selecttech Dumbbells,Electronic - UnSourced,CAM16616 DEGBFBHG,Web,6/26/2017,7/2/2017,0,104.30
45650450,Bowflex Brand,Bowflex Max Trainer,Electronic - UnSourced,CAM16616 DEGBFBHG,Web,6/26/2017,7/2/2017,1,1449.00
45650450,Bowflex Brand,Bowflex Max Trainer,Electronic - UnSourced,CAM16616 DEGBFBHG,Web,6/26/2017,7/2/2017,0,129.00
45650851,Bowflex HVT,Bowflex HVT,Online Search,CAM50810 DOSG2HSL1,Web,6/26/2017,7/2/2017,1,1799.00
45650951,Bowflex Brand,Bowflex Selecttech Dumbbells,Electronic - UnSourced,CAM16616 DEGBFBHG,Web,6/26/2017,7/2/2017,1,299.00
45651051,Treadclimber,Treadclimber,Online Shopping,CAM32123 dofg2tfeed1,Call Center Internal,6/26/2017,7/2/2017,1,1599.00
45651051,Treadclimber,Treadclimber,Online Shopping,CAM32123 dofg2tfeed1,Call Center Internal,6/26/2017,7/2/2017,0,199.00
45651052,Bowflex Brand,Bowflex Max Trainer,Online Search,CAM31081 dosg2gl1,Web,6/26/2017,7/2/2017,1,999.00
45651052,Bowflex Brand,Bowflex Max Trainer,Online Search,CAM31081 dosg2gl1,Web,6/26/2017,7/2/2017,0,169.00
45651152,Bowflex Brand,Bowflex Body,Electronic - UnSourced,CAM16616 DEGBFBHG,Web,6/26/2017,7/2/2017,0,12.90
45651252,Bowflex Brand,Bowflex Selecttech Dumbbells,Online Search,CAM39441 dosbigl1,Web,6/26/2017,7/2/2017,1,299.00
45651253,Bowflex Max Trainer,Bowflex Max Trainer,Online Search,CAM44497 dosg2esl1,Web,6/26/2017,7/2/2017,1,1449.00
45651452,Bowflex Brand,Bowflex Max Trainer,Online Search,CAM49688 SAWDOSBI,Call Center Internal,6/26/2017,7/2/2017,1,999.00
45651452,Bowflex Brand,Bowflex Max Trainer,Online Search,CAM49688 SAWDOSBI,Call Center Internal,6/26/2017,7/2/2017,0,79.00
45651453,Bowflex Max Trainer,Bowflex Max Trainer,Online Shopping,CAM44887 dofg2efeed1,Web,6/26/2017,7/2/2017,1,1449.00
45651453,Bowflex Max Trainer,Bowflex Max Trainer,Online Shopping,CAM44887 dofg2efeed1,Web,6/26/2017,7/2/2017,0,169.00
45651553,Bowflex Max Trainer,Bowflex Max Trainer,Online Search,CAM44497 dosg2esl1,Web,6/26/2017,7/2/2017,1,1999.00
45651553,Bowflex Max Trainer,Treadclimber,Online Search,CAM44497 dosg2esl1,Web,6/26/2017,7/2/2017,0,.00
45651553,Bowflex Max Trainer,Bowflex Max Trainer,Online Search,CAM44497 dosg2esl1,Web,6/26/2017,7/2/2017,0,169.00
45651653,Bowflex Max Trainer,Bowflex Max Trainer,Online Search,CAM45732 DOSBIESL7,Web,6/26/2017,7/2/2017,1,1449.00
45651753,Bowflex Max Trainer,Bowflex Max Trainer,Short Form,CAM51221 LAFFN60*SOFTYTIC,Call Center Internal,6/26/2017,7/2/2017,1,1999.00
45651753,Bowflex Max Trainer,Treadclimber,Short Form,CAM51221 LAFFN60*SOFTYTIC,Call Center Internal,6/26/2017,7/2/2017,0,.00
45651754,Bowflex Brand,Bowflex Max Trainer,Electronic - UnSourced,CAM16616 DEGBFBHG,Web,6/26/2017,7/2/2017,1,1449.00
45651755,Bowflex Brand,Results Treadmill,Electronic - UnSourced,CAM16616 DEGBFBHG,Web,6/26/2017,7/2/2017,0,1598.00
45651854,Bowflex Brand,Bowflex Max Trainer,Electronic - UnSourced,CAM16616 DEGBFBHG,Web,6/26/2017,7/2/2017,1,1449.00
45652054,Bowflex Max Trainer,Bowflex Max Trainer,Un-Sourced,CAM45327 1800MAXTRAINER,Call Center Internal,6/26/2017,7/2/2017,1,1449.00
45652055,Bowflex HVT,Bowflex HVT,Online Shopping,CAM50808 DOFG2HFEED1,Web,6/26/2017,7/2/2017,1,1799.00
45652155,Bowflex Max Trainer,Bowflex Max Trainer,Short Form,CAM50969 ANMLN60*MXMEMTIC,Call Center Internal,6/26/2017,7/2/2017,1,1449.00
45652155,Bowflex Max Trainer,Bowflex Max Trainer,Short Form,CAM50969 ANMLN60*MXMEMTIC,Call Center Internal,6/26/2017,7/2/2017,0,169.00
45652157,Bowflex Brand,Bowflex Home Gyms,Online Search,CAM31081 dosg2gl1,Web,6/26/2017,7/2/2017,1,1199.00
45652256,Bowflex Brand,Bowflex HVT,Electronic - UnSourced,CAM16616 DEGBFBHG,Web,6/26/2017,7/2/2017,1,1799.00
45652356,Bowflex Home Gyms,Bowflex HVT,Un-Sourced,CAM40821 1800BOWFLEX,Call Center Internal,6/26/2017,7/2/2017,1,1259.30
45652357,Bowflex Selecttech Dumbbells,Bowflex Selecttech Dumbbells,Online Search,CAM37432 dosg2dsl18,Web,6/26/2017,7/2/2017,1,549.00
45652558,Bowflex Max Trainer,Bowflex Max Trainer,Online Search,CAM44429 dosbiesl1,Web,6/26/2017,7/2/2017,1,1449.00
45652558,Bowflex Max Trainer,Bowflex Max Trainer,Online Search,CAM44429 dosbiesl1,Web,6/26/2017,7/2/2017,0,169.00
45652659,Treadclimber,Treadclimber,Online Search,CAM48472 DOSG2TSL38,Web,6/26/2017,7/2/2017,1,1599.00
45652858,Bowflex Brand,Bowflex Max Trainer,Electronic - UnSourced,CAM16616 DEGBFBHG,Web,6/26/2017,7/2/2017,1,1999.00
45652858,Bowflex Brand,Treadclimber,Electronic - UnSourced,CAM16616 DEGBFBHG,Web,6/26/2017,7/2/2017,0,.00
45652958,Bowflex Brand,Bowflex Max Trainer,Electronic - UnSourced,CAM16616 DEGBFBHG,Web,6/26/2017,7/2/2017,1,1749.00
45653058,Bowflex Home Gyms,Bowflex HVT,Un-Sourced,CAM40821 1800BOWFLEX,Call Center Internal,6/26/2017,7/2/2017,0,108.99
45653059,Bowflex Brand,Bowflex Max Trainer,Electronic - UnSourced,CAM16616 DEGBFBHG,Call Center Internal,6/26/2017,7/2/2017,1,1449.00
45653059,Bowflex Brand,Bowflex Max Trainer,Electronic - UnSourced,CAM16616 DEGBFBHG,Call Center Internal,6/26/2017,7/2/2017,0,169.00
45653059,Bowflex Brand,Bowflex Max Trainer,Electronic - UnSourced,CAM16616 DEGBFBHG,Call Center Internal,6/26/2017,7/2/2017,0,169.00
45653059,Bowflex Brand,Treadclimber,Electronic - UnSourced,CAM16616 DEGBFBHG,Call Center Internal,6/26/2017,7/2/2017,0,99.00
45653263,Bowflex Brand,Bowflex Selecttech Dumbbells,Electronic - UnSourced,CAM16616 DEGBFBHG,Web,6/26/2017,7/2/2017,0,104.30
45653263,Bowflex Brand,Bowflex Selecttech Dumbbells,Electronic - UnSourced,CAM16616 DEGBFBHG,Web,6/26/2017,7/2/2017,1,355.40
45653263,Bowflex Brand,Bowflex Selecttech Dumbbells,Electronic - UnSourced,CAM16616 DEGBFBHG,Web,6/26/2017,7/2/2017,0,69.00
45653263,Bowflex Brand,Bowflex Selecttech Dumbbells,Electronic - UnSourced,CAM16616 DEGBFBHG,Web,6/26/2017,7/2/2017,0,139.29
45653363,Bowflex Max Trainer,Bowflex Max Trainer,Online Search,CAM45730 DOSG2ESL7,Web,6/26/2017,7/2/2017,1,1449.00
45653463,Treadclimber,Treadclimber,Online Shopping,CAM32123 dofg2tfeed1,Web,6/26/2017,7/2/2017,1,1599.00
45653463,Treadclimber,Treadclimber,Online Shopping,CAM32123 dofg2tfeed1,Web,6/26/2017,7/2/2017,0,149.00
45653563,Bowflex Max Trainer,Bowflex Max Trainer,Short Form,CAM51236 FOXNN60*SOFTYTIC,Call Center Internal,6/26/2017,7/2/2017,1,1449.00
45653563,Bowflex Max Trainer,Bowflex Max Trainer,Short Form,CAM51236 FOXNN60*SOFTYTIC,Call Center Internal,6/26/2017,7/2/2017,0,169.00
45653563,Bowflex Max Trainer,Treadclimber,Short Form,CAM51236 FOXNN60*SOFTYTIC,Call Center Internal,6/26/2017,7/2/2017,0,.00
45653665,Bowflex Brand,Treadclimber,Electronic - UnSourced,CAM16616 DEGBFBHG,Web,6/26/2017,7/2/2017,1,1599.00
45653665,Bowflex Brand,Treadclimber,Electronic - UnSourced,CAM16616 DEGBFBHG,Web,6/26/2017,7/2/2017,0,249.00
45653765,Bowflex Max Trainer,Bowflex Max Trainer,Electronic - Short Form,CAM45798 DSEESF14H,Web,6/26/2017,7/2/2017,1,1449.00
45653865,Bowflex Max Trainer,Bowflex Max Trainer,Online Search,CAM45729 DOSG2ESL6,Web,6/26/2017,7/2/2017,1,999.00
45653865,Bowflex Max Trainer,Bowflex Max Trainer,Online Search,CAM45729 DOSG2ESL6,Web,6/26/2017,7/2/2017,0,109.00
45653965,Bowflex Home Gyms,Bowflex Selecttech Dumbbells,Electronic - Short Form,CAM27401 DEFAULTADID,Call Center Internal,6/26/2017,7/2/2017,1,349.30
45653965,Bowflex Home Gyms,Bowflex Selecttech Dumbbells,Electronic - Short Form,CAM27401 DEFAULTADID,Call Center Internal,6/26/2017,7/2/2017,0,104.30
45653965,Bowflex Home Gyms,Bowflex Selecttech Dumbbells,Electronic - Short Form,CAM27401 DEFAULTADID,Call Center Internal,6/26/2017,7/2/2017,0,139.30
45654066,Bowflex Max Trainer,Bowflex Max Trainer,Online Search,CAM44497 dosg2esl1,Web,6/26/2017,7/2/2017,1,1999.00
45654066,Bowflex Max Trainer,Treadclimber,Online Search,CAM44497 dosg2esl1,Web,6/26/2017,7/2/2017,0,.00
45654266,Bowflex Home Gyms,Bowflex Revolution,Online Shopping,CAM32080 SAWDOFG2G,Call Center Internal,6/26/2017,7/2/2017,1,2599.00
45654266,Bowflex Home Gyms,Bowflex Home Gyms,Online Shopping,CAM32080 SAWDOFG2G,Call Center Internal,6/26/2017,7/2/2017,0,99.00
45654267,Bowflex Home Gyms,Bowflex Max Trainer,Un-Sourced,CAM40821 1800BOWFLEX,Call Center Internal,6/26/2017,7/2/2017,1,1449.00
45654268,Bowflex Home Gyms,Bowflex Selecttech Dumbbells,Un-Sourced,CAM40821 1800BOWFLEX,Call Center Internal,6/26/2017,7/2/2017,1,355.40
45654268,Bowflex Home Gyms,Bowflex Selecttech Dumbbells,Un-Sourced,CAM40821 1800BOWFLEX,Call Center Internal,6/26/2017,7/2/2017,0,104.30
45654268,Bowflex Home Gyms,Bowflex Selecttech Dumbbells,Un-Sourced,CAM40821 1800BOWFLEX,Call Center Internal,6/26/2017,7/2/2017,0,139.30
45654369,Bowflex Brand,Bowflex Max Trainer,Electronic - UnSourced,CAM16616 DEGBFBHG,Web,6/26/2017,7/2/2017,1,1328.00
45654471,Bowflex Max Trainer,Bowflex Max Trainer,Online Search,CAM44567 dosg2esl3,Web,6/26/2017,7/2/2017,1,1999.00
45654471,Bowflex Max Trainer,Treadclimber,Online Search,CAM44567 dosg2esl3,Web,6/26/2017,7/2/2017,0,.00
45654571,Bowflex Brand,Bowflex Selecttech Dumbbells,Electronic - UnSourced,CAM16616 DEGBFBHG,Web,6/26/2017,7/2/2017,1,249.00
45654571,Bowflex Brand,Bowflex Selecttech Dumbbells,Electronic - UnSourced,CAM16616 DEGBFBHG,Web,6/26/2017,7/2/2017,0,29.00
45654571,Bowflex Brand,Bowflex Selecttech Dumbbells,Electronic - UnSourced,CAM16616 DEGBFBHG,Web,6/26/2017,7/2/2017,0,139.00
45654672,Bowflex Max Trainer,Bowflex Max Trainer,Un-Sourced,CAM45327 1800MAXTRAINER,Call Center Internal,6/26/2017,7/2/2017,1,1871.34
45654672,Bowflex Max Trainer,Treadclimber,Un-Sourced,CAM45327 1800MAXTRAINER,Call Center Internal,6/26/2017,7/2/2017,0,.00
45654674,Bowflex Brand,Treadclimber,Electronic - UnSourced,CAM16616 DEGBFBHG,Web,6/26/2017,7/2/2017,0,.00
45654674,Bowflex Brand,Bowflex Max Trainer,Electronic - UnSourced,CAM16616 DEGBFBHG,Web,6/26/2017,7/2/2017,1,1999.00
45654774,Bowflex Brand,Bowflex Max Trainer,Electronic - UnSourced,CAM16616 DEGBFBHG,Web,6/26/2017,7/2/2017,1,1449.00
45654874,Bowflex Brand,Bowflex Max Trainer,Online Search,CAM31081 dosg2gl1,Web,6/26/2017,7/2/2017,1,1449.00
45655074,Bowflex Brand,Bowflex Home Gyms,Online Search,CAM30755 dosg2gsl1,Web,6/26/2017,7/2/2017,0,23.98
45655174,Bowflex Brand,Bowflex Max Trainer,Electronic - UnSourced,CAM16616 DEGBFBHG,Web,6/26/2017,7/2/2017,1,1999.00
45655174,Bowflex Brand,Treadclimber,Electronic - UnSourced,CAM16616 DEGBFBHG,Web,6/26/2017,7/2/2017,0,.00
45655474,Bowflex Max Trainer,Bowflex Max Trainer,Electronic - Short Form,CAM45798 DSEESF14H,Web,6/26/2017,7/2/2017,1,1449.00
45655474,Bowflex Max Trainer,Bowflex Max Trainer,Electronic - Short Form,CAM45798 DSEESF14H,Web,6/26/2017,7/2/2017,0,169.00
45655574,Bowflex Brand,Bowflex Max Trainer,Electronic - UnSourced,CAM16616 DEGBFBHG,Web,6/26/2017,7/2/2017,1,999.00
45655674,Bowflex HVT,Bowflex HVT,Online Search,CAM50811 DOSBIHSL1,Web,6/26/2017,7/2/2017,1,1999.00
45655774,Bowflex Brand,Bowflex Max Trainer,Online Social,CAM50566 DOXFBBSCL001,Web,6/26/2017,7/2/2017,1,999.00
45655774,Bowflex Brand,Bowflex Max Trainer,Online Social,CAM50566 DOXFBBSCL001,Web,6/26/2017,7/2/2017,0,79.00
45655774,Bowflex Brand,Treadclimber,Online Social,CAM50566 DOXFBBSCL001,Web,6/26/2017,7/2/2017,0,99.00
45655774,Bowflex Brand,Bowflex Max Trainer,Online Social,CAM50566 DOXFBBSCL001,Web,6/26/2017,7/2/2017,0,169.00
45655875,Bowflex Home Gyms,Bowflex Max Trainer,Online Shopping,CAM32080 SAWDOFG2G,Call Center Internal,6/26/2017,7/2/2017,1,1449.00
45655876,Bowflex Brand,Bowflex Max Trainer,Online Search,CAM31081 dosg2gl1,Web,6/26/2017,7/2/2017,1,1449.00
45655976,Bowflex Max Trainer,Bowflex Max Trainer,Online Search,CAM44497 dosg2esl1,Web,6/26/2017,7/2/2017,1,999.00
45655976,Bowflex Max Trainer,Bowflex Max Trainer,Online Search,CAM44497 dosg2esl1,Web,6/26/2017,7/2/2017,0,79.00
45655976,Bowflex Max Trainer,Bowflex Max Trainer,Online Search,CAM44497 dosg2esl1,Web,6/26/2017,7/2/2017,0,169.00
45656076,Bowflex Brand,Bowflex Catalog,Online Search,CAM31081 dosg2gl1,Web,6/26/2017,7/2/2017,0,59.98
45656176,Bowflex Max Trainer,Bowflex Max Trainer,Online Display,CAM50256 DODG2EDL1,Web,6/26/2017,7/2/2017,1,1999.00
45656176,Bowflex Max Trainer,Bowflex Max Trainer,Online Display,CAM50256 DODG2EDL1,Web,6/26/2017,7/2/2017,0,209.00
45656176,Bowflex Max Trainer,Treadclimber,Online Display,CAM50256 DODG2EDL1,Web,6/26/2017,7/2/2017,0,.00
45656176,Bowflex Max Trainer,Bowflex Max Trainer,Online Display,CAM50256 DODG2EDL1,Web,6/26/2017,7/2/2017,0,169.00
45656376,Bowflex Max Trainer,Bowflex Max Trainer,Electronic - Short Form,CAM45798 DSEESF14H,Call Center Internal,6/26/2017,7/2/2017,1,1549.00
45656376,Bowflex Max Trainer,Bowflex Max Trainer,Electronic - Short Form,CAM45798 DSEESF14H,Call Center Internal,6/26/2017,7/2/2017,0,169.00
45656377,Bowflex Brand,Treadclimber,Electronic - UnSourced,CAM49450 BOWWEB800,Call Center Internal,6/26/2017,7/2/2017,1,2999.00
45656377,Bowflex Brand,Treadclimber,Electronic - UnSourced,CAM49450 BOWWEB800,Call Center Internal,6/26/2017,7/2/2017,0,199.00
45656377,Bowflex Brand,Treadclimber,Electronic - UnSourced,CAM49450 BOWWEB800,Call Center Internal,6/26/2017,7/2/2017,0,14.99
45656377,Bowflex Brand,Treadclimber,Electronic - UnSourced,CAM49450 BOWWEB800,Call Center Internal,6/26/2017,7/2/2017,0,249.00
45656377,Bowflex Brand,Treadclimber,Electronic - UnSourced,CAM49450 BOWWEB800,Call Center Internal,6/26/2017,7/2/2017,0,.00
45656378,Bowflex Max Trainer,Bowflex Max Trainer,Online Shopping,CAM44887 dofg2efeed1,Web,6/26/2017,7/2/2017,1,999.00
45656478,Bowflex Max Trainer,Bowflex Max Trainer,Online Search,CAM48984 DOSG2ESL11,Web,6/26/2017,7/2/2017,1,1999.00
45656478,Bowflex Max Trainer,Bowflex Max Trainer,Online Search,CAM48984 DOSG2ESL11,Web,6/26/2017,7/2/2017,0,209.00
45656478,Bowflex Max Trainer,Treadclimber,Online Search,CAM48984 DOSG2ESL11,Web,6/26/2017,7/2/2017,0,.00
45656478,Bowflex Max Trainer,Bowflex Max Trainer,Online Search,CAM48984 DOSG2ESL11,Web,6/26/2017,7/2/2017,0,169.00
45656678,Bowflex Brand,Bowflex Home Gyms,Electronic - UnSourced,CAM16616 DEGBFBHG,Web,6/26/2017,7/2/2017,0,109.99
45657078,Bowflex Max Trainer,Bowflex Max Trainer,Electronic - Short Form,CAM45798 DSEESF14H,Web,6/26/2017,7/2/2017,1,1449.00
45657078,Bowflex Max Trainer,Bowflex Max Trainer,Electronic - Short Form,CAM45798 DSEESF14H,Web,6/26/2017,7/2/2017,0,169.00
45657278,Bowflex Brand,Bowflex Max Trainer,Electronic - UnSourced,CAM16616 DEGBFBHG,Web,6/26/2017,7/2/2017,1,999.00
45657278,Bowflex Brand,Bowflex Max Trainer,Electronic - UnSourced,CAM16616 DEGBFBHG,Web,6/26/2017,7/2/2017,0,109.00
45657278,Bowflex Brand,Bowflex Max Trainer,Electronic - UnSourced,CAM16616 DEGBFBHG,Web,6/26/2017,7/2/2017,0,169.00
45657279,Bowflex Brand,Bowflex Home Gyms,Online Search,CAM39441 dosbigl1,Web,6/26/2017,7/2/2017,0,109.99
45657378,Bowflex Brand,Bowflex Revolution,Online Search,CAM31081 dosg2gl1,Web,6/26/2017,7/2/2017,0,238.99
45657478,Bowflex Max Trainer,Bowflex Max Trainer,Short Form,CAM48754 JUSTN120J14FSTIC,Call Center Internal,6/26/2017,7/2/2017,1,1999.00
45657478,Bowflex Max Trainer,Treadclimber,Short Form,CAM48754 JUSTN120J14FSTIC,Call Center Internal,6/26/2017,7/2/2017,0,.00
45657478,Bowflex Max Trainer,Bowflex Max Trainer,Short Form,CAM48754 JUSTN120J14FSTIC,Call Center Internal,6/26/2017,7/2/2017,0,209.00
45657479,Bowflex Max Trainer,Bowflex Max Trainer,Online Shopping,CAM44948 dofbiefeed1,Web,6/26/2017,7/2/2017,1,1999.00
45657479,Bowflex Max Trainer,Treadclimber,Online Shopping,CAM44948 dofbiefeed1,Web,6/26/2017,7/2/2017,0,.00
45657579,Bowflex Brand,Bowflex HVT,Electronic - UnSourced,CAM16616 DEGBFBHG,Web,6/26/2017,7/2/2017,1,1799.00
45657780,Bowflex Max Trainer,Bowflex Max Trainer,Online Search,CAM48984 DOSG2ESL11,Web,6/26/2017,7/2/2017,1,1999.00
45657780,Bowflex Max Trainer,Treadclimber,Online Search,CAM48984 DOSG2ESL11,Web,6/26/2017,7/2/2017,0,.00
45658079,Bowflex Brand,Bowflex HVT,Electronic - UnSourced,CAM16616 DEGBFBHG,Web,6/26/2017,7/2/2017,1,1799.00
45658179,Bowflex Max Trainer,Bowflex Max Trainer,Online Search,CAM45730 DOSG2ESL7,Web,6/26/2017,7/2/2017,1,1449.00
45658279,Bowflex Brand,Bowflex Max Trainer,Online Search,CAM31081 dosg2gl1,Web,6/26/2017,7/2/2017,1,1999.00
45658279,Bowflex Brand,Treadclimber,Online Search,CAM31081 dosg2gl1,Web,6/26/2017,7/2/2017,0,.00
45658379,Bowflex Max Trainer,Bowflex Max Trainer,Un-Sourced,CAM45327 1800MAXTRAINER,Call Center Internal,6/26/2017,7/2/2017,1,999.00
45658379,Bowflex Max Trainer,Bowflex Max Trainer,Un-Sourced,CAM45327 1800MAXTRAINER,Call Center Internal,6/26/2017,7/2/2017,0,79.00
45658680,Bowflex Max Trainer,Bowflex Max Trainer,Online Display,CAM45900 SAWDODADCE,Call Center Internal,6/26/2017,7/2/2017,1,1999.00
45658680,Bowflex Max Trainer,Treadclimber,Online Display,CAM45900 SAWDODADCE,Call Center Internal,6/26/2017,7/2/2017,0,.00
45658682,Bowflex Brand,Bowflex Max Trainer,Electronic - UnSourced,CAM16616 DEGBFBHG,Web,6/26/2017,7/2/2017,1,999.00
45658682,Bowflex Brand,Bowflex Max Trainer,Electronic - UnSourced,CAM16616 DEGBFBHG,Web,6/26/2017,7/2/2017,0,109.00
45659081,Bowflex Brand,Bowflex Max Trainer,Electronic - UnSourced,CAM49450 BOWWEB800,Call Center Internal,6/26/2017,7/2/2017,1,1999.00
45659081,Bowflex Brand,Treadclimber,Electronic - UnSourced,CAM49450 BOWWEB800,Call Center Internal,6/26/2017,7/2/2017,0,.00
45659082,Bowflex Max Trainer,Bowflex Max Trainer,Electronic - Short Form,CAM45798 DSEESF14H,Web,6/26/2017,7/2/2017,1,999.00
45659082,Bowflex Max Trainer,Bowflex Max Trainer,Electronic - Short Form,CAM45798 DSEESF14H,Web,6/26/2017,7/2/2017,0,169.00
45659182,Bowflex Brand,Bowflex Max Trainer,Online Search,CAM31081 dosg2gl1,Web,6/26/2017,7/2/2017,1,1999.00
45659182,Bowflex Brand,Treadclimber,Online Search,CAM31081 dosg2gl1,Web,6/26/2017,7/2/2017,0,.00
45659282,Bowflex Home Gyms,Bowflex Home Gyms,Online Shopping,CAM32062 dofg2gfeed1,Web,6/26/2017,7/2/2017,1,1199.00
45659282,Bowflex Home Gyms,Bowflex Home Gyms,Online Shopping,CAM32062 dofg2gfeed1,Web,6/26/2017,7/2/2017,0,14.99
45659482,Bowflex Brand,Bowflex Max Trainer,Online Search,CAM31081 dosg2gl1,Web,6/26/2017,7/2/2017,1,1449.00
45659582,Treadclimber,Treadclimber,Online Search,CAM37440 dosg2tsl21,Web,6/26/2017,7/2/2017,1,1599.00
45659582,Treadclimber,Treadclimber,Online Search,CAM37440 dosg2tsl21,Web,6/26/2017,7/2/2017,0,199.00
45659782,Bowflex Max Trainer,Bowflex Max Trainer,Short Form,CAM51236 FOXNN60*SOFTYTIC,Call Center Internal,6/26/2017,7/2/2017,1,1449.00
45659782,Bowflex Max Trainer,Bowflex Max Trainer,Short Form,CAM51236 FOXNN60*SOFTYTIC,Call Center Internal,6/26/2017,7/2/2017,0,169.00
45659883,Bowflex Max Trainer,Bowflex Max Trainer,Online Search,CAM44497 dosg2esl1,Web,6/26/2017,7/2/2017,1,1449.00
45659983,Bowflex Max Trainer,Bowflex Max Trainer,Online Shopping,CAM44887 dofg2efeed1,Web,6/26/2017,7/2/2017,1,1549.00
45660183,Bowflex Brand,Bowflex Max Trainer,Electronic - UnSourced,CAM16616 DEGBFBHG,Web,6/26/2017,7/2/2017,1,1449.00
45660283,Bowflex Max Trainer,Bowflex Max Trainer,Online Shopping,CAM44887 dofg2efeed1,Web,6/26/2017,7/2/2017,1,1999.00
45660283,Bowflex Max Trainer,Treadclimber,Online Shopping,CAM44887 dofg2efeed1,Web,6/26/2017,7/2/2017,0,.00
45660283,Bowflex Max Trainer,Bowflex Max Trainer,Online Shopping,CAM44887 dofg2efeed1,Web,6/26/2017,7/2/2017,0,169.00
45660484,Bowflex Max Trainer,Bowflex Max Trainer,Online Search,CAM45729 DOSG2ESL6,Web,6/26/2017,7/2/2017,1,999.00
45660484,Bowflex Max Trainer,Treadclimber,Online Search,CAM45729 DOSG2ESL6,Web,6/26/2017,7/2/2017,0,99.00
45660584,Bowflex HVT,Bowflex HVT,Online Display,CAM51286 DODAMBHDL1,Web,6/26/2017,7/2/2017,1,1799.00
45660684,Bowflex Brand,Treadclimber,Online Search,CAM39441 dosbigl1,Web,6/26/2017,7/2/2017,1,1599.00
45660684,Bowflex Brand,Treadclimber,Online Search,CAM39441 dosbigl1,Web,6/26/2017,7/2/2017,0,199.00
45660684,Bowflex Brand,Treadclimber,Online Search,CAM39441 dosbigl1,Web,6/26/2017,7/2/2017,0,249.00
45660784,Bowflex Brand,Bowflex Max Trainer,Electronic - UnSourced,CAM16616 DEGBFBHG,Web,6/26/2017,7/2/2017,1,1449.00
45660884,Bowflex Brand,Bowflex Max Trainer,Electronic - UnSourced,CAM16616 DEGBFBHG,Web,6/26/2017,7/2/2017,1,1999.00
45660884,Bowflex Brand,Treadclimber,Electronic - UnSourced,CAM16616 DEGBFBHG,Web,6/26/2017,7/2/2017,0,.00
45660984,Bowflex Max Trainer,Bowflex Max Trainer,Online Shopping,CAM44887 dofg2efeed1,Web,6/26/2017,7/2/2017,1,1449.00
45661184,Bowflex Max Trainer,Bowflex Max Trainer,Online Search,CAM48984 DOSG2ESL11,Web,6/26/2017,7/2/2017,1,1999.00
45661184,Bowflex Max Trainer,Treadclimber,Online Search,CAM48984 DOSG2ESL11,Web,6/26/2017,7/2/2017,0,.00
45661184,Bowflex Max Trainer,Bowflex Selecttech Dumbbells,Online Search,CAM48984 DOSG2ESL11,Web,6/26/2017,7/2/2017,0,139.30
45661184,Bowflex Max Trainer,Bowflex Selecttech Dumbbells,Online Search,CAM48984 DOSG2ESL11,Web,6/26/2017,7/2/2017,0,104.30
45661184,Bowflex Max Trainer,Bowflex Selecttech Dumbbells,Online Search,CAM48984 DOSG2ESL11,Web,6/26/2017,7/2/2017,1,355.40
45661284,Bowflex Brand,Bowflex Max Trainer,Electronic - UnSourced,CAM16616 DEGBFBHG,Web,6/26/2017,7/2/2017,1,1449.00
45661284,Bowflex Brand,Treadclimber,Electronic - UnSourced,CAM16616 DEGBFBHG,Web,6/26/2017,7/2/2017,0,99.00
45661384,Bowflex Brand,Bowflex Max Trainer,Electronic - UnSourced,CAM16616 DEGBFBHG,Web,6/26/2017,7/2/2017,1,1449.00
45661384,Bowflex Brand,Bowflex Max Trainer,Electronic - UnSourced,CAM16616 DEGBFBHG,Web,6/26/2017,7/2/2017,0,169.00
45661484,Bowflex Max Trainer,Bowflex Max Trainer,Online Shopping,CAM44887 dofg2efeed1,Web,6/26/2017,7/2/2017,1,1449.00
45661584,Bowflex Max Trainer,Bowflex Max Trainer,Online Search,CAM44497 dosg2esl1,Web,6/26/2017,7/2/2017,1,1449.00
45661684,Bowflex Max Trainer,Bowflex Max Trainer,Online Search,CAM44497 dosg2esl1,Web,6/26/2017,7/2/2017,1,2349.00
45661684,Bowflex Max Trainer,Treadclimber,Online Search,CAM44497 dosg2esl1,Web,6/26/2017,7/2/2017,0,108.99
45661684,Bowflex Max Trainer,Bowflex Max Trainer,Online Search,CAM44497 dosg2esl1,Web,6/26/2017,7/2/2017,0,169.00
45661884,Bowflex Brand,Bowflex Max Trainer,Electronic - UnSourced,CAM16616 DEGBFBHG,Web,6/26/2017,7/2/2017,1,1449.00
45661984,Bowflex Brand,Bowflex Max Trainer,Electronic - UnSourced,CAM16616 DEGBFBHG,Web,6/26/2017,7/2/2017,1,1999.00
45661984,Bowflex Brand,Treadclimber,Electronic - UnSourced,CAM16616 DEGBFBHG,Web,6/26/2017,7/2/2017,0,.00
45662085,Bowflex Max Trainer,Bowflex Max Trainer,Online Search,CAM44497 dosg2esl1,Web,6/26/2017,7/2/2017,1,999.00
45662185,Bowflex Brand,Bowflex Max Trainer,Online Search,CAM31081 dosg2gl1,Web,6/26/2017,7/2/2017,1,1999.00
45662185,Bowflex Brand,Treadclimber,Online Search,CAM31081 dosg2gl1,Web,6/26/2017,7/2/2017,0,.00
45662186,Bowflex Brand,Bowflex Max Trainer,Electronic - UnSourced,CAM16616 DEGBFBHG,Web,6/26/2017,7/2/2017,1,1999.00
45662186,Bowflex Brand,Bowflex Max Trainer,Electronic - UnSourced,CAM16616 DEGBFBHG,Web,6/26/2017,7/2/2017,0,149.00
45662186,Bowflex Brand,Treadclimber,Electronic - UnSourced,CAM16616 DEGBFBHG,Web,6/26/2017,7/2/2017,0,.00
45662186,Bowflex Brand,Bowflex Max Trainer,Electronic - UnSourced,CAM16616 DEGBFBHG,Web,6/26/2017,7/2/2017,0,169.00
45662286,Bowflex Max Trainer,Bowflex Max Trainer,Online Display,CAM50256 DODG2EDL1,Web,6/26/2017,7/2/2017,1,1999.00
45662286,Bowflex Max Trainer,Treadclimber,Online Display,CAM50256 DODG2EDL1,Web,6/26/2017,7/2/2017,0,.00
45662286,Bowflex Max Trainer,Bowflex Max Trainer,Online Display,CAM50256 DODG2EDL1,Web,6/26/2017,7/2/2017,0,169.00
45662287,Bowflex Brand,Bowflex Max Trainer,Online Search,CAM39441 dosbigl1,Web,6/26/2017,7/2/2017,1,999.00
45662287,Bowflex Brand,Bowflex Max Trainer,Online Search,CAM39441 dosbigl1,Web,6/26/2017,7/2/2017,0,169.00
45662385,Bowflex Brand,Bowflex Max Trainer,Online Search,CAM31081 dosg2gl1,Web,6/26/2017,7/2/2017,1,1749.00
45662386,Bowflex Max Trainer,Bowflex Max Trainer,Online Display,CAM50256 DODG2EDL1,Web,6/26/2017,7/2/2017,1,1449.00
45662485,Bowflex Brand,Treadclimber,Electronic - UnSourced,CAM16616 DEGBFBHG,Web,6/26/2017,7/2/2017,1,2399.00
45662485,Bowflex Brand,Bowflex Max Trainer,Electronic - UnSourced,CAM16616 DEGBFBHG,Web,6/26/2017,7/2/2017,1,1449.00
45662585,Bowflex Selecttech Dumbbells,Bowflex Selecttech Dumbbells,Un-Sourced,CAM40819 1800SELECTTECH,Call Center Internal,6/26/2017,7/2/2017,0,199.00
45662586,Bowflex Max Trainer,Bowflex Max Trainer,Online Search,CAM44497 dosg2esl1,Web,6/26/2017,7/2/2017,1,1549.00
45662586,Bowflex Max Trainer,Bowflex Max Trainer,Online Search,CAM44497 dosg2esl1,Web,6/26/2017,7/2/2017,0,129.00
45662787,Bowflex Max Trainer,Bowflex Max Trainer,Electronic - Short Form,CAM44172 dseesf14a,Web,6/26/2017,7/2/2017,1,999.00
45662787,Bowflex Max Trainer,Bowflex Max Trainer,Electronic - Short Form,CAM44172 dseesf14a,Web,6/26/2017,7/2/2017,0,79.00
45662887,Bowflex Brand,Bowflex Max Trainer,Online Search,CAM49688 SAWDOSBI,Call Center Internal,6/26/2017,7/2/2017,1,1999.00
45662887,Bowflex Brand,Treadclimber,Online Search,CAM49688 SAWDOSBI,Call Center Internal,6/26/2017,7/2/2017,0,.00
45662989,Bowflex Max Trainer,Bowflex Max Trainer,Online Search,CAM44497 dosg2esl1,Web,6/26/2017,7/2/2017,1,1449.00
45663088,Bowflex Brand,Bowflex Max Trainer,Online Search,CAM31081 dosg2gl1,Web,6/26/2017,7/2/2017,1,1449.00
45663288,Results Treadmill,Bowflex Max Trainer,Online Shopping,CAM50816 DOFG2BXTFEED1,Call Center Internal,6/26/2017,7/2/2017,1,1999.00
45663288,Results Treadmill,Treadclimber,Online Shopping,CAM50816 DOFG2BXTFEED1,Call Center Internal,6/26/2017,7/2/2017,0,.00
45663389,Bowflex Brand,Bowflex Max Trainer,Electronic - UnSourced,CAM16616 DEGBFBHG,Web,6/26/2017,7/2/2017,1,999.00
45663589,Bowflex Brand,Bowflex Max Trainer,Electronic - UnSourced,CAM16616 DEGBFBHG,Web,6/26/2017,7/2/2017,1,1449.00
45663689,Bowflex Max Trainer,Bowflex Max Trainer,Online Search,CAM45730 DOSG2ESL7,Web,6/26/2017,7/2/2017,1,1449.00
45663689,Bowflex Max Trainer,Bowflex Max Trainer,Online Search,CAM45730 DOSG2ESL7,Web,6/26/2017,7/2/2017,0,169.00
45663689,Bowflex Max Trainer,Bowflex Max Trainer,Online Search,CAM45730 DOSG2ESL7,Web,6/26/2017,7/2/2017,0,169.00
45663989,Bowflex HVT,Results Elliptical,Online Display,CAM50805 DODTABOOLAHDL1,Web,6/26/2017,7/2/2017,0,1598.00
45664089,Bowflex Max Trainer,Bowflex Max Trainer,Online Search,CAM44497 dosg2esl1,Web,6/26/2017,7/2/2017,1,1999.00
45664089,Bowflex Max Trainer,Treadclimber,Online Search,CAM44497 dosg2esl1,Web,6/26/2017,7/2/2017,0,.00
45664189,Bowflex Max Trainer,Bowflex Max Trainer,Short Form,CAM51443 ION*N60*HAOJ4TIC,Call Center Internal,6/26/2017,7/2/2017,1,1999.00
45664189,Bowflex Max Trainer,Treadclimber,Short Form,CAM51443 ION*N60*HAOJ4TIC,Call Center Internal,6/26/2017,7/2/2017,0,.00
45664189,Bowflex Max Trainer,Bowflex Max Trainer,Short Form,CAM51443 ION*N60*HAOJ4TIC,Call Center Internal,6/26/2017,7/2/2017,0,149.00
45664189,Bowflex Max Trainer,Bowflex Max Trainer,Short Form,CAM51443 ION*N60*HAOJ4TIC,Call Center Internal,6/26/2017,7/2/2017,0,169.00
45664290,Bowflex Max Trainer,Bowflex Max Trainer,Online Search,CAM47150 DOSG2ESL9,Web,6/26/2017,7/2/2017,1,1449.00
45664290,Bowflex Max Trainer,Bowflex Max Trainer,Online Search,CAM47150 DOSG2ESL9,Web,6/26/2017,7/2/2017,0,169.00
45664290,Bowflex Max Trainer,Bowflex Max Trainer,Online Search,CAM47150 DOSG2ESL9,Web,6/26/2017,7/2/2017,0,169.00
45664390,Bowflex Brand,Bowflex Max Trainer,Electronic - UnSourced,CAM16616 DEGBFBHG,Web,6/26/2017,7/2/2017,1,1449.00
45664490,Bowflex Brand,Bowflex Selecttech Dumbbells,Online Search,CAM39441 dosbigl1,Web,6/26/2017,7/2/2017,0,228.99
45664490,Bowflex Brand,Bowflex Selecttech Dumbbells,Online Search,CAM39441 dosbigl1,Web,6/26/2017,7/2/2017,1,299.00
45664590,Bowflex Brand,Bowflex Home Gyms,Online Search,CAM31081 dosg2gl1,Web,6/26/2017,7/2/2017,1,1399.00
45664590,Bowflex Brand,Bowflex Home Gyms,Online Search,CAM31081 dosg2gl1,Web,6/26/2017,7/2/2017,0,.00
45664892,Bowflex Max Trainer,Bowflex Home Gyms,Short Form,CAM51221 LAFFN60*SOFTYTIC,Call Center Internal,6/26/2017,7/2/2017,1,1199.00
45664892,Bowflex Max Trainer,Bowflex Home Gyms,Short Form,CAM51221 LAFFN60*SOFTYTIC,Call Center Internal,6/26/2017,7/2/2017,0,99.00
45664892,Bowflex Max Trainer,Bowflex Home Gyms,Short Form,CAM51221 LAFFN60*SOFTYTIC,Call Center Internal,6/26/2017,7/2/2017,0,99.00
45664892,Bowflex Max Trainer,Bowflex Home Gyms,Short Form,CAM51221 LAFFN60*SOFTYTIC,Call Center Internal,6/26/2017,7/2/2017,0,139.99
45664892,Bowflex Max Trainer,Bowflex Home Gyms,Short Form,CAM51221 LAFFN60*SOFTYTIC,Call Center Internal,6/26/2017,7/2/2017,0,39.99
45664892,Bowflex Max Trainer,Bowflex UpperCut,Short Form,CAM51221 LAFFN60*SOFTYTIC,Call Center Internal,6/26/2017,7/2/2017,0,14.95
45664993,Bowflex Brand,Bowflex Max Trainer,Online Search,CAM39441 dosbigl1,Web,6/26/2017,7/2/2017,1,1449.00
45664993,Bowflex Brand,Bowflex Max Trainer,Online Search,CAM39441 dosbigl1,Web,6/26/2017,7/2/2017,0,169.00
45664993,Bowflex Brand,Bowflex Max Trainer,Online Search,CAM39441 dosbigl1,Web,6/26/2017,7/2/2017,0,169.00
45665293,Bowflex Brand,Bowflex Selecttech Dumbbells,Electronic - UnSourced,CAM16616 DEGBFBHG,Web,6/26/2017,7/2/2017,1,728.99
45665293,Bowflex Brand,Bowflex Selecttech Dumbbells,Electronic - UnSourced,CAM16616 DEGBFBHG,Web,6/26/2017,7/2/2017,0,158.99
45665493,Bowflex Brand,Bowflex Home Gyms,Online Search,CAM30755 dosg2gsl1,Web,6/26/2017,7/2/2017,0,23.98
45665493,Bowflex Brand,Bowflex Home Gyms,Online Search,CAM30755 dosg2gsl1,Web,6/26/2017,7/2/2017,0,49.98
45665493,Bowflex Brand,Bowflex Home Gyms,Online Search,CAM30755 dosg2gsl1,Web,6/26/2017,7/2/2017,0,44.98
45665593,Bowflex Brand,Bowflex Max Trainer,Electronic - UnSourced,CAM16616 DEGBFBHG,Web,6/26/2017,7/2/2017,1,1449.00
45665693,Bowflex Brand,Bowflex Selecttech Dumbbells,Electronic - UnSourced,CAM16616 DEGBFBHG,Web,6/26/2017,7/2/2017,1,355.40
45665693,Bowflex Brand,Bowflex Selecttech Dumbbells,Electronic - UnSourced,CAM16616 DEGBFBHG,Web,6/26/2017,7/2/2017,0,39.00
45665693,Bowflex Brand,Bowflex Selecttech Dumbbells,Electronic - UnSourced,CAM16616 DEGBFBHG,Web,6/26/2017,7/2/2017,0,139.30
45665693,Bowflex Brand,Bowflex Selecttech Dumbbells,Electronic - UnSourced,CAM16616 DEGBFBHG,Web,6/26/2017,7/2/2017,0,104.30
45665893,Bowflex Max Trainer,Bowflex Max Trainer,Online Search,CAM44497 dosg2esl1,Web,6/26/2017,7/2/2017,1,1449.00
45666193,Bowflex Selecttech Dumbbells,Bowflex Selecttech Dumbbells,Online Search,CAM37112 dosg2dsl11,Web,6/26/2017,7/2/2017,1,355.40
45666193,Bowflex Selecttech Dumbbells,Bowflex Selecttech Dumbbells,Online Search,CAM37112 dosg2dsl11,Web,6/26/2017,7/2/2017,0,104.30
45666193,Bowflex Selecttech Dumbbells,Bowflex Selecttech Dumbbells,Online Search,CAM37112 dosg2dsl11,Web,6/26/2017,7/2/2017,0,139.30
45666393,Treadclimber,Bowflex Max Trainer,Online Display,CAM47235 SAWDODCTOT,Call Center Internal,6/26/2017,7/2/2017,1,1999.00
45666393,Treadclimber,Treadclimber,Online Display,CAM47235 SAWDODCTOT,Call Center Internal,6/26/2017,7/2/2017,0,.00
45666393,Treadclimber,Bowflex Max Trainer,Online Display,CAM47235 SAWDODCTOT,Call Center Internal,6/26/2017,7/2/2017,0,209.00
45666394,Bowflex Brand,Bowflex Selecttech Dumbbells,Electronic - UnSourced,CAM16616 DEGBFBHG,Web,6/26/2017,7/2/2017,1,549.00
45666594,Bowflex Max Trainer,Bowflex Max Trainer,Online Search,CAM47150 DOSG2ESL9,Web,6/26/2017,7/2/2017,1,1449.00
45666694,Bowflex Max Trainer,Results Treadmill,Short Form,CAM51443 ION*N60*HAOJ4TIC,Call Center Internal,6/26/2017,7/2/2017,0,2048.00
45666694,Bowflex Max Trainer,Bowflex HVT,Short Form,CAM51443 ION*N60*HAOJ4TIC,Call Center Internal,6/26/2017,7/2/2017,0,60.00
45666694,Bowflex Max Trainer,Results Treadmill,Short Form,CAM51443 ION*N60*HAOJ4TIC,Call Center Internal,6/26/2017,7/2/2017,0,199.00
45666695,Bowflex HVT,Bowflex HVT,Un-Sourced,CAM50745 1800HVT,Call Center Internal,6/26/2017,7/2/2017,1,1799.00
45666695,Bowflex HVT,Bowflex HVT,Un-Sourced,CAM50745 1800HVT,Call Center Internal,6/26/2017,7/2/2017,0,.00
45666695,Bowflex HVT,Bowflex HVT,Un-Sourced,CAM50745 1800HVT,Call Center Internal,6/26/2017,7/2/2017,0,179.00
45666797,Bowflex Max Trainer,Bowflex Max Trainer,Online Search,CAM47150 DOSG2ESL9,Web,6/26/2017,7/2/2017,1,1999.00
45666797,Bowflex Max Trainer,Treadclimber,Online Search,CAM47150 DOSG2ESL9,Web,6/26/2017,7/2/2017,0,.00
45666797,Bowflex Max Trainer,Bowflex Max Trainer,Online Search,CAM47150 DOSG2ESL9,Web,6/26/2017,7/2/2017,0,169.00
45666896,Bowflex Brand,Bowflex Max Trainer,Online Search,CAM31081 dosg2gl1,Web,6/26/2017,7/2/2017,1,1449.00
45667097,Bowflex Max Trainer,Bowflex Max Trainer,Online Search,CAM44497 dosg2esl1,Web,6/26/2017,7/2/2017,1,1999.00
45667097,Bowflex Max Trainer,Treadclimber,Online Search,CAM44497 dosg2esl1,Web,6/26/2017,7/2/2017,0,.00
45667397,Bowflex Max Trainer,Bowflex Max Trainer,Online Search,CAM44497 dosg2esl1,Web,6/26/2017,7/2/2017,1,999.00
45667597,Bowflex Brand,Bowflex Home Gyms,Electronic - UnSourced,CAM49450 BOWWEB800,Call Center Internal,6/26/2017,7/2/2017,1,1199.00
45668099,Bowflex Max Trainer,Bowflex Max Trainer,Online Display,CAM50256 DODG2EDL1,Web,6/26/2017,7/2/2017,1,1248.00
45668199,Bowflex Brand,Bowflex Max Trainer,Online Search,CAM39441 dosbigl1,Web,6/26/2017,7/2/2017,1,1449.00
45668199,Bowflex Brand,Treadclimber,Online Search,CAM39441 dosbigl1,Web,6/26/2017,7/2/2017,0,99.00
45668199,Bowflex Brand,Bowflex Selecttech Dumbbells,Online Search,CAM39441 dosbigl1,Web,6/26/2017,7/2/2017,1,549.00
45668199,Bowflex Brand,Bowflex Max Trainer,Online Search,CAM39441 dosbigl1,Web,6/26/2017,7/2/2017,0,169.00
45668299,Bowflex Brand,Bowflex Max Trainer,Online Search,CAM39441 dosbigl1,Web,6/26/2017,7/2/2017,1,999.00
45668399,Bowflex Brand,Bowflex Max Trainer,Electronic - UnSourced,CAM16616 DEGBFBHG,Web,6/26/2017,7/2/2017,1,1449.00
45668499,Bowflex Brand,Bowflex Max Trainer,Electronic - UnSourced,CAM16616 DEGBFBHG,Web,6/26/2017,7/2/2017,1,1449.00
45668699,Bowflex Max Trainer,Bowflex Max Trainer,Online Search,CAM44497 dosg2esl1,Web,6/26/2017,7/2/2017,1,1449.00
45668699,Bowflex Max Trainer,Bowflex Max Trainer,Online Search,CAM44497 dosg2esl1,Web,6/26/2017,7/2/2017,0,169.00
45668899,Bowflex Max Trainer,Bowflex Max Trainer,Online Display,CAM50256 DODG2EDL1,Web,6/26/2017,7/2/2017,1,1449.00
45669099,Bowflex Brand,Bowflex Max Trainer,Online Search,CAM31081 dosg2gl1,Web,6/26/2017,7/2/2017,1,1999.00
45669099,Bowflex Brand,Treadclimber,Online Search,CAM31081 dosg2gl1,Web,6/26/2017,7/2/2017,0,.00
45669299,Bowflex Brand,Bowflex HVT,Electronic - UnSourced,CAM16616 DEGBFBHG,Web,6/26/2017,7/2/2017,1,1799.00
45669499,Bowflex Max Trainer,Bowflex Max Trainer,Online Search,CAM44429 dosbiesl1,Web,6/26/2017,7/2/2017,1,999.00
45669699,Bowflex Max Trainer,Bowflex Max Trainer,Online Search,CAM44497 dosg2esl1,Web,6/26/2017,7/2/2017,1,999.00
45669699,Bowflex Max Trainer,Bowflex Max Trainer,Online Search,CAM44497 dosg2esl1,Web,6/26/2017,7/2/2017,0,109.00
45669799,Bowflex Max Trainer,Bowflex Max Trainer,Online Search,CAM45730 DOSG2ESL7,Web,6/26/2017,7/2/2017,1,1449.00
45669899,Bowflex Max Trainer,Bowflex Max Trainer,Online Display,CAM50256 DODG2EDL1,Web,6/26/2017,7/2/2017,1,1099.00
45669999,Bowflex Brand,Bowflex Home Gyms,Online Search,CAM31081 dosg2gl1,Web,6/26/2017,7/2/2017,1,1199.00
45670199,Bowflex Max Trainer,Bowflex Max Trainer,Online Search,CAM44497 dosg2esl1,Web,6/26/2017,7/2/2017,1,1999.00
45670199,Bowflex Max Trainer,Treadclimber,Online Search,CAM44497 dosg2esl1,Web,6/26/2017,7/2/2017,0,.00
45670199,Bowflex Max Trainer,Bowflex Max Trainer,Online Search,CAM44497 dosg2esl1,Web,6/26/2017,7/2/2017,0,169.00
45670399,Bowflex Home Gyms,Bowflex Home Gyms,Online Shopping,CAM32062 dofg2gfeed1,Web,6/26/2017,7/2/2017,1,1199.00
45670399,Bowflex Home Gyms,Bowflex Home Gyms,Online Shopping,CAM32062 dofg2gfeed1,Web,6/26/2017,7/2/2017,0,99.00
45670499,Bowflex Max Trainer,Bowflex Max Trainer,Online Search,CAM44497 dosg2esl1,Web,6/26/2017,7/2/2017,1,1099.00
45670499,Bowflex Max Trainer,Bowflex Max Trainer,Online Search,CAM44497 dosg2esl1,Web,6/26/2017,7/2/2017,0,109.00
45670599,Bowflex Brand,Bowflex Selecttech Dumbbells,Electronic - UnSourced,CAM16616 DEGBFBHG,Web,6/26/2017,7/2/2017,1,549.00
45670699,Bowflex Max Trainer,Bowflex Max Trainer,Online Search,CAM45730 DOSG2ESL7,Web,6/26/2017,7/2/2017,1,1449.00
45670799,Bowflex Max Trainer,Bowflex Max Trainer,Online Search,CAM48984 DOSG2ESL11,Web,6/26/2017,7/2/2017,1,2349.00
45670999,Bowflex Brand,Bowflex Max Trainer,Electronic - UnSourced,CAM16616 DEGBFBHG,Web,6/26/2017,7/2/2017,1,1999.00
45670999,Bowflex Brand,Treadclimber,Electronic - UnSourced,CAM16616 DEGBFBHG,Web,6/26/2017,7/2/2017,0,.00
45670999,Bowflex Brand,Bowflex Max Trainer,Electronic - UnSourced,CAM16616 DEGBFBHG,Web,6/26/2017,7/2/2017,0,169.00
45671099,Bowflex Brand,Bowflex Max Trainer,Online Search,CAM31081 dosg2gl1,Web,6/26/2017,7/2/2017,1,999.00
45671099,Bowflex Brand,Bowflex Max Trainer,Online Search,CAM31081 dosg2gl1,Web,6/26/2017,7/2/2017,0,169.00
45671199,Bowflex Brand,Bowflex Max Trainer,Electronic - UnSourced,CAM16616 DEGBFBHG,Web,6/26/2017,7/2/2017,1,1449.00
45671199,Bowflex Brand,Bowflex Max Trainer,Electronic - UnSourced,CAM16616 DEGBFBHG,Web,6/26/2017,7/2/2017,0,169.00
45671299,Treadclimber,Treadclimber,Online Search,CAM37440 dosg2tsl21,Web,6/26/2017,7/2/2017,1,1599.00
45671601,Bowflex Brand,Bowflex Max Trainer,Online Search,CAM31081 dosg2gl1,Web,6/26/2017,7/2/2017,1,1999.00
45671601,Bowflex Brand,Treadclimber,Online Search,CAM31081 dosg2gl1,Web,6/26/2017,7/2/2017,0,.00
45671699,Bowflex Max Trainer,Bowflex Max Trainer,Online Search,CAM44497 dosg2esl1,Web,6/26/2017,7/2/2017,1,1449.00
45671799,Bowflex Brand,Bowflex Max Trainer,Electronic - UnSourced,CAM16616 DEGBFBHG,Web,6/26/2017,7/2/2017,1,1999.00
45671799,Bowflex Brand,Bowflex Max Trainer,Electronic - UnSourced,CAM16616 DEGBFBHG,Web,6/26/2017,7/2/2017,0,209.00
45671799,Bowflex Brand,Treadclimber,Electronic - UnSourced,CAM16616 DEGBFBHG,Web,6/26/2017,7/2/2017,0,.00
45671799,Bowflex Brand,Bowflex Max Trainer,Electronic - UnSourced,CAM16616 DEGBFBHG,Web,6/26/2017,7/2/2017,0,169.00
45671899,Bowflex Brand,Bowflex Max Trainer,Electronic - UnSourced,CAM16616 DEGBFBHG,Web,6/26/2017,7/2/2017,1,999.00
45671999,Bowflex Brand,Bowflex Selecttech Dumbbells,Electronic - UnSourced,CAM16616 DEGBFBHG,Web,6/26/2017,7/2/2017,1,249.00
45672299,Bowflex Brand,Bowflex Max Trainer,Electronic - UnSourced,CAM16616 DEGBFBHG,Web,6/26/2017,7/2/2017,1,1999.00
45672299,Bowflex Brand,Treadclimber,Electronic - UnSourced,CAM16616 DEGBFBHG,Web,6/26/2017,7/2/2017,0,.00
45672299,Bowflex Brand,Bowflex Max Trainer,Electronic - UnSourced,CAM16616 DEGBFBHG,Web,6/26/2017,7/2/2017,0,169.00
45672399,Bowflex Brand,Bowflex Max Trainer,Online Search,CAM39441 dosbigl1,Web,6/26/2017,7/2/2017,1,1449.00
45672799,Bowflex Brand,Bowflex Max Trainer,Electronic - UnSourced,CAM16616 DEGBFBHG,Web,7/3/2017,7/3/2017,1,1449.00
45672899,Bowflex Max Trainer,Bowflex Max Trainer,Online Search,CAM47150 DOSG2ESL9,Web,7/3/2017,7/3/2017,1,1999.00
45672899,Bowflex Max Trainer,Treadclimber,Online Search,CAM47150 DOSG2ESL9,Web,7/3/2017,7/3/2017,0,.00
45672999,Bowflex Max Trainer,Bowflex Max Trainer,Online Search,CAM48984 DOSG2ESL11,Web,7/3/2017,7/3/2017,1,1999.00
45672999,Bowflex Max Trainer,Bowflex Max Trainer,Online Search,CAM48984 DOSG2ESL11,Web,7/3/2017,7/3/2017,0,149.00
45672999,Bowflex Max Trainer,Treadclimber,Online Search,CAM48984 DOSG2ESL11,Web,7/3/2017,7/3/2017,0,.00
45673099,Bowflex Brand,Bowflex Max Trainer,Electronic - UnSourced,CAM16616 DEGBFBHG,Web,7/3/2017,7/3/2017,1,1999.00
45673099,Bowflex Brand,Treadclimber,Electronic - UnSourced,CAM16616 DEGBFBHG,Web,7/3/2017,7/3/2017,0,.00
45673199,Bowflex Brand,Bowflex Max Trainer,Online Search,CAM31081 dosg2gl1,Web,7/3/2017,7/3/2017,1,1449.00
45673199,Bowflex Brand,Bowflex Max Trainer,Online Search,CAM31081 dosg2gl1,Web,7/3/2017,7/3/2017,0,169.00
45673399,Bowflex Max Trainer,Bowflex Max Trainer,Online Shopping,CAM44887 dofg2efeed1,Web,7/3/2017,7/3/2017,1,1449.00
45673399,Bowflex Max Trainer,Bowflex Max Trainer,Online Shopping,CAM44887 dofg2efeed1,Web,7/3/2017,7/3/2017,0,169.00
45673499,Bowflex Max Trainer,Bowflex Max Trainer,Online Search,CAM45730 DOSG2ESL7,Web,7/3/2017,7/3/2017,1,1449.00
45673499,Bowflex Max Trainer,Bowflex Max Trainer,Online Search,CAM45730 DOSG2ESL7,Web,7/3/2017,7/3/2017,0,169.00
45673599,Bowflex Max Trainer,Bowflex Max Trainer,Online Search,CAM47150 DOSG2ESL9,Web,7/3/2017,7/3/2017,1,1449.00
45673599,Bowflex Max Trainer,Bowflex Max Trainer,Online Search,CAM47150 DOSG2ESL9,Web,7/3/2017,7/3/2017,0,169.00
45673699,Bowflex Selecttech Dumbbells,Bowflex Selecttech Dumbbells,Online Search,CAM37148 dosg2dsl12,Web,7/3/2017,7/3/2017,1,549.00
45673799,Bowflex Max Trainer,Bowflex Max Trainer,Online Shopping,CAM44887 dofg2efeed1,Web,7/3/2017,7/3/2017,1,1449.00
45674299,Bowflex Max Trainer,Bowflex Max Trainer,Short Form,CAM51236 FOXNN60*SOFTYTIC,Third Party Call Center - Evolve,7/3/2017,7/3/2017,1,1449.00
45674299,Bowflex Max Trainer,Treadclimber,Short Form,CAM51236 FOXNN60*SOFTYTIC,Third Party Call Center - Evolve,7/3/2017,7/3/2017,0,.00
45674299,Bowflex Max Trainer,Bowflex Max Trainer,Short Form,CAM51236 FOXNN60*SOFTYTIC,Third Party Call Center - Evolve,7/3/2017,7/3/2017,0,169.00
45674499,Bowflex Brand,Bowflex Selecttech Dumbbells,Online Search,CAM31081 dosg2gl1,Web,7/3/2017,7/3/2017,1,499.00
45674599,Bowflex Max Trainer,Bowflex Max Trainer,Short Form,CAM51236 FOXNN60*SOFTYTIC,Call Center Internal,7/3/2017,7/3/2017,1,699.30
45674600,Bowflex Brand,Bowflex HVT,Electronic - UnSourced,CAM49450 BOWWEB800,Call Center Internal,7/3/2017,7/3/2017,1,1799.00
45674702,Bowflex Brand,Bowflex Selecttech Dumbbells,Electronic - UnSourced,CAM16616 DEGBFBHG,Web,7/3/2017,7/3/2017,0,158.99
45674702,Bowflex Brand,Bowflex Selecttech Dumbbells,Electronic - UnSourced,CAM16616 DEGBFBHG,Web,7/3/2017,7/3/2017,0,228.99
45674702,Bowflex Brand,Bowflex Home Gyms,Electronic - UnSourced,CAM16616 DEGBFBHG,Web,7/3/2017,7/3/2017,0,44.98
45674702,Bowflex Brand,Bowflex Catalog,Electronic - UnSourced,CAM16616 DEGBFBHG,Web,7/3/2017,7/3/2017,0,49.99
45674807,Bowflex Max Trainer,Bowflex Max Trainer,Online Search,CAM44551 dosg2esl4,Web,7/3/2017,7/3/2017,1,999.00
45674807,Bowflex Max Trainer,Bowflex Max Trainer,Online Search,CAM44551 dosg2esl4,Web,7/3/2017,7/3/2017,0,169.00
45674907,Bowflex Max Trainer,Bowflex Max Trainer,Online Shopping,CAM44887 dofg2efeed1,Web,7/3/2017,7/3/2017,1,1449.00
45675107,Bowflex Brand,Bowflex Selecttech Dumbbells,Electronic - UnSourced,CAM49450 BOWWEB800,Call Center Internal,7/3/2017,7/3/2017,1,549.00
45675109,Bowflex Max Trainer,Bowflex Max Trainer,Un-Sourced,CAM45327 1800MAXTRAINER,Call Center Internal,7/3/2017,7/3/2017,1,1449.00
45675109,Bowflex Max Trainer,Bowflex Max Trainer,Un-Sourced,CAM45327 1800MAXTRAINER,Call Center Internal,7/3/2017,7/3/2017,0,129.00
45675211,Bowflex Selecttech Dumbbells,Bowflex Selecttech Dumbbells,Online Display,CAM34643 dodg2ddl1,Web,7/3/2017,7/3/2017,1,549.00
45675313,Bowflex Brand,Bowflex Max Trainer,Electronic - UnSourced,CAM49450 BOWWEB800,Call Center Internal,7/3/2017,7/3/2017,1,1999.00
45675313,Bowflex Brand,Treadclimber,Electronic - UnSourced,CAM49450 BOWWEB800,Call Center Internal,7/3/2017,7/3/2017,0,.00
45675313,Bowflex Brand,Bowflex Max Trainer,Electronic - UnSourced,CAM49450 BOWWEB800,Call Center Internal,7/3/2017,7/3/2017,0,169.00
45675418,Bowflex Max Trainer,Bowflex Max Trainer,Online Search,CAM48984 DOSG2ESL11,Web,7/3/2017,7/3/2017,1,1999.00
45675418,Bowflex Max Trainer,Treadclimber,Online Search,CAM48984 DOSG2ESL11,Web,7/3/2017,7/3/2017,0,.00
45675519,Bowflex Brand,Bowflex Max Trainer,Electronic - UnSourced,CAM16616 DEGBFBHG,Web,7/3/2017,7/3/2017,1,999.00
45675732,Results Treadmill,Results Treadmill,Un-Sourced,CAM50746 1800RESULTSTREADMILL,Call Center Internal,7/3/2017,7/3/2017,0,2048.00
45675732,Results Treadmill,Bowflex HVT,Un-Sourced,CAM50746 1800RESULTSTREADMILL,Call Center Internal,7/3/2017,7/3/2017,0,83.99
45675743,Bowflex Brand,Treadclimber,Online Search,CAM30796 SAWDOSG2G,Call Center Internal,7/3/2017,7/3/2017,0,.00
45675853,Bowflex Brand,Bowflex Max Trainer,Un-Sourced,CAM49456 BCARECREDIT,Call Center Internal,7/3/2017,7/3/2017,1,1449.00
45675853,Bowflex Brand,Bowflex Catalog,Un-Sourced,CAM49456 BCARECREDIT,Call Center Internal,7/3/2017,7/3/2017,0,40.00
45675853,Bowflex Brand,Bowflex Catalog,Un-Sourced,CAM49456 BCARECREDIT,Call Center Internal,7/3/2017,7/3/2017,0,42.00
45675853,Bowflex Brand,Bowflex Max Trainer,Un-Sourced,CAM49456 BCARECREDIT,Call Center Internal,7/3/2017,7/3/2017,0,169.00
45675853,Bowflex Brand,Bowflex Catalog,Un-Sourced,CAM49456 BCARECREDIT,Call Center Internal,7/3/2017,7/3/2017,0,35.00
45675973,Bowflex Brand,Bowflex Max Trainer,Electronic - UnSourced,CAM49450 BOWWEB800,Call Center Internal,7/3/2017,7/3/2017,1,1999.00
45675973,Bowflex Brand,Treadclimber,Electronic - UnSourced,CAM49450 BOWWEB800,Call Center Internal,7/3/2017,7/3/2017,0,.00
45675977,Bowflex Max Trainer,Bowflex Max Trainer,Un-Sourced,CAM45327 1800MAXTRAINER,Call Center Internal,7/3/2017,7/3/2017,1,1999.00
45675977,Bowflex Max Trainer,Treadclimber,Un-Sourced,CAM45327 1800MAXTRAINER,Call Center Internal,7/3/2017,7/3/2017,0,.00
45676082,Bowflex Max Trainer,Bowflex Max Trainer,Online Shopping,CAM44887 dofg2efeed1,Web,7/3/2017,7/3/2017,1,1999.00
45676082,Bowflex Max Trainer,Treadclimber,Online Shopping,CAM44887 dofg2efeed1,Web,7/3/2017,7/3/2017,0,.00
45676285,Bowflex Brand,Bowflex HVT,Electronic - UnSourced,CAM16616 DEGBFBHG,Web,7/3/2017,7/3/2017,1,1799.00
45676285,Bowflex Brand,Bowflex HVT,Electronic - UnSourced,CAM16616 DEGBFBHG,Web,7/3/2017,7/3/2017,0,179.00
45676285,Bowflex Brand,Bowflex HVT,Electronic - UnSourced,CAM16616 DEGBFBHG,Web,7/3/2017,7/3/2017,0,249.00
45676387,Bowflex Brand,Bowflex Selecttech Dumbbells,Electronic - UnSourced,CAM16616 DEGBFBHG,Web,7/3/2017,7/3/2017,1,549.00
45676387,Bowflex Brand,Bowflex Selecttech Dumbbells,Electronic - UnSourced,CAM16616 DEGBFBHG,Web,7/3/2017,7/3/2017,0,139.00
45676491,Bowflex Brand,Treadclimber,Electronic - UnSourced,CAM16616 DEGBFBHG,Web,7/3/2017,7/3/2017,1,1599.00
45676493,Bowflex Brand,Bowflex Max Trainer,Online Search,CAM31081 dosg2gl1,Web,7/3/2017,7/3/2017,1,1999.00
45676493,Bowflex Brand,Treadclimber,Online Search,CAM31081 dosg2gl1,Web,7/3/2017,7/3/2017,0,.00
45676593,Bowflex Max Trainer,Bowflex Max Trainer,Online Search,CAM44497 dosg2esl1,Web,7/3/2017,7/3/2017,1,1999.00
45676593,Bowflex Max Trainer,Bowflex Max Trainer,Online Search,CAM44497 dosg2esl1,Web,7/3/2017,7/3/2017,0,209.00
45676593,Bowflex Max Trainer,Treadclimber,Online Search,CAM44497 dosg2esl1,Web,7/3/2017,7/3/2017,0,.00
45676593,Bowflex Max Trainer,Bowflex Max Trainer,Online Search,CAM44497 dosg2esl1,Web,7/3/2017,7/3/2017,0,169.00
45676798,Bowflex Max Trainer,Bowflex Max Trainer,Online Shopping,CAM44887 dofg2efeed1,Web,7/3/2017,7/3/2017,1,1449.00
45677313,Bowflex Max Trainer,Bowflex Max Trainer,Online Search,CAM44497 dosg2esl1,Web,7/3/2017,7/3/2017,1,1449.00
45677413,Bowflex Brand,Bowflex Max Trainer,Online Search,CAM31081 dosg2gl1,Web,7/3/2017,7/3/2017,1,1449.00
45677928,Bowflex Brand,Bowflex Max Trainer,Online Search,CAM31081 dosg2gl1,Web,7/3/2017,7/3/2017,1,2349.00
45677928,Bowflex Brand,Treadclimber,Online Search,CAM31081 dosg2gl1,Web,7/3/2017,7/3/2017,0,108.99
45677928,Bowflex Brand,Bowflex Max Trainer,Online Search,CAM31081 dosg2gl1,Web,7/3/2017,7/3/2017,0,169.00
45678240,Bowflex Max Trainer,Bowflex Selecttech Dumbbells,Online Shopping,CAM44948 dofbiefeed1,Web,7/3/2017,7/3/2017,1,355.40
45678240,Bowflex Max Trainer,Bowflex Selecttech Dumbbells,Online Shopping,CAM44948 dofbiefeed1,Web,7/3/2017,7/3/2017,0,139.30
45678240,Bowflex Max Trainer,Bowflex Selecttech Dumbbells,Online Shopping,CAM44948 dofbiefeed1,Web,7/3/2017,7/3/2017,0,104.30
45678345,Bowflex Brand,Bowflex HVT,Electronic - UnSourced,CAM49450 BOWWEB800,Call Center Internal,7/3/2017,7/3/2017,1,1799.00
45678462,Bowflex Max Trainer,Bowflex Max Trainer,Un-Sourced,CAM45327 1800MAXTRAINER,Call Center Internal,7/3/2017,7/3/2017,0,703.77
45678463,Bowflex Brand,Bowflex Revolution,Online Search,CAM30796 SAWDOSG2G,Call Center Internal,7/3/2017,7/3/2017,1,2599.00
45678467,Bowflex Brand,Bowflex HVT,Online Search,CAM39441 dosbigl1,Web,7/3/2017,7/3/2017,1,1799.00
45678571,Bowflex Max Trainer,Bowflex Home Gyms,Online Social,CAM45898 DOXFBERESPONSE,Call Center Internal,7/3/2017,7/3/2017,1,1119.30
45678571,Bowflex Max Trainer,Bowflex Home Gyms,Online Social,CAM45898 DOXFBERESPONSE,Call Center Internal,7/3/2017,7/3/2017,0,299.00
45678571,Bowflex Max Trainer,Bowflex Home Gyms,Online Social,CAM45898 DOXFBERESPONSE,Call Center Internal,7/3/2017,7/3/2017,0,139.99
45678571,Bowflex Max Trainer,Bowflex Home Gyms,Online Social,CAM45898 DOXFBERESPONSE,Call Center Internal,7/3/2017,7/3/2017,0,97.99
45678571,Bowflex Max Trainer,Bowflex Home Gyms,Online Social,CAM45898 DOXFBERESPONSE,Call Center Internal,7/3/2017,7/3/2017,0,69.30
45678571,Bowflex Max Trainer,Bowflex Home Gyms,Online Social,CAM45898 DOXFBERESPONSE,Call Center Internal,7/3/2017,7/3/2017,0,69.30
45678788,Bowflex Max Trainer,Treadclimber,Electronic - Short Form,CAM44215 SAWDSEESF14A,Call Center Internal,7/3/2017,7/3/2017,0,108.99
45678788,Bowflex Max Trainer,Bowflex Home Gyms,Electronic - Short Form,CAM44215 SAWDSEESF14A,Call Center Internal,7/3/2017,7/3/2017,0,108.99
45679002,Bowflex Max Trainer,Bowflex Max Trainer,Online Search,CAM45730 DOSG2ESL7,Web,7/3/2017,7/3/2017,1,1449.00
45679002,Bowflex Max Trainer,Bowflex Max Trainer,Online Search,CAM45730 DOSG2ESL7,Web,7/3/2017,7/3/2017,0,129.00
45679325,Bowflex Brand,Bowflex HVT,Electronic - UnSourced,CAM16616 DEGBFBHG,Web,7/3/2017,7/3/2017,1,1799.00
45679326,Bowflex Brand,Bowflex Max Trainer,Electronic - UnSourced,CAM16616 DEGBFBHG,Web,7/3/2017,7/3/2017,1,1449.00
45679426,Bowflex Brand,Bowflex Max Trainer,Electronic - UnSourced,CAM16616 DEGBFBHG,Web,7/3/2017,7/3/2017,1,1999.00
45679426,Bowflex Brand,Treadclimber,Electronic - UnSourced,CAM16616 DEGBFBHG,Web,7/3/2017,7/3/2017,0,.00
45679628,Bowflex Brand,Bowflex Max Trainer,Electronic - UnSourced,CAM16616 DEGBFBHG,Web,7/3/2017,7/3/2017,1,999.00
45679949,Bowflex Max Trainer,Bowflex Max Trainer,Short Form,CAM51433 CNN*N60*HAOJ4TIC,Call Center Internal,7/3/2017,7/3/2017,1,1999.00
45679949,Bowflex Max Trainer,Bowflex Max Trainer,Short Form,CAM51433 CNN*N60*HAOJ4TIC,Call Center Internal,7/3/2017,7/3/2017,0,209.00
45679949,Bowflex Max Trainer,Treadclimber,Short Form,CAM51433 CNN*N60*HAOJ4TIC,Call Center Internal,7/3/2017,7/3/2017,0,.00
45680051,Bowflex Brand,,Electronic - UnSourced,CAM49450 BOWWEB800,Call Center Internal,7/3/2017,7/3/2017,0,139.00
45680069,Bowflex Max Trainer,Bowflex Max Trainer,Un-Sourced,CAM45327 1800MAXTRAINER,Call Center Internal,7/3/2017,7/3/2017,1,1449.00
45680069,Bowflex Max Trainer,Treadclimber,Un-Sourced,CAM45327 1800MAXTRAINER,Call Center Internal,7/3/2017,7/3/2017,0,99.00
45680069,Bowflex Max Trainer,Bowflex Max Trainer,Un-Sourced,CAM45327 1800MAXTRAINER,Call Center Internal,7/3/2017,7/3/2017,0,129.00
45680070,Bowflex Brand,Bowflex Selecttech Dumbbells,Electronic - UnSourced,CAM16616 DEGBFBHG,Web,7/3/2017,7/3/2017,1,249.00
45680173,Bowflex Brand,Bowflex HVT,Electronic - UnSourced,CAM16616 DEGBFBHG,Web,7/3/2017,7/3/2017,1,1999.00
45680173,Bowflex Brand,Bowflex HVT,Electronic - UnSourced,CAM16616 DEGBFBHG,Web,7/3/2017,7/3/2017,0,249.00
45680481,Bowflex Max Trainer,Bowflex Max Trainer,Online Search,CAM44497 dosg2esl1,Web,7/3/2017,7/3/2017,1,1449.00
45680481,Bowflex Max Trainer,Bowflex Max Trainer,Online Search,CAM44497 dosg2esl1,Web,7/3/2017,7/3/2017,0,169.00
45680580,Bowflex Brand,Bowflex Max Trainer,Electronic - UnSourced,CAM49450 BOWWEB800,Call Center Internal,7/3/2017,7/3/2017,1,1049.00
45680580,Bowflex Brand,Bowflex Max Trainer,Electronic - UnSourced,CAM49450 BOWWEB800,Call Center Internal,7/3/2017,7/3/2017,0,169.00
45680580,Bowflex Brand,Bowflex Max Trainer,Electronic - UnSourced,CAM49450 BOWWEB800,Call Center Internal,7/3/2017,7/3/2017,0,79.00
45680582,Bowflex Home Gyms,Bowflex Max Trainer,Un-Sourced,CAM40821 1800BOWFLEX,Call Center Internal,7/3/2017,7/3/2017,1,999.00
45680582,Bowflex Home Gyms,Bowflex Max Trainer,Un-Sourced,CAM40821 1800BOWFLEX,Call Center Internal,7/3/2017,7/3/2017,0,169.00
45680582,Bowflex Home Gyms,Bowflex Max Trainer,Un-Sourced,CAM40821 1800BOWFLEX,Call Center Internal,7/3/2017,7/3/2017,0,109.00
45680685,Treadclimber,Bowflex Max Trainer,Short Form,CAM49474 DRTFN60*HKINGTIC,Call Center Internal,7/3/2017,7/3/2017,1,1449.00
45680685,Treadclimber,Bowflex Max Trainer,Short Form,CAM49474 DRTFN60*HKINGTIC,Call Center Internal,7/3/2017,7/3/2017,0,129.00
45680689,Bowflex Max Trainer,Bowflex Max Trainer,Un-Sourced,CAM45327 1800MAXTRAINER,Call Center Internal,7/3/2017,7/3/2017,1,1449.00
45680690,Bowflex Brand,Bowflex HVT,Electronic - UnSourced,CAM16616 DEGBFBHG,Web,7/3/2017,7/3/2017,1,1799.00
45680790,Treadclimber,Treadclimber,Online Search,CAM37655 dosbitsl10,Web,7/3/2017,7/3/2017,1,1599.00
45680890,Bowflex Brand,Bowflex Max Trainer,Electronic - UnSourced,CAM16616 DEGBFBHG,Web,7/3/2017,7/3/2017,1,1999.00
45680890,Bowflex Brand,Bowflex Max Trainer,Electronic - UnSourced,CAM16616 DEGBFBHG,Web,7/3/2017,7/3/2017,0,209.00
45680890,Bowflex Brand,Treadclimber,Electronic - UnSourced,CAM16616 DEGBFBHG,Web,7/3/2017,7/3/2017,0,.00
45680993,Bowflex Catalog,Bowflex Selecttech Dumbbells,Electronic - UnSourced,CAM127 1800BOWFLEX_BFC,Call Center Internal,7/3/2017,7/3/2017,1,355.40
45680993,Bowflex Catalog,Bowflex Selecttech Dumbbells,Electronic - UnSourced,CAM127 1800BOWFLEX_BFC,Call Center Internal,7/3/2017,7/3/2017,0,104.30
45680993,Bowflex Catalog,Bowflex Selecttech Dumbbells,Electronic - UnSourced,CAM127 1800BOWFLEX_BFC,Call Center Internal,7/3/2017,7/3/2017,0,139.30
45681205,Treadclimber,Treadclimber,Online Search,CAM49424 DOSG2T,Call Center Internal,7/3/2017,7/3/2017,1,2399.00
45681205,Treadclimber,Treadclimber,Online Search,CAM49424 DOSG2T,Call Center Internal,7/3/2017,7/3/2017,0,249.00
45681425,Bowflex Max Trainer,Bowflex Max Trainer,Electronic - Short Form,CAM45798 DSEESF14H,Web,7/3/2017,7/3/2017,1,1999.00
45681425,Bowflex Max Trainer,Treadclimber,Electronic - Short Form,CAM45798 DSEESF14H,Web,7/3/2017,7/3/2017,0,.00
45681526,Bowflex Brand,Bowflex Selecttech Dumbbells,Electronic - UnSourced,CAM16616 DEGBFBHG,Web,7/3/2017,7/3/2017,1,549.00
45681628,Bowflex Max Trainer,Bowflex Max Trainer,Online Search,CAM44497 dosg2esl1,Web,7/3/2017,7/3/2017,1,1999.00
45681628,Bowflex Max Trainer,Treadclimber,Online Search,CAM44497 dosg2esl1,Web,7/3/2017,7/3/2017,0,.00
45681728,Bowflex Max Trainer,Bowflex Max Trainer,Online Display,CAM50255 SAWDODG2E,Call Center Internal,7/3/2017,7/3/2017,1,1449.00
45681835,Bowflex Max Trainer,Bowflex Max Trainer,Online Search,CAM44497 dosg2esl1,Web,7/3/2017,7/3/2017,1,1449.00
45681835,Bowflex Max Trainer,Bowflex Max Trainer,Online Search,CAM44497 dosg2esl1,Web,7/3/2017,7/3/2017,0,169.00
45682035,Bowflex Max Trainer,Bowflex Max Trainer,Online Shopping,CAM44887 dofg2efeed1,Web,7/3/2017,7/3/2017,1,1449.00
45682035,Bowflex Max Trainer,Bowflex Max Trainer,Online Shopping,CAM44887 dofg2efeed1,Web,7/3/2017,7/3/2017,0,169.00
45682239,Bowflex Max Trainer,Bowflex Max Trainer,Online Search,CAM45730 DOSG2ESL7,Web,7/3/2017,7/3/2017,1,1999.00
45682239,Bowflex Max Trainer,Treadclimber,Online Search,CAM45730 DOSG2ESL7,Web,7/3/2017,7/3/2017,0,.00
45682239,Bowflex Max Trainer,Bowflex Max Trainer,Online Search,CAM45730 DOSG2ESL7,Web,7/3/2017,7/3/2017,0,169.00
45682445,Bowflex Brand,Bowflex Max Trainer,Online Search,CAM49688 SAWDOSBI,Call Center Internal,7/3/2017,7/3/2017,1,1599.00
45682610,Bowflex Brand,Bowflex Max Trainer,Electronic - UnSourced,CAM16616 DEGBFBHG,Web,7/3/2017,7/3/2017,1,999.00
45682610,Bowflex Brand,Bowflex Max Trainer,Electronic - UnSourced,CAM16616 DEGBFBHG,Web,7/3/2017,7/3/2017,0,169.00
45682613,Bowflex Brand,Bowflex Home Gyms,Online Search,CAM31081 dosg2gl1,Web,7/3/2017,7/3/2017,1,1768.99
45682613,Bowflex Brand,Bowflex Home Gyms,Online Search,CAM31081 dosg2gl1,Web,7/3/2017,7/3/2017,0,44.98
45682613,Bowflex Brand,Bowflex Home Gyms,Online Search,CAM31081 dosg2gl1,Web,7/3/2017,7/3/2017,0,109.99
45682613,Bowflex Brand,Bowflex Home Gyms,Online Search,CAM31081 dosg2gl1,Web,7/3/2017,7/3/2017,0,164.98
45682730,Bowflex Max Trainer,Bowflex Max Trainer,Online Search,CAM44497 dosg2esl1,Web,7/3/2017,7/3/2017,1,1449.00
45682756,Bowflex Brand,Bowflex Selecttech Dumbbells,Electronic - UnSourced,CAM16616 DEGBFBHG,Web,7/3/2017,7/3/2017,1,249.00
45682756,Bowflex Brand,Bowflex Selecttech Dumbbells,Electronic - UnSourced,CAM16616 DEGBFBHG,Web,7/3/2017,7/3/2017,0,139.00
45682958,Bowflex Brand,Bowflex HVT,Online Search,CAM31081 dosg2gl1,Call Center Internal,7/3/2017,7/3/2017,1,1799.00
45682958,Bowflex Brand,Bowflex Selecttech Dumbbells,Online Search,CAM31081 dosg2gl1,Call Center Internal,7/3/2017,7/3/2017,1,299.00
45682958,Bowflex Brand,Bowflex Selecttech Dumbbells,Online Search,CAM31081 dosg2gl1,Call Center Internal,7/3/2017,7/3/2017,0,139.00
45682958,Bowflex Brand,Bowflex Selecttech Dumbbells,Online Search,CAM31081 dosg2gl1,Call Center Internal,7/3/2017,7/3/2017,0,199.00
45682958,Bowflex Brand,Treadclimber,Online Search,CAM31081 dosg2gl1,Call Center Internal,7/3/2017,7/3/2017,0,14.99
45682958,Bowflex Brand,Bowflex HVT,Online Search,CAM31081 dosg2gl1,Call Center Internal,7/3/2017,7/3/2017,0,249.00
45684171,Bowflex Brand,Bowflex HVT,Electronic - UnSourced,CAM49450 BOWWEB800,Call Center Internal,7/3/2017,7/3/2017,1,1799.00
45684171,Bowflex Brand,Bowflex HVT,Electronic - UnSourced,CAM49450 BOWWEB800,Call Center Internal,7/3/2017,7/3/2017,0,139.00
45684483,Bowflex Max Trainer,Bowflex Max Trainer,Short Form,CAM51219 IFC*N60*SOFTYTIC,Call Center Internal,7/3/2017,7/3/2017,1,1999.00
45684483,Bowflex Max Trainer,Treadclimber,Short Form,CAM51219 IFC*N60*SOFTYTIC,Call Center Internal,7/3/2017,7/3/2017,0,.00
45684484,Bowflex Max Trainer,Bowflex Max Trainer,Online Shopping,CAM44948 dofbiefeed1,Web,7/3/2017,7/3/2017,1,1999.00
45684484,Bowflex Max Trainer,Bowflex Max Trainer,Online Shopping,CAM44948 dofbiefeed1,Web,7/3/2017,7/3/2017,0,149.00
45684484,Bowflex Max Trainer,Treadclimber,Online Shopping,CAM44948 dofbiefeed1,Web,7/3/2017,7/3/2017,0,.00
45684484,Bowflex Max Trainer,Bowflex Max Trainer,Online Shopping,CAM44948 dofbiefeed1,Web,7/3/2017,7/3/2017,0,169.00
45684594,Bowflex Max Trainer,Bowflex Selecttech Dumbbells,Short Form,CAM51219 IFC*N60*SOFTYTIC,Call Center Internal,7/3/2017,7/3/2017,1,355.40
45684594,Bowflex Max Trainer,Bowflex Selecttech Dumbbells,Short Form,CAM51219 IFC*N60*SOFTYTIC,Call Center Internal,7/3/2017,7/3/2017,0,104.30
45684594,Bowflex Max Trainer,Bowflex Selecttech Dumbbells,Short Form,CAM51219 IFC*N60*SOFTYTIC,Call Center Internal,7/3/2017,7/3/2017,0,139.30
45684596,Bowflex Brand,Bowflex HVT,Electronic - UnSourced,CAM16616 DEGBFBHG,Web,7/3/2017,7/3/2017,1,1799.00
45684696,Bowflex Brand,Bowflex Max Trainer,Electronic - UnSourced,CAM16616 DEGBFBHG,Web,7/3/2017,7/3/2017,1,1449.00
45684905,Bowflex Max Trainer,Bowflex Max Trainer,Online Display,CAM45910 DODADCEDL3,Web,7/3/2017,7/3/2017,1,1449.00
45685005,Bowflex Max Trainer,Bowflex Max Trainer,Online Search,CAM44497 dosg2esl1,Web,7/3/2017,7/3/2017,1,1449.00
45685316,Bowflex Home Gyms,Bowflex Revolution,Un-Sourced,CAM40821 1800BOWFLEX,Call Center Internal,7/3/2017,7/3/2017,1,2599.00
45685626,Bowflex Max Trainer,Bowflex Max Trainer,Online Search,CAM47150 DOSG2ESL9,Web,7/3/2017,7/3/2017,1,1449.00
45685726,Bowflex Max Trainer,Bowflex Max Trainer,Un-Sourced,CAM45327 1800MAXTRAINER,Call Center Internal,7/3/2017,7/3/2017,1,1999.00
45685726,Bowflex Max Trainer,Bowflex Max Trainer,Un-Sourced,CAM45327 1800MAXTRAINER,Call Center Internal,7/3/2017,7/3/2017,0,149.00
45685726,Bowflex Max Trainer,Treadclimber,Un-Sourced,CAM45327 1800MAXTRAINER,Call Center Internal,7/3/2017,7/3/2017,0,.00
45686234,Treadclimber,Treadclimber,Online Search,CAM37655 dosbitsl10,Web,7/3/2017,7/3/2017,1,3198.99
45686442,Bowflex Max Trainer,Bowflex Max Trainer,Online Search,CAM44497 dosg2esl1,Web,7/3/2017,7/3/2017,1,1449.00
45686643,Bowflex Max Trainer,Bowflex Max Trainer,Online Display,CAM49986 SAWDODAOLE,Call Center Internal,7/3/2017,7/3/2017,1,1539.30
45686643,Bowflex Max Trainer,Treadclimber,Online Display,CAM49986 SAWDODAOLE,Call Center Internal,7/3/2017,7/3/2017,0,69.30
45686745,Bowflex Brand,Bowflex HVT,Electronic - UnSourced,CAM16616 DEGBFBHG,Web,7/3/2017,7/3/2017,1,1999.00
45686745,Bowflex Brand,Bowflex HVT,Electronic - UnSourced,CAM16616 DEGBFBHG,Web,7/3/2017,7/3/2017,0,139.00
45686848,Bowflex Home Gyms,Bowflex Max Trainer,Un-Sourced,CAM40821 1800BOWFLEX,Call Center Internal,7/3/2017,7/3/2017,1,1449.00
45686848,Bowflex Home Gyms,Bowflex Max Trainer,Un-Sourced,CAM40821 1800BOWFLEX,Call Center Internal,7/3/2017,7/3/2017,0,169.00
45686955,Bowflex Max Trainer,Bowflex Max Trainer,Online Display,CAM50255 SAWDODG2E,Call Center Internal,7/3/2017,7/3/2017,1,1539.30
45686955,Bowflex Max Trainer,Bowflex Revolution,Online Display,CAM50255 SAWDODG2E,Call Center Internal,7/3/2017,7/3/2017,1,2099.30
45686955,Bowflex Max Trainer,Bowflex Revolution,Online Display,CAM50255 SAWDODG2E,Call Center Internal,7/3/2017,7/3/2017,0,69.30
45686957,Bowflex Brand,Bowflex Selecttech Dumbbells,Electronic - UnSourced,CAM16616 DEGBFBHG,Web,7/3/2017,7/3/2017,0,139.30
45686957,Bowflex Brand,Bowflex Selecttech Dumbbells,Electronic - UnSourced,CAM16616 DEGBFBHG,Web,7/3/2017,7/3/2017,0,104.30
45686957,Bowflex Brand,Bowflex Selecttech Dumbbells,Electronic - UnSourced,CAM16616 DEGBFBHG,Web,7/3/2017,7/3/2017,1,355.40
45687058,Bowflex Max Trainer,Bowflex Max Trainer,Online Shopping,CAM44887 dofg2efeed1,Web,7/3/2017,7/3/2017,1,999.00
45687262,Bowflex Max Trainer,Bowflex Max Trainer,Short Form,CAM51236 FOXNN60*SOFTYTIC,Call Center Internal,7/3/2017,7/3/2017,1,1999.00
45687262,Bowflex Max Trainer,Bowflex Max Trainer,Short Form,CAM51236 FOXNN60*SOFTYTIC,Call Center Internal,7/3/2017,7/3/2017,0,169.00
45687262,Bowflex Max Trainer,Treadclimber,Short Form,CAM51236 FOXNN60*SOFTYTIC,Call Center Internal,7/3/2017,7/3/2017,0,.00
45687262,Bowflex Max Trainer,Bowflex Max Trainer,Short Form,CAM51236 FOXNN60*SOFTYTIC,Call Center Internal,7/3/2017,7/3/2017,0,209.00
45687264,Bowflex Max Trainer,Bowflex Selecttech Dumbbells,Short Form,CAM51236 FOXNN60*SOFTYTIC,Call Center Internal,7/3/2017,7/3/2017,0,69.00
45687266,Bowflex Brand,Bowflex Max Trainer,Online Search,CAM39441 dosbigl1,Web,7/3/2017,7/3/2017,1,1999.00
45687266,Bowflex Brand,Bowflex Max Trainer,Online Search,CAM39441 dosbigl1,Web,7/3/2017,7/3/2017,0,209.00
45687266,Bowflex Brand,Treadclimber,Online Search,CAM39441 dosbigl1,Web,7/3/2017,7/3/2017,0,.00
45687576,Bowflex Brand,Bowflex Max Trainer,Online Search,CAM31081 dosg2gl1,Web,7/3/2017,7/3/2017,1,1999.00
45687576,Bowflex Brand,Treadclimber,Online Search,CAM31081 dosg2gl1,Web,7/3/2017,7/3/2017,0,.00
45687577,Bowflex Max Trainer,Bowflex Max Trainer,Electronic - Short Form,CAM45798 DSEESF14H,Web,7/3/2017,7/3/2017,1,999.00
45687577,Bowflex Max Trainer,Results Treadmill,Electronic - Short Form,CAM45798 DSEESF14H,Web,7/3/2017,7/3/2017,0,1499.00
45687577,Bowflex Max Trainer,Bowflex Max Trainer,Electronic - Short Form,CAM45798 DSEESF14H,Web,7/3/2017,7/3/2017,0,169.00
45687782,Bowflex HVT,Bowflex HVT,Online Shopping,CAM50808 DOFG2HFEED1,Web,7/3/2017,7/3/2017,1,1799.00
45687992,Bowflex Max Trainer,Bowflex Max Trainer,Short Form,CAM51236 FOXNN60*SOFTYTIC,Call Center Internal,7/3/2017,7/3/2017,1,1449.00
45687992,Bowflex Max Trainer,Bowflex Max Trainer,Short Form,CAM51236 FOXNN60*SOFTYTIC,Call Center Internal,7/3/2017,7/3/2017,0,129.00
45688195,Bowflex Brand,Bowflex Max Trainer,Electronic - UnSourced,CAM16616 DEGBFBHG,Web,7/3/2017,7/3/2017,1,1999.00
45688195,Bowflex Brand,Treadclimber,Electronic - UnSourced,CAM16616 DEGBFBHG,Web,7/3/2017,7/3/2017,0,.00
45688395,Bowflex Brand,Bowflex Selecttech Dumbbells,Online Social,CAM50566 DOXFBBSCL001,Web,7/3/2017,7/3/2017,1,549.00
45688395,Bowflex Brand,Bowflex Selecttech Dumbbells,Online Social,CAM50566 DOXFBBSCL001,Web,7/3/2017,7/3/2017,0,69.00
45688596,Bowflex Max Trainer,Bowflex Max Trainer,Online Shopping,CAM44887 dofg2efeed1,Web,7/3/2017,7/3/2017,1,1999.00
45688596,Bowflex Max Trainer,Treadclimber,Online Shopping,CAM44887 dofg2efeed1,Web,7/3/2017,7/3/2017,0,.00
45688797,Bowflex HVT,Bowflex HVT,Online Shopping,CAM50808 DOFG2HFEED1,Web,7/3/2017,7/3/2017,1,1799.00
45688898,Bowflex Max Trainer,Bowflex Max Trainer,Electronic - Short Form,CAM45798 DSEESF14H,Web,7/3/2017,7/3/2017,1,1449.00
45688898,Bowflex Max Trainer,Bowflex Max Trainer,Electronic - Short Form,CAM45798 DSEESF14H,Web,7/3/2017,7/3/2017,0,169.00
45689000,Bowflex Brand,Bowflex Home Gyms,Online Search,CAM30755 dosg2gsl1,Web,7/3/2017,7/3/2017,1,1199.00
45689103,Bowflex Max Trainer,Bowflex Max Trainer,Online Search,CAM47150 DOSG2ESL9,Web,7/3/2017,7/3/2017,1,1449.00
45689209,Bowflex Max Trainer,Bowflex Max Trainer,Short Form,CAM51236 FOXNN60*SOFTYTIC,Call Center Internal,7/3/2017,7/3/2017,1,1999.00
45689209,Bowflex Max Trainer,Treadclimber,Short Form,CAM51236 FOXNN60*SOFTYTIC,Call Center Internal,7/3/2017,7/3/2017,0,.00
45689209,Bowflex Max Trainer,Bowflex Max Trainer,Short Form,CAM51236 FOXNN60*SOFTYTIC,Call Center Internal,7/3/2017,7/3/2017,0,209.00
45689319,Bowflex Max Trainer,Bowflex Max Trainer,Online Search,CAM44223 SAWDOSBIE,Call Center Internal,7/3/2017,7/3/2017,1,1999.00
45689319,Bowflex Max Trainer,Bowflex Max Trainer,Online Search,CAM44223 SAWDOSBIE,Call Center Internal,7/3/2017,7/3/2017,0,209.00
45689319,Bowflex Max Trainer,Treadclimber,Online Search,CAM44223 SAWDOSBIE,Call Center Internal,7/3/2017,7/3/2017,0,.00
45689526,Bowflex Brand,,Electronic - UnSourced,CAM49450 BOWWEB800,Call Center Internal,7/3/2017,7/3/2017,0,139.00
45689529,Bowflex Max Trainer,Bowflex Max Trainer,Electronic - Short Form,CAM45798 DSEESF14H,Web,7/3/2017,7/3/2017,1,1449.00
45689630,Bowflex Max Trainer,Bowflex Max Trainer,Online Search,CAM44497 dosg2esl1,Web,7/3/2017,7/3/2017,1,999.00
45689630,Bowflex Max Trainer,Bowflex Max Trainer,Online Search,CAM44497 dosg2esl1,Web,7/3/2017,7/3/2017,0,79.00
45689733,Bowflex Max Trainer,Bowflex Max Trainer,Short Form,CAM51221 LAFFN60*SOFTYTIC,Call Center Internal,7/3/2017,7/3/2017,1,1449.00
45689733,Bowflex Max Trainer,Bowflex Max Trainer,Short Form,CAM51221 LAFFN60*SOFTYTIC,Call Center Internal,7/3/2017,7/3/2017,0,129.00
45689736,Bowflex HVT,Bowflex HVT,Un-Sourced,CAM50745 1800HVT,Call Center Internal,7/3/2017,7/3/2017,1,1259.30
45689736,Bowflex HVT,Bowflex HVT,Un-Sourced,CAM50745 1800HVT,Call Center Internal,7/3/2017,7/3/2017,0,249.00
45689736,Bowflex HVT,Bowflex HVT,Un-Sourced,CAM50745 1800HVT,Call Center Internal,7/3/2017,7/3/2017,0,179.00
45689940,Bowflex Max Trainer,Treadclimber,Online Search,CAM44223 SAWDOSBIE,Call Center Internal,7/3/2017,7/3/2017,1,1599.00
45689940,Bowflex Max Trainer,Treadclimber,Online Search,CAM44223 SAWDOSBIE,Call Center Internal,7/3/2017,7/3/2017,0,249.00
45690144,Bowflex Brand,Bowflex Max Trainer,Electronic - UnSourced,CAM49450 BOWWEB800,Call Center Internal,7/3/2017,7/3/2017,1,1449.00
45690144,Bowflex Brand,Bowflex Max Trainer,Electronic - UnSourced,CAM49450 BOWWEB800,Call Center Internal,7/3/2017,7/3/2017,0,169.00
45690456,Bowflex Max Trainer,Bowflex Max Trainer,Online Search,CAM44567 dosg2esl3,Web,7/3/2017,7/3/2017,1,1449.00
45690457,Bowflex Max Trainer,Bowflex Max Trainer,Online Shopping,CAM44887 dofg2efeed1,Web,7/3/2017,7/3/2017,1,1099.00
45690457,Bowflex Max Trainer,Bowflex Max Trainer,Online Shopping,CAM44887 dofg2efeed1,Web,7/3/2017,7/3/2017,0,169.00
45690668,Bowflex Max Trainer,Bowflex Max Trainer,Online Display,CAM50256 DODG2EDL1,Web,7/3/2017,7/3/2017,1,1449.00
45690770,Bowflex Brand,Bowflex HVT,Electronic - UnSourced,CAM16616 DEGBFBHG,Web,7/3/2017,7/3/2017,1,1799.00
45690770,Bowflex Brand,Bowflex HVT,Electronic - UnSourced,CAM16616 DEGBFBHG,Web,7/3/2017,7/3/2017,0,179.00
45690770,Bowflex Brand,Bowflex HVT,Electronic - UnSourced,CAM16616 DEGBFBHG,Web,7/3/2017,7/3/2017,0,99.00
45690770,Bowflex Brand,Bowflex HVT,Electronic - UnSourced,CAM16616 DEGBFBHG,Web,7/3/2017,7/3/2017,0,249.00
45690870,Bowflex Max Trainer,Bowflex Revolution,Online Search,CAM44223 SAWDOSBIE,Call Center Internal,7/3/2017,7/3/2017,1,2599.00
45690870,Bowflex Max Trainer,Bowflex Revolution,Online Search,CAM44223 SAWDOSBIE,Call Center Internal,7/3/2017,7/3/2017,0,299.00
45690974,Bowflex Home Gyms,Treadclimber,Un-Sourced,CAM28157 SALESFOLLOWUP,Call Center Internal,7/3/2017,7/3/2017,1,2399.00
45690974,Bowflex Home Gyms,Treadclimber,Un-Sourced,CAM28157 SALESFOLLOWUP,Call Center Internal,7/3/2017,7/3/2017,0,14.99
45690975,Bowflex Brand,Bowflex Max Trainer,Online Search,CAM30796 SAWDOSG2G,Call Center Internal,7/3/2017,7/3/2017,1,1449.00
45690982,Bowflex Max Trainer,Bowflex Max Trainer,Online Search,CAM44551 dosg2esl4,Web,7/3/2017,7/3/2017,1,1449.00
45691083,Bowflex Max Trainer,Bowflex Max Trainer,Online Search,CAM44551 dosg2esl4,Web,7/3/2017,7/3/2017,1,1449.00
45691083,Bowflex Max Trainer,Bowflex Max Trainer,Online Search,CAM44551 dosg2esl4,Web,7/3/2017,7/3/2017,0,129.00
45691083,Bowflex Max Trainer,Bowflex Max Trainer,Online Search,CAM44551 dosg2esl4,Web,7/3/2017,7/3/2017,0,169.00
45691385,Bowflex Brand,Bowflex Max Trainer,Electronic - UnSourced,CAM16616 DEGBFBHG,Web,7/3/2017,7/3/2017,1,1449.00
45691385,Bowflex Brand,Treadclimber,Electronic - UnSourced,CAM16616 DEGBFBHG,Web,7/3/2017,7/3/2017,0,99.00
45691385,Bowflex Brand,Bowflex Max Trainer,Electronic - UnSourced,CAM16616 DEGBFBHG,Web,7/3/2017,7/3/2017,0,169.00
45691788,Bowflex Home Gyms,Bowflex Max Trainer,Un-Sourced,CAM28157 SALESFOLLOWUP,Call Center Internal,7/3/2017,7/3/2017,1,1999.00
45691788,Bowflex Home Gyms,Bowflex Max Trainer,Un-Sourced,CAM28157 SALESFOLLOWUP,Call Center Internal,7/3/2017,7/3/2017,0,209.00
45691788,Bowflex Home Gyms,Treadclimber,Un-Sourced,CAM28157 SALESFOLLOWUP,Call Center Internal,7/3/2017,7/3/2017,0,.00
45691897,Bowflex Brand,Bowflex Revolution,Electronic - UnSourced,CAM16616 DEGBFBHG,Web,7/3/2017,7/3/2017,0,238.99
45691997,Bowflex Max Trainer,Bowflex Max Trainer,Online Shopping,CAM45042 SAWDOFBIE,Call Center Internal,7/3/2017,7/3/2017,1,1449.00
45692206,Bowflex Home Gyms,Bowflex Max Trainer,Un-Sourced,CAM28157 SALESFOLLOWUP,Call Center Internal,7/3/2017,7/3/2017,1,1449.00
45692206,Bowflex Home Gyms,Bowflex Max Trainer,Un-Sourced,CAM28157 SALESFOLLOWUP,Call Center Internal,7/3/2017,7/3/2017,0,169.00
45692411,Bowflex Home Gyms,Bowflex Max Trainer,Online Shopping,CAM32062 dofg2gfeed1,Web,7/3/2017,7/3/2017,1,1999.00
45692411,Bowflex Home Gyms,Bowflex Max Trainer,Online Shopping,CAM32062 dofg2gfeed1,Web,7/3/2017,7/3/2017,0,209.00
45692411,Bowflex Home Gyms,Treadclimber,Online Shopping,CAM32062 dofg2gfeed1,Web,7/3/2017,7/3/2017,0,.00
45692411,Bowflex Home Gyms,Bowflex Max Trainer,Online Shopping,CAM32062 dofg2gfeed1,Web,7/3/2017,7/3/2017,0,169.00
45692612,Bowflex Max Trainer,Bowflex Max Trainer,Online Search,CAM44497 dosg2esl1,Call Center Internal,7/3/2017,7/3/2017,1,1999.00
45692612,Bowflex Max Trainer,Treadclimber,Online Search,CAM44497 dosg2esl1,Call Center Internal,7/3/2017,7/3/2017,0,.00
45692613,Bowflex Brand,Bowflex Max Trainer,Un-Sourced,CAM49456 BCARECREDIT,Call Center Internal,7/3/2017,7/3/2017,1,999.00
45692613,Bowflex Brand,Bowflex Max Trainer,Un-Sourced,CAM49456 BCARECREDIT,Call Center Internal,7/3/2017,7/3/2017,0,169.00
45692613,Bowflex Brand,Bowflex Max Trainer,Un-Sourced,CAM49456 BCARECREDIT,Call Center Internal,7/3/2017,7/3/2017,0,79.00
45692719,Bowflex Brand,Bowflex HVT,Online Search,CAM39441 dosbigl1,Web,7/3/2017,7/3/2017,1,1799.00
45693031,Bowflex Revolution,Bowflex Revolution,Un-Sourced,CAM40829 1800REVOLUTION,Call Center Internal,7/3/2017,7/3/2017,1,2099.30
45693031,Bowflex Revolution,Bowflex Revolution,Un-Sourced,CAM40829 1800REVOLUTION,Call Center Internal,7/3/2017,7/3/2017,0,299.00
45693031,Bowflex Revolution,Bowflex Home Gyms,Un-Sourced,CAM40829 1800REVOLUTION,Call Center Internal,7/3/2017,7/3/2017,0,69.30
45693031,Bowflex Revolution,Bowflex Revolution,Un-Sourced,CAM40829 1800REVOLUTION,Call Center Internal,7/3/2017,7/3/2017,0,69.30
45693031,Bowflex Revolution,Bowflex Revolution,Un-Sourced,CAM40829 1800REVOLUTION,Call Center Internal,7/3/2017,7/3/2017,0,139.30
45693036,Bowflex Brand,Bowflex Home Gyms,Electronic - UnSourced,CAM16616 DEGBFBHG,Web,7/3/2017,7/3/2017,1,1199.00
45693137,Bowflex Brand,Bowflex Max Trainer,Electronic - UnSourced,CAM16616 DEGBFBHG,Web,7/3/2017,7/3/2017,1,1449.00
45693138,Bowflex Brand,Bowflex Max Trainer,Online Search,CAM31081 dosg2gl1,Web,7/3/2017,7/3/2017,1,1449.00
45693239,Bowflex Brand,,Electronic - UnSourced,CAM49450 BOWWEB800,Call Center Internal,7/3/2017,7/3/2017,0,104.25
45693241,Bowflex Brand,Bowflex Selecttech Dumbbells,Electronic - UnSourced,CAM49450 BOWWEB800,Call Center Internal,7/3/2017,7/3/2017,1,299.00
45693246,Bowflex Home Gyms,Treadclimber,Un-Sourced,CAM40821 1800BOWFLEX,Call Center Internal,7/3/2017,7/3/2017,1,2399.00
45693246,Bowflex Home Gyms,Treadclimber,Un-Sourced,CAM40821 1800BOWFLEX,Call Center Internal,7/3/2017,7/3/2017,0,99.00
45693246,Bowflex Home Gyms,Treadclimber,Un-Sourced,CAM40821 1800BOWFLEX,Call Center Internal,7/3/2017,7/3/2017,0,199.00
45693248,Bowflex Max Trainer,Bowflex Max Trainer,Online Shopping,CAM44887 dofg2efeed1,Web,7/3/2017,7/3/2017,1,999.00
45693248,Bowflex Max Trainer,Bowflex Max Trainer,Online Shopping,CAM44887 dofg2efeed1,Web,7/3/2017,7/3/2017,0,109.00
45693248,Bowflex Max Trainer,Treadclimber,Online Shopping,CAM44887 dofg2efeed1,Web,7/3/2017,7/3/2017,0,99.00
45693248,Bowflex Max Trainer,Bowflex Max Trainer,Online Shopping,CAM44887 dofg2efeed1,Web,7/3/2017,7/3/2017,0,169.00
45693348,Treadclimber,Treadclimber,Un-Sourced,CAM40825 1800TREADCLIMBER,Call Center Internal,7/3/2017,7/3/2017,1,2399.00
45693348,Treadclimber,Treadclimber,Un-Sourced,CAM40825 1800TREADCLIMBER,Call Center Internal,7/3/2017,7/3/2017,0,14.99
45693348,Treadclimber,Treadclimber,Un-Sourced,CAM40825 1800TREADCLIMBER,Call Center Internal,7/3/2017,7/3/2017,0,199.00
45693350,Bowflex Max Trainer,Bowflex Max Trainer,Un-Sourced,CAM45327 1800MAXTRAINER,Call Center Internal,7/3/2017,7/3/2017,1,1449.00
45693350,Bowflex Max Trainer,Bowflex Max Trainer,Un-Sourced,CAM45327 1800MAXTRAINER,Call Center Internal,7/3/2017,7/3/2017,0,169.00
45693351,Bowflex Max Trainer,Bowflex Max Trainer,Un-Sourced,CAM45327 1800MAXTRAINER,Call Center Internal,7/3/2017,7/3/2017,1,1999.00
45693351,Bowflex Max Trainer,Treadclimber,Un-Sourced,CAM45327 1800MAXTRAINER,Call Center Internal,7/3/2017,7/3/2017,0,.00
45693352,Bowflex Max Trainer,Bowflex Max Trainer,Online Shopping,CAM44887 dofg2efeed1,Web,7/3/2017,7/3/2017,1,1999.00
45693352,Bowflex Max Trainer,Bowflex Max Trainer,Online Shopping,CAM44887 dofg2efeed1,Web,7/3/2017,7/3/2017,0,149.00
45693352,Bowflex Max Trainer,Treadclimber,Online Shopping,CAM44887 dofg2efeed1,Web,7/3/2017,7/3/2017,0,.00
45693352,Bowflex Max Trainer,Bowflex Max Trainer,Online Shopping,CAM44887 dofg2efeed1,Web,7/3/2017,7/3/2017,0,169.00
45693454,Bowflex Max Trainer,Bowflex Max Trainer,Online Search,CAM44551 dosg2esl4,Web,7/3/2017,7/3/2017,1,1449.00
45693656,Bowflex Max Trainer,Bowflex Max Trainer,Online Shopping,CAM44887 dofg2efeed1,Web,7/3/2017,7/3/2017,1,1999.00
45693656,Bowflex Max Trainer,Treadclimber,Online Shopping,CAM44887 dofg2efeed1,Web,7/3/2017,7/3/2017,0,.00
45693757,Bowflex Max Trainer,Bowflex Max Trainer,Online Shopping,CAM44887 dofg2efeed1,Call Center Internal,7/3/2017,7/3/2017,1,999.00
45693757,Bowflex Max Trainer,Bowflex Max Trainer,Online Shopping,CAM44887 dofg2efeed1,Call Center Internal,7/3/2017,7/3/2017,0,79.00
45693757,Bowflex Max Trainer,Treadclimber,Online Shopping,CAM44887 dofg2efeed1,Call Center Internal,7/3/2017,7/3/2017,0,99.00
45693759,Bowflex Brand,Treadclimber,Electronic - UnSourced,CAM49450 BOWWEB800,Call Center Internal,7/3/2017,7/3/2017,1,2399.00
45693759,Bowflex Brand,Treadclimber,Electronic - UnSourced,CAM49450 BOWWEB800,Call Center Internal,7/3/2017,7/3/2017,0,14.99
45693759,Bowflex Brand,Treadclimber,Electronic - UnSourced,CAM49450 BOWWEB800,Call Center Internal,7/3/2017,7/3/2017,0,99.00
45693767,Bowflex Max Trainer,Bowflex Max Trainer,Online Search,CAM44497 dosg2esl1,Web,7/3/2017,7/3/2017,1,1999.00
45693767,Bowflex Max Trainer,Treadclimber,Online Search,CAM44497 dosg2esl1,Web,7/3/2017,7/3/2017,0,.00
45693868,Bowflex Brand,Bowflex Revolution,Online Search,CAM31081 dosg2gl1,Web,7/3/2017,7/3/2017,0,238.99
45694076,Bowflex Max Trainer,Bowflex Max Trainer,Un-Sourced,CAM45327 1800MAXTRAINER,Call Center Internal,7/3/2017,7/3/2017,1,999.00
45694178,Bowflex Max Trainer,Bowflex Max Trainer,Un-Sourced,CAM45327 1800MAXTRAINER,Call Center Internal,7/3/2017,7/3/2017,1,1999.00
45694178,Bowflex Max Trainer,Treadclimber,Un-Sourced,CAM45327 1800MAXTRAINER,Call Center Internal,7/3/2017,7/3/2017,0,.00
45694179,Bowflex Brand,Bowflex Max Trainer,Online Search,CAM31081 dosg2gl1,Web,7/3/2017,7/3/2017,1,1449.00
45694179,Bowflex Brand,Bowflex Max Trainer,Online Search,CAM31081 dosg2gl1,Web,7/3/2017,7/3/2017,0,169.00
45694279,Bowflex Brand,Bowflex Selecttech Dumbbells,Electronic - UnSourced,CAM16616 DEGBFBHG,Web,7/3/2017,7/3/2017,1,355.40
45694279,Bowflex Brand,Bowflex Selecttech Dumbbells,Electronic - UnSourced,CAM16616 DEGBFBHG,Web,7/3/2017,7/3/2017,0,139.30
45694279,Bowflex Brand,Bowflex Selecttech Dumbbells,Electronic - UnSourced,CAM16616 DEGBFBHG,Web,7/3/2017,7/3/2017,0,104.30
45694481,Bowflex Max Trainer,Bowflex Max Trainer,Online Display,CAM50714 DODG2EDL3,Web,7/3/2017,7/3/2017,1,999.00
45694481,Bowflex Max Trainer,Bowflex Max Trainer,Online Display,CAM50714 DODG2EDL3,Web,7/3/2017,7/3/2017,0,109.00
45694581,Bowflex Brand,Bowflex Max Trainer,Electronic - UnSourced,CAM16616 DEGBFBHG,Web,7/3/2017,7/3/2017,1,1449.00
45694682,Bowflex Brand,Bowflex Max Trainer,Online Search,CAM31081 dosg2gl1,Web,7/3/2017,7/3/2017,1,999.00
45694782,Bowflex HVT,Bowflex HVT,Un-Sourced,CAM50745 1800HVT,Call Center Internal,7/3/2017,7/3/2017,1,1799.00
45694782,Bowflex HVT,Bowflex HVT,Un-Sourced,CAM50745 1800HVT,Call Center Internal,7/3/2017,7/3/2017,0,249.00
45694782,Bowflex HVT,Bowflex HVT,Un-Sourced,CAM50745 1800HVT,Call Center Internal,7/3/2017,7/3/2017,0,179.00
45694783,Bowflex Max Trainer,Bowflex Max Trainer,Online Search,CAM44429 dosbiesl1,Web,7/3/2017,7/3/2017,1,1999.00
45694783,Bowflex Max Trainer,Treadclimber,Online Search,CAM44429 dosbiesl1,Web,7/3/2017,7/3/2017,0,.00
45695086,Bowflex Brand,Bowflex Selecttech Dumbbells,Electronic - UnSourced,CAM16616 DEGBFBHG,Web,7/3/2017,7/3/2017,1,249.00
45695196,Bowflex Brand,Bowflex Selecttech Dumbbells,Electronic - UnSourced,CAM49450 BOWWEB800,Call Center Internal,7/3/2017,7/3/2017,0,199.00
45695196,Bowflex Brand,Bowflex Selecttech Dumbbells,Electronic - UnSourced,CAM49450 BOWWEB800,Call Center Internal,7/3/2017,7/3/2017,0,139.00
45695297,Bowflex Max Trainer,Bowflex Max Trainer,Short Form,CAM51236 FOXNN60*SOFTYTIC,Call Center Internal,7/3/2017,7/3/2017,1,1441.25
45695297,Bowflex Max Trainer,Treadclimber,Short Form,CAM51236 FOXNN60*SOFTYTIC,Call Center Internal,7/3/2017,7/3/2017,0,99.00
45695506,Bowflex Brand,Bowflex Max Trainer,Electronic - UnSourced,CAM16616 DEGBFBHG,Web,7/3/2017,7/3/2017,1,1449.00
45695606,Bowflex Max Trainer,Bowflex Max Trainer,Electronic - Short Form,CAM45798 DSEESF14H,Web,7/3/2017,7/3/2017,1,1999.00
45695606,Bowflex Max Trainer,Treadclimber,Electronic - Short Form,CAM45798 DSEESF14H,Web,7/3/2017,7/3/2017,0,.00
45695606,Bowflex Max Trainer,Bowflex Max Trainer,Electronic - Short Form,CAM45798 DSEESF14H,Web,7/3/2017,7/3/2017,0,169.00
45695707,Bowflex Brand,Bowflex Max Trainer,Electronic - UnSourced,CAM16616 DEGBFBHG,Web,7/3/2017,7/3/2017,1,1999.00
45695707,Bowflex Brand,Treadclimber,Electronic - UnSourced,CAM16616 DEGBFBHG,Web,7/3/2017,7/3/2017,0,.00
45695707,Bowflex Brand,Bowflex Max Trainer,Electronic - UnSourced,CAM16616 DEGBFBHG,Web,7/3/2017,7/3/2017,0,169.00
45695808,Bowflex Brand,Bowflex Selecttech Dumbbells,Electronic - UnSourced,CAM16616 DEGBFBHG,Web,7/3/2017,7/3/2017,1,355.40
45695808,Bowflex Brand,Bowflex Selecttech Dumbbells,Electronic - UnSourced,CAM16616 DEGBFBHG,Web,7/3/2017,7/3/2017,0,139.30
45695808,Bowflex Brand,Bowflex Selecttech Dumbbells,Electronic - UnSourced,CAM16616 DEGBFBHG,Web,7/3/2017,7/3/2017,0,104.30
45695908,Bowflex Max Trainer,Bowflex Max Trainer,Online Search,CAM47152 DOSBIESL8,Web,7/3/2017,7/3/2017,1,1999.00
45695908,Bowflex Max Trainer,Treadclimber,Online Search,CAM47152 DOSBIESL8,Web,7/3/2017,7/3/2017,0,.00
45696309,Bowflex Max Trainer,Bowflex Max Trainer,Online Search,CAM47150 DOSG2ESL9,Web,7/3/2017,7/3/2017,1,1999.00
45696309,Bowflex Max Trainer,Treadclimber,Online Search,CAM47150 DOSG2ESL9,Web,7/3/2017,7/3/2017,0,.00
45696810,Bowflex Max Trainer,Bowflex Max Trainer,Online Shopping,CAM44887 dofg2efeed1,Web,7/3/2017,7/3/2017,1,1449.00
45696910,Bowflex Brand,Bowflex Max Trainer,Electronic - UnSourced,CAM16616 DEGBFBHG,Web,7/3/2017,7/3/2017,1,1999.00
45696910,Bowflex Brand,Treadclimber,Electronic - UnSourced,CAM16616 DEGBFBHG,Web,7/3/2017,7/3/2017,0,.00
45696910,Bowflex Brand,Bowflex Max Trainer,Electronic - UnSourced,CAM16616 DEGBFBHG,Web,7/3/2017,7/3/2017,0,169.00
45697110,Bowflex Max Trainer,Bowflex Max Trainer,Online Search,CAM45731 DOSBIESL6,Web,7/3/2017,7/3/2017,1,999.00
45697210,Bowflex Brand,Bowflex Max Trainer,Electronic - UnSourced,CAM16616 DEGBFBHG,Web,7/3/2017,7/3/2017,1,1449.00
45697311,Bowflex Catalog,Bowflex Revolution,Electronic - UnSourced,CAM127 1800BOWFLEX_BFC,Call Center Internal,7/3/2017,7/3/2017,1,2599.00
45697311,Bowflex Catalog,Bowflex Revolution,Electronic - UnSourced,CAM127 1800BOWFLEX_BFC,Call Center Internal,7/3/2017,7/3/2017,0,199.00
45697312,Bowflex Max Trainer,Bowflex Max Trainer,Online Search,CAM45730 DOSG2ESL7,Web,7/3/2017,7/3/2017,1,1449.00
45697512,Bowflex Max Trainer,Bowflex Max Trainer,Online Search,CAM45730 DOSG2ESL7,Web,7/3/2017,7/3/2017,1,1449.00
45697612,Bowflex Max Trainer,Bowflex Max Trainer,Online Search,CAM44497 dosg2esl1,Web,7/3/2017,7/3/2017,1,999.00
45697612,Bowflex Max Trainer,Bowflex Max Trainer,Online Search,CAM44497 dosg2esl1,Web,7/3/2017,7/3/2017,0,79.00
45697612,Bowflex Max Trainer,Bowflex Max Trainer,Online Search,CAM44497 dosg2esl1,Web,7/3/2017,7/3/2017,0,169.00
45697812,Bowflex Brand,Bowflex Max Trainer,Online Search,CAM31081 dosg2gl1,Web,7/3/2017,7/3/2017,1,2099.00
45697812,Bowflex Brand,Bowflex Max Trainer,Online Search,CAM31081 dosg2gl1,Web,7/3/2017,7/3/2017,0,209.00
45697812,Bowflex Brand,Treadclimber,Online Search,CAM31081 dosg2gl1,Web,7/3/2017,7/3/2017,0,.00
45697812,Bowflex Brand,Bowflex Max Trainer,Online Search,CAM31081 dosg2gl1,Web,7/3/2017,7/3/2017,0,169.00
45697912,Bowflex Max Trainer,Bowflex Max Trainer,Online Search,CAM44429 dosbiesl1,Web,7/3/2017,7/3/2017,1,1449.00
45697912,Bowflex Max Trainer,Treadclimber,Online Search,CAM44429 dosbiesl1,Web,7/3/2017,7/3/2017,0,99.00
45698012,Bowflex Max Trainer,Bowflex Max Trainer,Online Search,CAM44497 dosg2esl1,Web,7/3/2017,7/3/2017,1,1449.00
45698012,Bowflex Max Trainer,Bowflex Max Trainer,Online Search,CAM44497 dosg2esl1,Web,7/3/2017,7/3/2017,0,169.00
45698112,Bowflex Max Trainer,Treadclimber,Short Form,CAM51440 GRITN60*HAOJ4TIC,Call Center Internal,7/3/2017,7/3/2017,1,2399.00
45698112,Bowflex Max Trainer,Treadclimber,Short Form,CAM51440 GRITN60*HAOJ4TIC,Call Center Internal,7/3/2017,7/3/2017,0,14.99
45698112,Bowflex Max Trainer,Bowflex Selecttech Dumbbells,Short Form,CAM51440 GRITN60*HAOJ4TIC,Call Center Internal,7/3/2017,7/3/2017,1,299.00
45698314,Bowflex Brand,Bowflex Max Trainer,Online Search,CAM31081 dosg2gl1,Web,7/3/2017,7/3/2017,1,999.00
45698414,Bowflex Brand,Bowflex Max Trainer,Online Search,CAM31081 dosg2gl1,Web,7/3/2017,7/3/2017,1,1449.00
45698414,Bowflex Brand,Bowflex Catalog,Online Search,CAM31081 dosg2gl1,Web,7/3/2017,7/3/2017,0,40.00
45698514,Bowflex Home Gyms,Bowflex Max Trainer,Un-Sourced,CAM40821 1800BOWFLEX,Call Center Internal,7/3/2017,7/3/2017,1,1999.00
45698514,Bowflex Home Gyms,Treadclimber,Un-Sourced,CAM40821 1800BOWFLEX,Call Center Internal,7/3/2017,7/3/2017,0,.00
45698514,Bowflex Home Gyms,Bowflex Max Trainer,Un-Sourced,CAM40821 1800BOWFLEX,Call Center Internal,7/3/2017,7/3/2017,0,209.00
45698515,Bowflex Brand,Bowflex Selecttech Dumbbells,Electronic - UnSourced,CAM16616 DEGBFBHG,Web,7/3/2017,7/3/2017,1,355.40
45698515,Bowflex Brand,Bowflex Selecttech Dumbbells,Electronic - UnSourced,CAM16616 DEGBFBHG,Web,7/3/2017,7/3/2017,0,39.00
45698515,Bowflex Brand,Bowflex Selecttech Dumbbells,Electronic - UnSourced,CAM16616 DEGBFBHG,Web,7/3/2017,7/3/2017,0,139.30
45698515,Bowflex Brand,Bowflex Selecttech Dumbbells,Electronic - UnSourced,CAM16616 DEGBFBHG,Web,7/3/2017,7/3/2017,0,104.30
45698615,Bowflex Max Trainer,Bowflex Max Trainer,Electronic - Short Form,CAM45798 DSEESF14H,Web,7/3/2017,7/3/2017,1,1449.00
45698715,Bowflex Max Trainer,Bowflex Max Trainer,Online Search,CAM44497 dosg2esl1,Web,7/3/2017,7/3/2017,1,1999.00
45698715,Bowflex Max Trainer,Treadclimber,Online Search,CAM44497 dosg2esl1,Web,7/3/2017,7/3/2017,0,.00
45698916,Bowflex Max Trainer,Bowflex Max Trainer,Online Shopping,CAM44948 dofbiefeed1,Web,7/3/2017,7/3/2017,1,2349.00
45698916,Bowflex Max Trainer,Bowflex Max Trainer,Online Shopping,CAM44948 dofbiefeed1,Web,7/3/2017,7/3/2017,0,169.00
45699516,Bowflex Brand,Results Treadmill,Electronic - UnSourced,CAM49450 BOWWEB800,Call Center Internal,7/3/2017,7/3/2017,0,1799.00
45699517,Bowflex HVT,Bowflex HVT,Online Search,CAM50810 DOSG2HSL1,Web,7/3/2017,7/3/2017,1,1799.00
45699518,Bowflex Max Trainer,Bowflex Max Trainer,Online Search,CAM44497 dosg2esl1,Web,7/3/2017,7/3/2017,1,1449.00
45699617,Bowflex Brand,Bowflex Max Trainer,Electronic - UnSourced,CAM16616 DEGBFBHG,Web,7/3/2017,7/3/2017,1,1999.00
45699617,Bowflex Brand,Treadclimber,Electronic - UnSourced,CAM16616 DEGBFBHG,Web,7/3/2017,7/3/2017,0,.00
45699817,Results Treadmill,Treadclimber,Online Display,CAM50814 DODG2BXTDL1,Call Center Internal,7/3/2017,7/3/2017,1,2399.00
45699817,Results Treadmill,Treadclimber,Online Display,CAM50814 DODG2BXTDL1,Call Center Internal,7/3/2017,7/3/2017,0,249.00
45699817,Results Treadmill,Treadclimber,Online Display,CAM50814 DODG2BXTDL1,Call Center Internal,7/3/2017,7/3/2017,0,99.00
45699918,Bowflex Max Trainer,Bowflex HVT,Online Search,CAM44429 dosbiesl1,Web,7/3/2017,7/3/2017,1,1799.00
45700018,Bowflex Brand,Bowflex Selecttech Dumbbells,Electronic - UnSourced,CAM16616 DEGBFBHG,Web,7/3/2017,7/3/2017,1,355.40
45700018,Bowflex Brand,Bowflex Selecttech Dumbbells,Electronic - UnSourced,CAM16616 DEGBFBHG,Web,7/3/2017,7/3/2017,0,139.30
45700018,Bowflex Brand,Bowflex Selecttech Dumbbells,Electronic - UnSourced,CAM16616 DEGBFBHG,Web,7/3/2017,7/3/2017,0,104.30
45700118,Bowflex Max Trainer,Bowflex Max Trainer,Online Search,CAM45730 DOSG2ESL7,Web,7/3/2017,7/3/2017,1,1999.00
45700118,Bowflex Max Trainer,Treadclimber,Online Search,CAM45730 DOSG2ESL7,Web,7/3/2017,7/3/2017,0,.00
45700218,Bowflex Max Trainer,Bowflex Max Trainer,Online Search,CAM44497 dosg2esl1,Web,7/3/2017,7/3/2017,1,1449.00
45700318,Bowflex Brand,Bowflex Home Gyms,Electronic - UnSourced,CAM49450 BOWWEB800,Call Center Internal,7/3/2017,7/3/2017,0,.00
45700319,Bowflex Max Trainer,Bowflex Max Trainer,Online Shopping,CAM44887 dofg2efeed1,Web,7/3/2017,7/3/2017,1,1449.00
45700619,Bowflex Max Trainer,Bowflex Max Trainer,Short Form,CAM51440 GRITN60*HAOJ4TIC,Call Center Internal,7/3/2017,7/3/2017,1,1999.00
45700619,Bowflex Max Trainer,Treadclimber,Short Form,CAM51440 GRITN60*HAOJ4TIC,Call Center Internal,7/3/2017,7/3/2017,0,.00
45700619,Bowflex Max Trainer,Bowflex Max Trainer,Short Form,CAM51440 GRITN60*HAOJ4TIC,Call Center Internal,7/3/2017,7/3/2017,0,149.00
45700620,Bowflex Max Trainer,Bowflex Max Trainer,Online Shopping,CAM44887 dofg2efeed1,Web,7/3/2017,7/3/2017,1,1449.00
45700720,Bowflex HVT,Bowflex HVT,Online Search,CAM50810 DOSG2HSL1,Web,7/3/2017,7/3/2017,1,1799.00
45700820,Bowflex Brand,Bowflex Max Trainer,Electronic - UnSourced,CAM16616 DEGBFBHG,Web,7/3/2017,7/3/2017,1,1449.00
45700920,Bowflex Max Trainer,Bowflex Max Trainer,Short Form,CAM51221 LAFFN60*SOFTYTIC,Call Center Internal,7/3/2017,7/3/2017,1,1999.00
45700920,Bowflex Max Trainer,Treadclimber,Short Form,CAM51221 LAFFN60*SOFTYTIC,Call Center Internal,7/3/2017,7/3/2017,0,.00
45700920,Bowflex Max Trainer,Bowflex Max Trainer,Short Form,CAM51221 LAFFN60*SOFTYTIC,Call Center Internal,7/3/2017,7/3/2017,0,209.00
45701121,Bowflex Brand,Bowflex Selecttech Dumbbells,Electronic - UnSourced,CAM49450 BOWWEB800,Call Center Internal,7/3/2017,7/3/2017,1,549.00
45701122,Bowflex Max Trainer,Bowflex Max Trainer,Short Form,CAM51221 LAFFN60*SOFTYTIC,Call Center Internal,7/3/2017,7/3/2017,1,999.00
45701122,Bowflex Max Trainer,Bowflex Max Trainer,Short Form,CAM51221 LAFFN60*SOFTYTIC,Call Center Internal,7/3/2017,7/3/2017,0,79.00
45701122,Bowflex Max Trainer,Bowflex Max Trainer,Short Form,CAM51221 LAFFN60*SOFTYTIC,Call Center Internal,7/3/2017,7/3/2017,0,169.00
45701223,Bowflex Home Gyms,Results Treadmill,Un-Sourced,CAM40821 1800BOWFLEX,Call Center Internal,7/3/2017,7/3/2017,0,1799.00
45701223,Bowflex Home Gyms,Results Treadmill,Un-Sourced,CAM40821 1800BOWFLEX,Call Center Internal,7/3/2017,7/3/2017,0,199.00
45701224,Bowflex Max Trainer,Bowflex Max Trainer,Online Search,CAM45729 DOSG2ESL6,Web,7/3/2017,7/3/2017,1,1999.00
45701224,Bowflex Max Trainer,Bowflex Max Trainer,Online Search,CAM45729 DOSG2ESL6,Web,7/3/2017,7/3/2017,0,149.00
45701224,Bowflex Max Trainer,Treadclimber,Online Search,CAM45729 DOSG2ESL6,Web,7/3/2017,7/3/2017,0,.00
45701325,Bowflex Max Trainer,Bowflex Max Trainer,Online Search,CAM44497 dosg2esl1,Web,7/3/2017,7/3/2017,1,1999.00
45701325,Bowflex Max Trainer,Treadclimber,Online Search,CAM44497 dosg2esl1,Web,7/3/2017,7/3/2017,0,.00
45701425,Bowflex Max Trainer,Bowflex Max Trainer,Online Search,CAM48984 DOSG2ESL11,Web,7/3/2017,7/3/2017,1,1999.00
45701425,Bowflex Max Trainer,Bowflex Max Trainer,Online Search,CAM48984 DOSG2ESL11,Web,7/3/2017,7/3/2017,0,149.00
45701525,Bowflex Brand,Bowflex Max Trainer,Electronic - UnSourced,CAM16616 DEGBFBHG,Web,7/3/2017,7/3/2017,1,1449.00
45701725,Bowflex Brand,Bowflex HVT,Electronic - UnSourced,CAM49450 BOWWEB800,Call Center Internal,7/3/2017,7/3/2017,1,1799.00
45701725,Bowflex Brand,Bowflex HVT,Electronic - UnSourced,CAM49450 BOWWEB800,Call Center Internal,7/3/2017,7/3/2017,0,99.00
45701726,Bowflex HVT,Bowflex HVT,Electronic - Short Form,CAM50958 DSEHSF17A,Web,7/3/2017,7/3/2017,1,1799.00
45701726,Bowflex HVT,Bowflex HVT,Electronic - Short Form,CAM50958 DSEHSF17A,Web,7/3/2017,7/3/2017,0,179.00
45701826,Bowflex Max Trainer,Bowflex Max Trainer,Online Search,CAM45730 DOSG2ESL7,Web,7/3/2017,7/3/2017,1,1449.00
45702026,Bowflex Brand,Bowflex Max Trainer,Electronic - UnSourced,CAM16616 DEGBFBHG,Web,7/3/2017,7/3/2017,1,999.00
45702226,Bowflex Max Trainer,Bowflex Max Trainer,Online Search,CAM44497 dosg2esl1,Web,7/3/2017,7/3/2017,1,999.00
45702226,Bowflex Max Trainer,Bowflex Max Trainer,Online Search,CAM44497 dosg2esl1,Web,7/3/2017,7/3/2017,0,169.00
45702326,Treadclimber,Bowflex Max Trainer,Online Search,CAM37440 dosg2tsl21,Web,7/3/2017,7/3/2017,1,1449.00
45702426,Bowflex Brand,Bowflex Max Trainer,Electronic - UnSourced,CAM16616 DEGBFBHG,Web,7/3/2017,7/3/2017,1,1999.00
45702426,Bowflex Brand,Treadclimber,Electronic - UnSourced,CAM16616 DEGBFBHG,Web,7/3/2017,7/3/2017,0,.00
45702626,Bowflex Brand,Bowflex Max Trainer,Electronic - UnSourced,CAM16616 DEGBFBHG,Web,7/3/2017,7/3/2017,1,1449.00
45702726,Bowflex Brand,Bowflex Max Trainer,Online Search,CAM31081 dosg2gl1,Web,7/3/2017,7/3/2017,1,999.00
45702826,Bowflex Brand,Bowflex HVT,Electronic - UnSourced,CAM16616 DEGBFBHG,Web,7/3/2017,7/3/2017,1,1799.00
45702826,Bowflex Brand,Bowflex Selecttech Dumbbells,Electronic - UnSourced,CAM16616 DEGBFBHG,Web,7/3/2017,7/3/2017,1,249.00
45702926,Results Treadmill,Bowflex Max Trainer,Online Search,CAM50820 DOSG2BXTSL2,Web,7/3/2017,7/3/2017,1,1999.00
45702926,Results Treadmill,Treadclimber,Online Search,CAM50820 DOSG2BXTSL2,Web,7/3/2017,7/3/2017,0,.00
45703026,Bowflex HVT,Bowflex HVT,Electronic - Short Form,CAM50959 DSEHSF17B,Web,7/3/2017,7/3/2017,1,1799.00
45703026,Bowflex HVT,Bowflex HVT,Electronic - Short Form,CAM50959 DSEHSF17B,Web,7/3/2017,7/3/2017,0,249.00
45703126,Bowflex Brand,Bowflex HVT,Electronic - UnSourced,CAM16616 DEGBFBHG,Web,7/3/2017,7/3/2017,1,1799.00
45703526,Bowflex Selecttech Dumbbells,Bowflex Selecttech Dumbbells,Online Search,CAM37148 dosg2dsl12,Web,7/3/2017,7/3/2017,1,355.40
45703526,Bowflex Selecttech Dumbbells,Bowflex Selecttech Dumbbells,Online Search,CAM37148 dosg2dsl12,Web,7/3/2017,7/3/2017,0,139.30
45703526,Bowflex Selecttech Dumbbells,Bowflex Selecttech Dumbbells,Online Search,CAM37148 dosg2dsl12,Web,7/3/2017,7/3/2017,0,104.30
45704126,Bowflex Home Gyms,Bowflex Home Gyms,Online Shopping,CAM32062 dofg2gfeed1,Web,7/3/2017,7/3/2017,1,1199.00
45704126,Bowflex Home Gyms,Bowflex Home Gyms,Online Shopping,CAM32062 dofg2gfeed1,Web,7/3/2017,7/3/2017,0,99.00
45704426,Bowflex Max Trainer,Bowflex Max Trainer,Online Shopping,CAM44887 dofg2efeed1,Web,7/3/2017,7/4/2017,1,1999.00
45704426,Bowflex Max Trainer,Treadclimber,Online Shopping,CAM44887 dofg2efeed1,Web,7/3/2017,7/4/2017,0,.00
45704426,Bowflex Max Trainer,Bowflex Max Trainer,Online Shopping,CAM44887 dofg2efeed1,Web,7/3/2017,7/4/2017,0,169.00
45704826,Bowflex Brand,Results Treadmill,Electronic - UnSourced,CAM16616 DEGBFBHG,Web,7/3/2017,7/4/2017,0,1847.00
45704926,Bowflex Brand,Bowflex Max Trainer,Electronic - UnSourced,CAM16616 DEGBFBHG,Web,7/3/2017,7/4/2017,1,1999.00
45704926,Bowflex Brand,Treadclimber,Electronic - UnSourced,CAM16616 DEGBFBHG,Web,7/3/2017,7/4/2017,0,.00
45705027,Bowflex Brand,Bowflex Selecttech Dumbbells,Online Search,CAM31081 dosg2gl1,Web,7/3/2017,7/4/2017,1,449.10
45705127,Bowflex Selecttech Dumbbells,Bowflex Selecttech Dumbbells,Online Shopping,CAM32061 dofg2dfeed1,Web,7/3/2017,7/4/2017,0,139.30
45705127,Bowflex Selecttech Dumbbells,Bowflex Selecttech Dumbbells,Online Shopping,CAM32061 dofg2dfeed1,Web,7/3/2017,7/4/2017,1,355.40
45705127,Bowflex Selecttech Dumbbells,Bowflex Selecttech Dumbbells,Online Shopping,CAM32061 dofg2dfeed1,Web,7/3/2017,7/4/2017,0,104.30
45705227,Bowflex Brand,Bowflex Max Trainer,Electronic - UnSourced,CAM16616 DEGBFBHG,Web,7/3/2017,7/4/2017,1,1449.00
45705227,Bowflex Brand,Treadclimber,Electronic - UnSourced,CAM16616 DEGBFBHG,Web,7/3/2017,7/4/2017,0,99.00
45705427,Bowflex Max Trainer,Bowflex Max Trainer,Online Search,CAM44429 dosbiesl1,Web,7/3/2017,7/4/2017,1,1749.00
45705428,Bowflex Max Trainer,Bowflex Max Trainer,Online Display,CAM50714 DODG2EDL3,Web,7/3/2017,7/4/2017,1,1449.00
45705428,Bowflex Max Trainer,Bowflex Max Trainer,Online Display,CAM50714 DODG2EDL3,Web,7/3/2017,7/4/2017,0,169.00
45705628,Bowflex Brand,Bowflex Max Trainer,Electronic - UnSourced,CAM16616 DEGBFBHG,Web,7/3/2017,7/4/2017,1,1449.00
45705728,Bowflex Max Trainer,Bowflex Max Trainer,Un-Sourced,CAM45327 1800MAXTRAINER,Call Center Internal,7/3/2017,7/4/2017,1,1999.00
45705728,Bowflex Max Trainer,Treadclimber,Un-Sourced,CAM45327 1800MAXTRAINER,Call Center Internal,7/3/2017,7/4/2017,0,.00
45706036,Bowflex Brand,Bowflex Max Trainer,Electronic - UnSourced,CAM16616 DEGBFBHG,Web,7/3/2017,7/4/2017,1,1449.00
45706136,Bowflex Brand,Bowflex Selecttech Dumbbells,Electronic - UnSourced,CAM16616 DEGBFBHG,Web,7/3/2017,7/4/2017,1,355.40
45706136,Bowflex Brand,Bowflex Selecttech Dumbbells,Electronic - UnSourced,CAM16616 DEGBFBHG,Web,7/3/2017,7/4/2017,0,139.30
45706136,Bowflex Brand,Bowflex Selecttech Dumbbells,Electronic - UnSourced,CAM16616 DEGBFBHG,Web,7/3/2017,7/4/2017,0,104.29
45706236,Bowflex Max Trainer,Bowflex Max Trainer,Online Display,CAM50256 DODG2EDL1,Web,7/3/2017,7/4/2017,1,1449.00
45706236,Bowflex Max Trainer,Treadclimber,Online Display,CAM50256 DODG2EDL1,Web,7/3/2017,7/4/2017,0,99.00
45706336,Bowflex Brand,Bowflex Selecttech Dumbbells,Electronic - UnSourced,CAM49450 BOWWEB800,Call Center Internal,7/3/2017,7/4/2017,1,249.00
45706336,Bowflex Brand,Bowflex Selecttech Dumbbells,Electronic - UnSourced,CAM49450 BOWWEB800,Call Center Internal,7/3/2017,7/4/2017,0,59.00
45706337,Bowflex Max Trainer,Bowflex Max Trainer,Short Form,CAM51221 LAFFN60*SOFTYTIC,Call Center Internal,7/3/2017,7/4/2017,1,999.00
45706440,Bowflex Brand,Bowflex Max Trainer,Electronic - UnSourced,CAM49450 BOWWEB800,Call Center Internal,7/3/2017,7/4/2017,0,169.00
45706440,Bowflex Brand,Bowflex Max Trainer,Electronic - UnSourced,CAM49450 BOWWEB800,Call Center Internal,7/3/2017,7/4/2017,0,209.00
45706546,Bowflex HVT,Bowflex HVT,Online Display,CAM50802 DODG2HDL2,Web,7/3/2017,7/4/2017,1,1799.00
45706547,Bowflex Max Trainer,Bowflex Max Trainer,Online Shopping,CAM44887 dofg2efeed1,Web,7/3/2017,7/4/2017,1,1449.00
45706746,Bowflex Brand,Treadclimber,Electronic - UnSourced,CAM16616 DEGBFBHG,Web,7/3/2017,7/4/2017,1,1599.00
45706746,Bowflex Brand,Treadclimber,Electronic - UnSourced,CAM16616 DEGBFBHG,Web,7/3/2017,7/4/2017,0,249.00
45707046,Bowflex Max Trainer,Bowflex Max Trainer,Online Search,CAM44497 dosg2esl1,Web,7/3/2017,7/4/2017,1,1449.00
45707046,Bowflex Max Trainer,Bowflex Max Trainer,Online Search,CAM44497 dosg2esl1,Web,7/3/2017,7/4/2017,0,169.00
45707246,Bowflex Max Trainer,Bowflex Max Trainer,Online Search,CAM47150 DOSG2ESL9,Web,7/3/2017,7/4/2017,1,1449.00
45707346,Bowflex Max Trainer,Bowflex Max Trainer,Online Search,CAM44497 dosg2esl1,Web,7/3/2017,7/4/2017,1,1999.00
45707346,Bowflex Max Trainer,Treadclimber,Online Search,CAM44497 dosg2esl1,Web,7/3/2017,7/4/2017,0,.00
45707447,Bowflex Brand,Treadclimber,Online Search,CAM31081 dosg2gl1,Web,7/3/2017,7/4/2017,1,1599.00
45707547,Bowflex Max Trainer,Bowflex Max Trainer,Online Search,CAM44497 dosg2esl1,Web,7/3/2017,7/4/2017,1,1999.00
45707547,Bowflex Max Trainer,Treadclimber,Online Search,CAM44497 dosg2esl1,Web,7/3/2017,7/4/2017,0,.00
45707548,Bowflex Max Trainer,Bowflex Max Trainer,Electronic - Short Form,CAM45798 DSEESF14H,Web,7/3/2017,7/4/2017,1,1449.00
45707548,Bowflex Max Trainer,Bowflex Max Trainer,Electronic - Short Form,CAM45798 DSEESF14H,Web,7/3/2017,7/4/2017,0,169.00
45707647,Bowflex Max Trainer,Bowflex Max Trainer,Online Shopping,CAM44887 dofg2efeed1,Web,7/3/2017,7/4/2017,1,1449.00
45707649,Bowflex Max Trainer,Bowflex Max Trainer,Online Display,CAM50256 DODG2EDL1,Web,7/3/2017,7/4/2017,1,1449.00
45707649,Bowflex Max Trainer,Bowflex Max Trainer,Online Display,CAM50256 DODG2EDL1,Web,7/3/2017,7/4/2017,0,169.00
45707747,Bowflex Max Trainer,Bowflex Max Trainer,Un-Sourced,CAM45327 1800MAXTRAINER,Call Center Internal,7/3/2017,7/4/2017,1,999.00
45707748,Bowflex Brand,Treadclimber,Online Search,CAM31081 dosg2gl1,Web,7/3/2017,7/4/2017,1,2399.00
45707749,Bowflex Max Trainer,Bowflex Max Trainer,Online Search,CAM44497 dosg2esl1,Web,7/3/2017,7/4/2017,1,1449.00
45707948,Bowflex Brand,Bowflex Home Gyms,Electronic - UnSourced,CAM16616 DEGBFBHG,Web,7/3/2017,7/4/2017,1,1199.00
45707948,Bowflex Brand,Bowflex Home Gyms,Electronic - UnSourced,CAM16616 DEGBFBHG,Web,7/3/2017,7/4/2017,0,139.99
45707949,Treadclimber,Bowflex Max Trainer,Online Shopping,CAM32123 dofg2tfeed1,Web,7/3/2017,7/4/2017,1,1999.00
45707949,Treadclimber,Treadclimber,Online Shopping,CAM32123 dofg2tfeed1,Web,7/3/2017,7/4/2017,0,.00
45708048,Bowflex Brand,Bowflex Max Trainer,Online Search,CAM31081 dosg2gl1,Web,7/3/2017,7/4/2017,1,1999.00
45708048,Bowflex Brand,Bowflex Max Trainer,Online Search,CAM31081 dosg2gl1,Web,7/3/2017,7/4/2017,0,209.00
45708048,Bowflex Brand,Treadclimber,Online Search,CAM31081 dosg2gl1,Web,7/3/2017,7/4/2017,0,.00
45708049,Bowflex Brand,Bowflex Selecttech Dumbbells,Electronic - UnSourced,CAM16616 DEGBFBHG,Web,7/3/2017,7/4/2017,0,158.99
45708049,Bowflex Brand,Bowflex Catalog,Electronic - UnSourced,CAM16616 DEGBFBHG,Web,7/3/2017,7/4/2017,0,49.99
45708148,Bowflex Brand,Bowflex Max Trainer,Electronic - UnSourced,CAM16616 DEGBFBHG,Web,7/3/2017,7/4/2017,1,1449.00
45708250,Bowflex Brand,Bowflex Max Trainer,Electronic - UnSourced,CAM16616 DEGBFBHG,Web,7/3/2017,7/4/2017,1,1449.00
45708450,Bowflex Brand,Bowflex Max Trainer,Electronic - UnSourced,CAM16616 DEGBFBHG,Web,7/3/2017,7/4/2017,1,999.00
45708450,Bowflex Brand,Bowflex Max Trainer,Electronic - UnSourced,CAM16616 DEGBFBHG,Web,7/3/2017,7/4/2017,0,79.00
45708450,Bowflex Brand,Bowflex Max Trainer,Electronic - UnSourced,CAM16616 DEGBFBHG,Web,7/3/2017,7/4/2017,0,169.00
45708651,Bowflex Max Trainer,Bowflex Max Trainer,Online Search,CAM44429 dosbiesl1,Web,7/3/2017,7/4/2017,1,1449.00
45708751,Bowflex Brand,Bowflex Selecttech Dumbbells,Electronic - UnSourced,CAM16616 DEGBFBHG,Web,7/3/2017,7/4/2017,1,355.40
45708751,Bowflex Brand,Bowflex Selecttech Dumbbells,Electronic - UnSourced,CAM16616 DEGBFBHG,Web,7/3/2017,7/4/2017,0,104.30
45708751,Bowflex Brand,Bowflex Selecttech Dumbbells,Electronic - UnSourced,CAM16616 DEGBFBHG,Web,7/3/2017,7/4/2017,0,139.30
45708852,Bowflex Brand,Bowflex Max Trainer,Online Search,CAM31081 dosg2gl1,Web,7/3/2017,7/4/2017,1,1999.00
45708852,Bowflex Brand,Treadclimber,Online Search,CAM31081 dosg2gl1,Web,7/3/2017,7/4/2017,0,.00
45709052,Bowflex Max Trainer,Bowflex Max Trainer,Online Search,CAM44497 dosg2esl1,Web,7/3/2017,7/4/2017,1,1448.99
45709052,Bowflex Max Trainer,Bowflex Max Trainer,Online Search,CAM44497 dosg2esl1,Web,7/3/2017,7/4/2017,0,169.00
45709152,Bowflex Max Trainer,Bowflex Max Trainer,Online Display,CAM50256 DODG2EDL1,Web,7/3/2017,7/4/2017,1,1449.00
45709152,Bowflex Max Trainer,Bowflex Max Trainer,Online Display,CAM50256 DODG2EDL1,Web,7/3/2017,7/4/2017,0,169.00
45709152,Bowflex Max Trainer,Bowflex Max Trainer,Online Display,CAM50256 DODG2EDL1,Web,7/3/2017,7/4/2017,0,169.00
45709252,Bowflex Max Trainer,Bowflex Max Trainer,Online Display,CAM50714 DODG2EDL3,Web,7/3/2017,7/4/2017,1,1449.00
45709454,Treadclimber,Treadclimber,Online Search,CAM37440 dosg2tsl21,Web,7/3/2017,7/4/2017,1,1599.00
45709454,Treadclimber,Treadclimber,Online Search,CAM37440 dosg2tsl21,Web,7/3/2017,7/4/2017,0,99.00
45709454,Treadclimber,Treadclimber,Online Search,CAM37440 dosg2tsl21,Web,7/3/2017,7/4/2017,0,249.00
45709554,Bowflex Brand,Treadclimber,Online Search,CAM30796 SAWDOSG2G,Call Center Internal,7/3/2017,7/4/2017,1,2299.00
45709554,Bowflex Brand,Treadclimber,Online Search,CAM30796 SAWDOSG2G,Call Center Internal,7/3/2017,7/4/2017,0,249.00
45709554,Bowflex Brand,Treadclimber,Online Search,CAM30796 SAWDOSG2G,Call Center Internal,7/3/2017,7/4/2017,0,299.00
45709555,Bowflex Max Trainer,Bowflex Max Trainer,Online Search,CAM44497 dosg2esl1,Web,7/3/2017,7/4/2017,1,1449.00
45709655,Bowflex Brand,Bowflex Selecttech Dumbbells,Electronic - UnSourced,CAM16616 DEGBFBHG,Web,7/3/2017,7/4/2017,1,249.00
45709756,Bowflex Brand,Bowflex Max Trainer,Electronic - UnSourced,CAM16616 DEGBFBHG,Web,7/3/2017,7/4/2017,1,1449.00
45709856,Bowflex Max Trainer,Bowflex Max Trainer,Online Display,CAM50714 DODG2EDL3,Web,7/3/2017,7/4/2017,1,1999.00
45709856,Bowflex Max Trainer,Bowflex Max Trainer,Online Display,CAM50714 DODG2EDL3,Web,7/3/2017,7/4/2017,0,149.00
45709856,Bowflex Max Trainer,Treadclimber,Online Display,CAM50714 DODG2EDL3,Web,7/3/2017,7/4/2017,0,.00
45709856,Bowflex Max Trainer,Bowflex Max Trainer,Online Display,CAM50714 DODG2EDL3,Web,7/3/2017,7/4/2017,0,169.00
45709956,Bowflex Max Trainer,Bowflex Max Trainer,Electronic - Short Form,CAM45798 DSEESF14H,Web,7/3/2017,7/4/2017,1,1449.00
45709956,Bowflex Max Trainer,Bowflex Max Trainer,Electronic - Short Form,CAM45798 DSEESF14H,Web,7/3/2017,7/4/2017,0,169.00
45710159,Bowflex Home Gyms,Bowflex Max Trainer,Un-Sourced,CAM28157 SALESFOLLOWUP,Call Center Internal,7/3/2017,7/4/2017,1,1119.30
45710261,Bowflex Home Gyms,Results Treadmill,Un-Sourced,CAM40821 1800BOWFLEX,Call Center Internal,7/3/2017,7/4/2017,0,1799.00
45710261,Bowflex Home Gyms,Bowflex Catalog,Un-Sourced,CAM40821 1800BOWFLEX,Call Center Internal,7/3/2017,7/4/2017,0,49.99
45710262,Bowflex Home Gyms,Bowflex HVT,Un-Sourced,CAM40821 1800BOWFLEX,Call Center Internal,7/3/2017,7/4/2017,1,1799.00
45710264,Bowflex Max Trainer,Bowflex Max Trainer,Short Form,CAM51431 CMT*N60*HAOJ4TIC,Call Center Internal,7/3/2017,7/4/2017,1,1449.00
45710264,Bowflex Max Trainer,Bowflex Max Trainer,Short Form,CAM51431 CMT*N60*HAOJ4TIC,Call Center Internal,7/3/2017,7/4/2017,0,169.00
45710265,Bowflex Brand,Bowflex Max Trainer,Online Search,CAM31081 dosg2gl1,Web,7/3/2017,7/4/2017,1,1999.00
45710265,Bowflex Brand,Treadclimber,Online Search,CAM31081 dosg2gl1,Web,7/3/2017,7/4/2017,0,.00
45710265,Bowflex Brand,Bowflex Max Trainer,Online Search,CAM31081 dosg2gl1,Web,7/3/2017,7/4/2017,0,169.00
45710367,Bowflex Brand,Bowflex Max Trainer,Electronic - UnSourced,CAM16616 DEGBFBHG,Web,7/3/2017,7/4/2017,1,1999.00
45710367,Bowflex Brand,Treadclimber,Electronic - UnSourced,CAM16616 DEGBFBHG,Web,7/3/2017,7/4/2017,0,.00
45710467,Bowflex Max Trainer,Bowflex Max Trainer,Short Form,CAM51236 FOXNN60*SOFTYTIC,Call Center Internal,7/3/2017,7/4/2017,1,1449.00
45710468,Bowflex Max Trainer,Bowflex Max Trainer,Electronic - Short Form,CAM45798 DSEESF14H,Web,7/3/2017,7/4/2017,1,1449.00
45710569,Bowflex Brand,Bowflex Home Gyms,Electronic - UnSourced,CAM16616 DEGBFBHG,Web,7/3/2017,7/4/2017,0,109.99
45710569,Bowflex Brand,Bowflex Home Gyms,Electronic - UnSourced,CAM16616 DEGBFBHG,Web,7/3/2017,7/4/2017,0,49.98
45710669,Bowflex Brand,Bowflex Max Trainer,Electronic - UnSourced,CAM16616 DEGBFBHG,Web,7/3/2017,7/4/2017,1,1449.00
45710669,Bowflex Brand,Bowflex Max Trainer,Electronic - UnSourced,CAM16616 DEGBFBHG,Web,7/3/2017,7/4/2017,0,169.00
45710769,Bowflex Max Trainer,Bowflex Max Trainer,Online Shopping,CAM44887 dofg2efeed1,Web,7/3/2017,7/4/2017,1,999.00
45710769,Bowflex Max Trainer,Bowflex Max Trainer,Online Shopping,CAM44887 dofg2efeed1,Web,7/3/2017,7/4/2017,0,79.00
45711070,Bowflex Home Gyms,Treadclimber,Un-Sourced,CAM28157 SALESFOLLOWUP,Call Center Internal,7/3/2017,7/4/2017,1,1599.00
45711070,Bowflex Home Gyms,Treadclimber,Un-Sourced,CAM28157 SALESFOLLOWUP,Call Center Internal,7/3/2017,7/4/2017,0,199.00
45711172,Bowflex Max Trainer,Bowflex HVT,Short Form,CAM51219 IFC*N60*SOFTYTIC,Call Center Internal,7/3/2017,7/4/2017,1,1799.00
45711172,Bowflex Max Trainer,Bowflex HVT,Short Form,CAM51219 IFC*N60*SOFTYTIC,Call Center Internal,7/3/2017,7/4/2017,0,179.00
45711173,Bowflex Max Trainer,Bowflex Max Trainer,Online Search,CAM44497 dosg2esl1,Web,7/3/2017,7/4/2017,1,1999.00
45711173,Bowflex Max Trainer,Bowflex Max Trainer,Online Search,CAM44497 dosg2esl1,Web,7/3/2017,7/4/2017,0,149.00
45711173,Bowflex Max Trainer,Treadclimber,Online Search,CAM44497 dosg2esl1,Web,7/3/2017,7/4/2017,0,.00
45711273,Bowflex Max Trainer,Bowflex Max Trainer,Online Search,CAM44497 dosg2esl1,Web,7/3/2017,7/4/2017,1,1999.00
45711273,Bowflex Max Trainer,Treadclimber,Online Search,CAM44497 dosg2esl1,Web,7/3/2017,7/4/2017,0,.00
45711373,Bowflex Max Trainer,Bowflex Selecttech Dumbbells,Online Shopping,CAM44948 dofbiefeed1,Web,7/3/2017,7/4/2017,0,228.99
45711473,Bowflex Brand,Bowflex Selecttech Dumbbells,Electronic - UnSourced,CAM49450 BOWWEB800,Call Center Internal,7/3/2017,7/4/2017,1,549.00
45711574,Bowflex Max Trainer,Bowflex Max Trainer,Online Display,CAM50256 DODG2EDL1,Web,7/3/2017,7/4/2017,1,1999.00
45711574,Bowflex Max Trainer,Treadclimber,Online Display,CAM50256 DODG2EDL1,Web,7/3/2017,7/4/2017,0,.00
45711575,Bowflex Max Trainer,Bowflex Max Trainer,Online Display,CAM50256 DODG2EDL1,Web,7/3/2017,7/4/2017,1,999.00
45711674,Bowflex Brand,Bowflex Revolution,Online Search,CAM49688 SAWDOSBI,Call Center Internal,7/3/2017,7/4/2017,1,2599.00
45711676,Bowflex Max Trainer,Bowflex Max Trainer,Online Search,CAM48984 DOSG2ESL11,Web,7/3/2017,7/4/2017,1,1999.00
45711676,Bowflex Max Trainer,Bowflex Max Trainer,Online Search,CAM48984 DOSG2ESL11,Web,7/3/2017,7/4/2017,0,209.00
45711676,Bowflex Max Trainer,Treadclimber,Online Search,CAM48984 DOSG2ESL11,Web,7/3/2017,7/4/2017,0,.00
45711676,Bowflex Max Trainer,Bowflex Max Trainer,Online Search,CAM48984 DOSG2ESL11,Web,7/3/2017,7/4/2017,0,169.00
45712080,Bowflex Max Trainer,Bowflex Max Trainer,Short Form,CAM51433 CNN*N60*HAOJ4TIC,Call Center Internal,7/3/2017,7/4/2017,1,1999.00
45712080,Bowflex Max Trainer,Treadclimber,Short Form,CAM51433 CNN*N60*HAOJ4TIC,Call Center Internal,7/3/2017,7/4/2017,0,.00
45712080,Bowflex Max Trainer,Bowflex Max Trainer,Short Form,CAM51433 CNN*N60*HAOJ4TIC,Call Center Internal,7/3/2017,7/4/2017,0,209.00
45712081,Bowflex Max Trainer,Bowflex Max Trainer,Online Search,CAM44497 dosg2esl1,Web,7/3/2017,7/4/2017,1,1999.00
45712081,Bowflex Max Trainer,Treadclimber,Online Search,CAM44497 dosg2esl1,Web,7/3/2017,7/4/2017,0,.00
45712181,Bowflex Brand,Bowflex Max Trainer,Electronic - UnSourced,CAM16616 DEGBFBHG,Web,7/3/2017,7/4/2017,1,999.00
45712182,Bowflex Brand,Bowflex Max Trainer,Online Search,CAM31081 dosg2gl1,Web,7/3/2017,7/4/2017,1,1449.00
45712281,Bowflex Brand,Bowflex HVT,Online Search,CAM31081 dosg2gl1,Web,7/3/2017,7/4/2017,0,108.99
45712381,Bowflex Brand,Bowflex HVT,Online Search,CAM31081 dosg2gl1,Web,7/3/2017,7/4/2017,1,1799.00
45712484,Bowflex Max Trainer,Bowflex Max Trainer,Online Search,CAM44497 dosg2esl1,Web,7/3/2017,7/4/2017,1,1449.00
45712484,Bowflex Max Trainer,Bowflex Max Trainer,Online Search,CAM44497 dosg2esl1,Web,7/3/2017,7/4/2017,0,169.00
45712788,Bowflex Max Trainer,Bowflex Max Trainer,Online Search,CAM44497 dosg2esl1,Web,7/3/2017,7/4/2017,1,1449.00
45712788,Bowflex Max Trainer,Bowflex Max Trainer,Online Search,CAM44497 dosg2esl1,Web,7/3/2017,7/4/2017,0,169.00
45712888,Bowflex Max Trainer,Bowflex Max Trainer,Online Shopping,CAM44887 dofg2efeed1,Web,7/3/2017,7/4/2017,1,999.00
45712888,Bowflex Max Trainer,Bowflex Max Trainer,Online Shopping,CAM44887 dofg2efeed1,Web,7/3/2017,7/4/2017,0,169.00
45713088,Bowflex Brand,Bowflex Home Gyms,Electronic - UnSourced,CAM16616 DEGBFBHG,Web,7/3/2017,7/4/2017,0,23.98
45713188,Bowflex Max Trainer,Bowflex Max Trainer,Online Search,CAM44429 dosbiesl1,Web,7/3/2017,7/4/2017,1,1449.00
45713188,Bowflex Max Trainer,Treadclimber,Online Search,CAM44429 dosbiesl1,Web,7/3/2017,7/4/2017,0,99.00
45713289,Bowflex Max Trainer,Bowflex Max Trainer,Electronic - Short Form,CAM45798 DSEESF14H,Web,7/3/2017,7/4/2017,1,999.00
45713389,Bowflex Max Trainer,Bowflex Max Trainer,Electronic - Short Form,CAM45798 DSEESF14H,Web,7/3/2017,7/4/2017,1,1449.00
45713589,Bowflex Home Gyms,Bowflex Home Gyms,Online Shopping,CAM32062 dofg2gfeed1,Web,7/3/2017,7/4/2017,1,1199.00
45713689,Bowflex Max Trainer,Bowflex Max Trainer,Electronic - Short Form,CAM45798 DSEESF14H,Web,7/3/2017,7/4/2017,1,1449.00
45713789,Bowflex Max Trainer,Bowflex Max Trainer,Online Search,CAM44497 dosg2esl1,Web,7/3/2017,7/4/2017,1,1449.00
45713789,Bowflex Max Trainer,Bowflex Max Trainer,Online Search,CAM44497 dosg2esl1,Web,7/3/2017,7/4/2017,0,169.00
45713989,Bowflex Max Trainer,Bowflex Max Trainer,Un-Sourced,CAM45327 1800MAXTRAINER,Call Center Internal,7/3/2017,7/4/2017,1,1999.00
45713989,Bowflex Max Trainer,Treadclimber,Un-Sourced,CAM45327 1800MAXTRAINER,Call Center Internal,7/3/2017,7/4/2017,0,.00
45713991,Bowflex Brand,Bowflex Max Trainer,Online Search,CAM31081 dosg2gl1,Web,7/3/2017,7/4/2017,1,999.00
45713992,Bowflex Max Trainer,Bowflex Max Trainer,Online Shopping,CAM44887 dofg2efeed1,Web,7/3/2017,7/4/2017,1,1449.00
45713992,Bowflex Max Trainer,Treadclimber,Online Shopping,CAM44887 dofg2efeed1,Web,7/3/2017,7/4/2017,0,99.00
45714091,Treadclimber,Bowflex Max Trainer,Online Search,CAM37440 dosg2tsl21,Web,7/3/2017,7/4/2017,1,1449.00
45714191,Bowflex Max Trainer,Bowflex Max Trainer,Un-Sourced,CAM45327 1800MAXTRAINER,Call Center Internal,7/3/2017,7/4/2017,0,169.00
45714191,Bowflex Max Trainer,,Un-Sourced,CAM45327 1800MAXTRAINER,Call Center Internal,7/3/2017,7/4/2017,0,99.00
45714191,Bowflex Max Trainer,Bowflex Max Trainer,Un-Sourced,CAM45327 1800MAXTRAINER,Call Center Internal,7/3/2017,7/4/2017,0,209.00
45714192,Bowflex Brand,Bowflex Max Trainer,Online Search,CAM30796 SAWDOSG2G,Call Center Internal,7/3/2017,7/4/2017,1,1999.00
45714192,Bowflex Brand,Treadclimber,Online Search,CAM30796 SAWDOSG2G,Call Center Internal,7/3/2017,7/4/2017,0,.00
45714192,Bowflex Brand,Bowflex Max Trainer,Online Search,CAM30796 SAWDOSG2G,Call Center Internal,7/3/2017,7/4/2017,0,169.00
45714193,Bowflex Home Gyms,Bowflex Max Trainer,Online Search,CAM30891 SAWICAOSGCW,Call Center Internal,7/3/2017,7/4/2017,1,1449.00
45714196,Bowflex Brand,Bowflex Max Trainer,Online Search,CAM31081 dosg2gl1,Web,7/3/2017,7/4/2017,1,999.00
45714197,Bowflex Max Trainer,Bowflex Max Trainer,Online Shopping,CAM44887 dofg2efeed1,Web,7/3/2017,7/4/2017,1,999.00
45714197,Bowflex Max Trainer,Bowflex Max Trainer,Online Shopping,CAM44887 dofg2efeed1,Web,7/3/2017,7/4/2017,0,79.00
45714197,Bowflex Max Trainer,Bowflex Max Trainer,Online Shopping,CAM44887 dofg2efeed1,Web,7/3/2017,7/4/2017,0,169.00
45714296,Bowflex Max Trainer,Bowflex Max Trainer,Electronic - Short Form,CAM45798 DSEESF14H,Web,7/3/2017,7/4/2017,1,2099.00
45714296,Bowflex Max Trainer,Treadclimber,Electronic - Short Form,CAM45798 DSEESF14H,Web,7/3/2017,7/4/2017,0,.00
45714296,Bowflex Max Trainer,Bowflex Max Trainer,Electronic - Short Form,CAM45798 DSEESF14H,Web,7/3/2017,7/4/2017,0,169.00
45714297,Bowflex Brand,Bowflex Max Trainer,Electronic - UnSourced,CAM16616 DEGBFBHG,Web,7/3/2017,7/4/2017,1,1999.00
45714297,Bowflex Brand,Treadclimber,Electronic - UnSourced,CAM16616 DEGBFBHG,Web,7/3/2017,7/4/2017,0,.00
45714396,Bowflex Max Trainer,Bowflex Max Trainer,Online Search,CAM44497 dosg2esl1,Web,7/3/2017,7/4/2017,1,999.00
45714496,Bowflex Brand,Bowflex Home Gyms,Online Search,CAM31081 dosg2gl1,Web,7/3/2017,7/4/2017,0,23.98
45714596,Bowflex Brand,Bowflex Max Trainer,Electronic - UnSourced,CAM16616 DEGBFBHG,Web,7/3/2017,7/4/2017,1,1698.00
45714700,Bowflex Home Gyms,Bowflex HVT,Online Shopping,CAM32080 SAWDOFG2G,Call Center Internal,7/3/2017,7/4/2017,1,1799.00
45714702,Treadclimber,Treadclimber,Online Search,CAM37440 dosg2tsl21,Web,7/3/2017,7/4/2017,1,1599.00
45714702,Treadclimber,Treadclimber,Online Search,CAM37440 dosg2tsl21,Web,7/3/2017,7/4/2017,0,249.00
45714802,Bowflex Home Gyms,Bowflex Max Trainer,Un-Sourced,CAM28157 SALESFOLLOWUP,Call Center Internal,7/3/2017,7/4/2017,1,1449.00
45714804,Bowflex Max Trainer,Bowflex Max Trainer,Un-Sourced,CAM45327 1800MAXTRAINER,Call Center Internal,7/3/2017,7/4/2017,1,999.00
45714804,Bowflex Max Trainer,Bowflex Max Trainer,Un-Sourced,CAM45327 1800MAXTRAINER,Call Center Internal,7/3/2017,7/4/2017,0,109.00
45714805,Bowflex Brand,Bowflex Max Trainer,Online Search,CAM31081 dosg2gl1,Web,7/3/2017,7/4/2017,1,1999.00
45714805,Bowflex Brand,Treadclimber,Online Search,CAM31081 dosg2gl1,Web,7/3/2017,7/4/2017,0,.00
45714905,Bowflex Max Trainer,Bowflex Selecttech Dumbbells,Online Display,CAM50255 SAWDODG2E,Call Center Internal,7/3/2017,7/4/2017,1,355.40
45714905,Bowflex Max Trainer,Bowflex Selecttech Dumbbells,Online Display,CAM50255 SAWDODG2E,Call Center Internal,7/3/2017,7/4/2017,0,104.30
45714905,Bowflex Max Trainer,Bowflex Selecttech Dumbbells,Online Display,CAM50255 SAWDODG2E,Call Center Internal,7/3/2017,7/4/2017,0,139.30
45715006,Bowflex Selecttech Dumbbells,Bowflex Selecttech Dumbbells,Online Search,CAM32596 SAWDOSBID,Call Center Internal,7/3/2017,7/4/2017,1,549.00
45715007,Bowflex Selecttech Dumbbells,Bowflex Selecttech Dumbbells,Online Shopping,CAM32061 dofg2dfeed1,Web,7/3/2017,7/4/2017,1,249.00
45715007,Bowflex Selecttech Dumbbells,Bowflex Selecttech Dumbbells,Online Shopping,CAM32061 dofg2dfeed1,Web,7/3/2017,7/4/2017,0,139.00
45715007,Bowflex Selecttech Dumbbells,Bowflex Home Gyms,Online Shopping,CAM32061 dofg2dfeed1,Web,7/3/2017,7/4/2017,0,99.00
45715007,Bowflex Selecttech Dumbbells,Bowflex Selecttech Dumbbells,Online Shopping,CAM32061 dofg2dfeed1,Web,7/3/2017,7/4/2017,0,199.00
45715107,Bowflex Brand,Bowflex Revolution,Electronic - UnSourced,CAM16616 DEGBFBHG,Web,7/3/2017,7/4/2017,0,113.99
45715307,Bowflex Brand,Bowflex Max Trainer,Electronic - UnSourced,CAM16616 DEGBFBHG,Web,7/3/2017,7/4/2017,1,1988.00
45715408,Bowflex Brand,Bowflex Max Trainer,Electronic - UnSourced,CAM16616 DEGBFBHG,Web,7/3/2017,7/4/2017,1,1449.00
45715608,Bowflex Brand,Bowflex Home Gyms,Electronic - UnSourced,CAM16616 DEGBFBHG,Web,7/3/2017,7/4/2017,1,1199.00
45715708,Bowflex Max Trainer,Bowflex Max Trainer,Online Search,CAM44497 dosg2esl1,Web,7/3/2017,7/4/2017,1,999.00
45715808,Bowflex Max Trainer,Bowflex Max Trainer,Online Display,CAM50256 DODG2EDL1,Web,7/3/2017,7/4/2017,1,1449.00
45715808,Bowflex Max Trainer,Bowflex Max Trainer,Online Display,CAM50256 DODG2EDL1,Web,7/3/2017,7/4/2017,0,169.00
45715910,Bowflex Max Trainer,Bowflex Max Trainer,Online Search,CAM44497 dosg2esl1,Web,7/3/2017,7/4/2017,1,999.00
45716010,Bowflex Brand,Bowflex Max Trainer,Electronic - UnSourced,CAM16616 DEGBFBHG,Web,7/3/2017,7/4/2017,1,999.00
45716112,Bowflex Max Trainer,Bowflex Max Trainer,Online Search,CAM44497 dosg2esl1,Web,7/3/2017,7/4/2017,1,1999.00
45716112,Bowflex Max Trainer,Treadclimber,Online Search,CAM44497 dosg2esl1,Web,7/3/2017,7/4/2017,0,.00
45716211,Bowflex Home Gyms,Bowflex Max Trainer,Un-Sourced,CAM28157 SALESFOLLOWUP,Call Center Internal,7/3/2017,7/4/2017,1,2248.00
45716211,Bowflex Home Gyms,Treadclimber,Un-Sourced,CAM28157 SALESFOLLOWUP,Call Center Internal,7/3/2017,7/4/2017,0,24.99
45716312,Bowflex Brand,Bowflex HVT,Electronic - UnSourced,CAM16616 DEGBFBHG,Web,7/3/2017,7/4/2017,1,1799.00
45716513,Bowflex Max Trainer,Bowflex Max Trainer,Electronic - Short Form,CAM45798 DSEESF14H,Web,7/3/2017,7/4/2017,1,1449.00
45716613,Bowflex Brand,Bowflex Home Gyms,Electronic - UnSourced,CAM16616 DEGBFBHG,Web,7/3/2017,7/4/2017,1,1199.00
45716613,Bowflex Brand,Bowflex Home Gyms,Electronic - UnSourced,CAM16616 DEGBFBHG,Web,7/3/2017,7/4/2017,0,14.99
45716713,Bowflex Home Gyms,Bowflex Max Trainer,Un-Sourced,CAM28157 SALESFOLLOWUP,Call Center Internal,7/3/2017,7/4/2017,1,1449.00
45716713,Bowflex Home Gyms,Bowflex Max Trainer,Un-Sourced,CAM28157 SALESFOLLOWUP,Call Center Internal,7/3/2017,7/4/2017,0,129.00
45716715,Bowflex Max Trainer,Bowflex Max Trainer,Online Search,CAM45730 DOSG2ESL7,Web,7/3/2017,7/4/2017,1,1449.00
45716815,Bowflex Brand,Bowflex Max Trainer,Electronic - UnSourced,CAM16616 DEGBFBHG,Web,7/3/2017,7/4/2017,1,1449.00
45717115,Bowflex Brand,Bowflex Max Trainer,Electronic - UnSourced,CAM16616 DEGBFBHG,Web,7/3/2017,7/4/2017,1,1449.00
45717115,Bowflex Brand,Treadclimber,Electronic - UnSourced,CAM16616 DEGBFBHG,Web,7/3/2017,7/4/2017,0,99.00
45717215,Bowflex Brand,Treadclimber,Electronic - UnSourced,CAM16616 DEGBFBHG,Web,7/3/2017,7/4/2017,1,1599.00
45717317,Bowflex Brand,Bowflex Max Trainer,Electronic - UnSourced,CAM16616 DEGBFBHG,Web,7/3/2017,7/4/2017,1,1999.00
45717317,Bowflex Brand,Treadclimber,Electronic - UnSourced,CAM16616 DEGBFBHG,Web,7/3/2017,7/4/2017,0,.00
45717417,Bowflex Max Trainer,Bowflex Max Trainer,Online Search,CAM44497 dosg2esl1,Web,7/3/2017,7/4/2017,1,1449.00
45717518,Bowflex Max Trainer,Bowflex Max Trainer,Electronic - Short Form,CAM45798 DSEESF14H,Web,7/3/2017,7/4/2017,1,1449.00
45717518,Bowflex Max Trainer,Bowflex Max Trainer,Electronic - Short Form,CAM45798 DSEESF14H,Web,7/3/2017,7/4/2017,0,169.00
45717720,Bowflex Revolution,Bowflex Revolution,Un-Sourced,CAM40829 1800REVOLUTION,Call Center Internal,7/3/2017,7/4/2017,0,199.00
45717721,Bowflex Brand,Bowflex Selecttech Dumbbells,Online Search,CAM37743 dosbigsl6,Web,7/3/2017,7/4/2017,1,249.00
45717923,Bowflex Brand,Bowflex Revolution,Electronic - UnSourced,CAM16616 DEGBFBHG,Web,7/3/2017,7/4/2017,1,2599.00
45717923,Bowflex Brand,Bowflex Revolution,Electronic - UnSourced,CAM16616 DEGBFBHG,Web,7/3/2017,7/4/2017,0,199.00
45717923,Bowflex Brand,Bowflex Revolution,Electronic - UnSourced,CAM16616 DEGBFBHG,Web,7/3/2017,7/4/2017,0,99.00
45717923,Bowflex Brand,Bowflex Revolution,Electronic - UnSourced,CAM16616 DEGBFBHG,Web,7/3/2017,7/4/2017,0,299.00
45718023,Bowflex Max Trainer,Bowflex Max Trainer,Online Search,CAM44497 dosg2esl1,Web,7/3/2017,7/4/2017,1,1449.00
45718123,Bowflex Max Trainer,Bowflex Max Trainer,Online Search,CAM44497 dosg2esl1,Web,7/3/2017,7/4/2017,1,1999.00
45718123,Bowflex Max Trainer,Treadclimber,Online Search,CAM44497 dosg2esl1,Web,7/3/2017,7/4/2017,0,.00
45718123,Bowflex Max Trainer,Bowflex Max Trainer,Online Search,CAM44497 dosg2esl1,Web,7/3/2017,7/4/2017,0,169.00
45718223,Bowflex Brand,Bowflex HVT,Un-Sourced,CAM49456 BCARECREDIT,Call Center Internal,7/3/2017,7/4/2017,1,1799.00
45718223,Bowflex Brand,Bowflex HVT,Un-Sourced,CAM49456 BCARECREDIT,Call Center Internal,7/3/2017,7/4/2017,0,99.00
45718426,Bowflex Max Trainer,Bowflex Max Trainer,Online Shopping,CAM44887 dofg2efeed1,Web,7/3/2017,7/4/2017,1,1999.00
45718426,Bowflex Max Trainer,Treadclimber,Online Shopping,CAM44887 dofg2efeed1,Web,7/3/2017,7/4/2017,0,.00
45718830,Bowflex Brand,Bowflex Selecttech Dumbbells,Electronic - UnSourced,CAM16616 DEGBFBHG,Web,7/3/2017,7/4/2017,1,299.00
45718930,Bowflex Max Trainer,Bowflex Max Trainer,Online Search,CAM45730 DOSG2ESL7,Web,7/3/2017,7/4/2017,1,1749.00
45719031,Bowflex Brand,Bowflex Max Trainer,Electronic - UnSourced,CAM16616 DEGBFBHG,Web,7/3/2017,7/4/2017,1,1449.00
45719031,Bowflex Brand,Bowflex Max Trainer,Electronic - UnSourced,CAM16616 DEGBFBHG,Web,7/3/2017,7/4/2017,0,129.00
45719131,Bowflex Brand,Bowflex Max Trainer,Electronic - UnSourced,CAM16616 DEGBFBHG,Web,7/3/2017,7/4/2017,1,2349.00
45719234,Bowflex Brand,Bowflex HVT,Electronic - UnSourced,CAM16616 DEGBFBHG,Web,7/3/2017,7/4/2017,1,1799.00
45719333,Bowflex Max Trainer,Bowflex Max Trainer,Online Search,CAM44497 dosg2esl1,Web,7/3/2017,7/4/2017,1,1999.00
45719333,Bowflex Max Trainer,Treadclimber,Online Search,CAM44497 dosg2esl1,Web,7/3/2017,7/4/2017,0,.00
45719636,Bowflex Brand,Bowflex Max Trainer,Online Search,CAM39441 dosbigl1,Web,7/3/2017,7/4/2017,1,1999.00
45719636,Bowflex Brand,Bowflex Max Trainer,Online Search,CAM39441 dosbigl1,Web,7/3/2017,7/4/2017,0,149.00
45719636,Bowflex Brand,Treadclimber,Online Search,CAM39441 dosbigl1,Web,7/3/2017,7/4/2017,0,.00
45719736,Bowflex Max Trainer,Bowflex Max Trainer,Online Search,CAM44429 dosbiesl1,Web,7/3/2017,7/4/2017,1,1099.00
45719836,Bowflex Brand,Bowflex Selecttech Dumbbells,Online Search,CAM39441 dosbigl1,Web,7/3/2017,7/4/2017,1,249.00
45719836,Bowflex Brand,Bowflex Selecttech Dumbbells,Online Search,CAM39441 dosbigl1,Web,7/3/2017,7/4/2017,0,199.00
45719836,Bowflex Brand,Bowflex HVT,Online Search,CAM39441 dosbigl1,Web,7/3/2017,7/4/2017,0,99.00
45719836,Bowflex Brand,Bowflex Home Gyms,Online Search,CAM39441 dosbigl1,Web,7/3/2017,7/4/2017,0,13.99
45719836,Bowflex Brand,Bowflex Catalog,Online Search,CAM39441 dosbigl1,Web,7/3/2017,7/4/2017,0,19.99
45720037,Bowflex Max Trainer,Bowflex Max Trainer,Online Search,CAM47152 DOSBIESL8,Web,7/3/2017,7/4/2017,1,999.00
45720137,Bowflex Brand,Bowflex Max Trainer,Electronic - UnSourced,CAM16616 DEGBFBHG,Web,7/3/2017,7/4/2017,1,1449.00
45720137,Bowflex Brand,Bowflex Max Trainer,Electronic - UnSourced,CAM16616 DEGBFBHG,Web,7/3/2017,7/4/2017,0,169.00
45720137,Bowflex Brand,Treadclimber,Electronic - UnSourced,CAM16616 DEGBFBHG,Web,7/3/2017,7/4/2017,0,99.00
45720237,Bowflex Max Trainer,Bowflex Max Trainer,Electronic - Short Form,CAM50680 DSEESF17A,Web,7/3/2017,7/4/2017,1,999.00
45720438,Bowflex Max Trainer,Bowflex Max Trainer,Online Display,CAM50256 DODG2EDL1,Web,7/3/2017,7/4/2017,1,1449.00
45720538,Treadclimber,Treadclimber,Online Search,CAM37440 dosg2tsl21,Web,7/3/2017,7/4/2017,1,2399.00
45720538,Treadclimber,Treadclimber,Online Search,CAM37440 dosg2tsl21,Web,7/3/2017,7/4/2017,0,249.00
45720638,Treadclimber,Treadclimber,Online Shopping,CAM32123 dofg2tfeed1,Web,7/3/2017,7/4/2017,1,1599.00
45720739,Bowflex Max Trainer,Bowflex Max Trainer,Online Shopping,CAM44887 dofg2efeed1,Web,7/3/2017,7/4/2017,1,1449.00
45720739,Bowflex Max Trainer,Bowflex Max Trainer,Online Shopping,CAM44887 dofg2efeed1,Web,7/3/2017,7/4/2017,0,129.00
45720739,Bowflex Max Trainer,Bowflex Max Trainer,Online Shopping,CAM44887 dofg2efeed1,Web,7/3/2017,7/4/2017,0,169.00
45721043,Bowflex Brand,Bowflex Home Gyms,Online Search,CAM37117 dosg2gsl27,Web,7/3/2017,7/4/2017,1,1199.00
45721144,Bowflex Brand,Bowflex Max Trainer,Electronic - UnSourced,CAM16616 DEGBFBHG,Web,7/3/2017,7/4/2017,1,2349.00
45721244,Bowflex Brand,Bowflex Max Trainer,Online Social,CAM50566 DOXFBBSCL001,Web,7/3/2017,7/4/2017,1,999.00
45721244,Bowflex Brand,Bowflex Max Trainer,Online Social,CAM50566 DOXFBBSCL001,Web,7/3/2017,7/4/2017,0,169.00
45721445,Bowflex Home Gyms,Bowflex Max Trainer,Un-Sourced,CAM40821 1800BOWFLEX,Call Center Internal,7/3/2017,7/4/2017,1,1449.00
45721446,Bowflex Brand,Bowflex Max Trainer,Electronic - UnSourced,CAM16616 DEGBFBHG,Web,7/3/2017,7/4/2017,1,999.00
45721546,Bowflex Brand,Bowflex Selecttech Dumbbells,Electronic - UnSourced,CAM16616 DEGBFBHG,Web,7/3/2017,7/4/2017,1,249.00
45721546,Bowflex Brand,Bowflex Selecttech Dumbbells,Electronic - UnSourced,CAM16616 DEGBFBHG,Web,7/3/2017,7/4/2017,0,139.00
45721646,Bowflex Max Trainer,Bowflex Max Trainer,Un-Sourced,CAM45327 1800MAXTRAINER,Call Center Internal,7/3/2017,7/4/2017,0,84.50
45721647,Bowflex Brand,Bowflex Selecttech Dumbbells,Electronic - UnSourced,CAM16616 DEGBFBHG,Web,7/3/2017,7/4/2017,1,355.40
45721647,Bowflex Brand,Bowflex Selecttech Dumbbells,Electronic - UnSourced,CAM16616 DEGBFBHG,Web,7/3/2017,7/4/2017,0,104.30
45721647,Bowflex Brand,Bowflex Selecttech Dumbbells,Electronic - UnSourced,CAM16616 DEGBFBHG,Web,7/3/2017,7/4/2017,0,139.30
45721747,Bowflex Brand,Bowflex Selecttech Dumbbells,Online Search,CAM31081 dosg2gl1,Web,7/3/2017,7/4/2017,0,199.00
45721747,Bowflex Brand,Bowflex Selecttech Dumbbells,Online Search,CAM31081 dosg2gl1,Web,7/3/2017,7/4/2017,1,249.00
45721747,Bowflex Brand,Bowflex Selecttech Dumbbells,Online Search,CAM31081 dosg2gl1,Web,7/3/2017,7/4/2017,0,139.00
45721747,Bowflex Brand,Bowflex UpperCut,Online Search,CAM31081 dosg2gl1,Web,7/3/2017,7/4/2017,0,14.95
45721948,Bowflex Max Trainer,Bowflex Max Trainer,Online Search,CAM44497 dosg2esl1,Web,7/3/2017,7/4/2017,1,1449.00
45722048,Bowflex Max Trainer,Bowflex Max Trainer,Online Display,CAM50256 DODG2EDL1,Web,7/3/2017,7/4/2017,1,1449.00
45722048,Bowflex Max Trainer,Bowflex Max Trainer,Online Display,CAM50256 DODG2EDL1,Web,7/3/2017,7/4/2017,0,169.00
45722151,Bowflex HVT,Bowflex HVT,Online Search,CAM50810 DOSG2HSL1,Web,7/3/2017,7/4/2017,1,1799.00
45722151,Bowflex HVT,Bowflex HVT,Online Search,CAM50810 DOSG2HSL1,Web,7/3/2017,7/4/2017,0,249.00
45722252,Bowflex Max Trainer,Bowflex Max Trainer,Online Search,CAM44497 dosg2esl1,Web,7/3/2017,7/4/2017,1,999.00
45722453,Bowflex Brand,Bowflex Max Trainer,Online Search,CAM31081 dosg2gl1,Web,7/3/2017,7/4/2017,1,1999.00
45722453,Bowflex Brand,Bowflex Max Trainer,Online Search,CAM31081 dosg2gl1,Web,7/3/2017,7/4/2017,0,209.00
45722453,Bowflex Brand,Treadclimber,Online Search,CAM31081 dosg2gl1,Web,7/3/2017,7/4/2017,0,.00
45722453,Bowflex Brand,Bowflex Max Trainer,Online Search,CAM31081 dosg2gl1,Web,7/3/2017,7/4/2017,0,169.00
45722454,Bowflex Max Trainer,Bowflex Max Trainer,Online Shopping,CAM44887 dofg2efeed1,Web,7/3/2017,7/4/2017,1,1999.00
45722454,Bowflex Max Trainer,Treadclimber,Online Shopping,CAM44887 dofg2efeed1,Web,7/3/2017,7/4/2017,0,.00
45722555,Bowflex Brand,Bowflex Max Trainer,Electronic - UnSourced,CAM16616 DEGBFBHG,Web,7/3/2017,7/4/2017,1,1449.00
45722755,Bowflex Brand,Treadclimber,Un-Sourced,CAM49456 BCARECREDIT,Call Center Internal,7/3/2017,7/4/2017,1,2999.00
45722755,Bowflex Brand,Treadclimber,Un-Sourced,CAM49456 BCARECREDIT,Call Center Internal,7/3/2017,7/4/2017,0,99.00
45722755,Bowflex Brand,Treadclimber,Un-Sourced,CAM49456 BCARECREDIT,Call Center Internal,7/3/2017,7/4/2017,0,14.99
45722957,Bowflex Brand,Bowflex Max Trainer,Online Search,CAM39441 dosbigl1,Web,7/3/2017,7/4/2017,1,1449.00
45722957,Bowflex Brand,Bowflex Max Trainer,Online Search,CAM39441 dosbigl1,Web,7/3/2017,7/4/2017,0,169.00
45722957,Bowflex Brand,Bowflex Max Trainer,Online Search,CAM39441 dosbigl1,Web,7/3/2017,7/4/2017,0,169.00
45723057,Bowflex Max Trainer,Bowflex Max Trainer,Online Shopping,CAM44887 dofg2efeed1,Web,7/3/2017,7/4/2017,1,1999.00
45723057,Bowflex Max Trainer,Treadclimber,Online Shopping,CAM44887 dofg2efeed1,Web,7/3/2017,7/4/2017,0,.00
45723258,Bowflex Max Trainer,Bowflex Max Trainer,Online Search,CAM44497 dosg2esl1,Web,7/3/2017,7/4/2017,1,1449.00
45723458,Bowflex Brand,Bowflex Max Trainer,Electronic - UnSourced,CAM16616 DEGBFBHG,Web,7/3/2017,7/4/2017,1,999.00
45723558,Bowflex Max Trainer,Bowflex Max Trainer,Electronic - Short Form,CAM45798 DSEESF14H,Web,7/3/2017,7/4/2017,1,1449.00
45723660,Bowflex Home Gyms,Bowflex Max Trainer,Un-Sourced,CAM28157 SALESFOLLOWUP,Call Center Internal,7/3/2017,7/4/2017,1,999.00
45723761,Bowflex Selecttech Dumbbells,Bowflex Selecttech Dumbbells,Online Shopping,CAM32061 dofg2dfeed1,Web,7/3/2017,7/4/2017,1,249.00
45724062,Bowflex Brand,Bowflex Selecttech Dumbbells,Online Search,CAM31081 dosg2gl1,Web,7/3/2017,7/4/2017,1,499.00
45724063,Bowflex Brand,Bowflex Selecttech Dumbbells,Electronic - UnSourced,CAM16616 DEGBFBHG,Web,7/3/2017,7/4/2017,0,158.99
45724162,Bowflex Max Trainer,Bowflex Max Trainer,Short Form,CAM51236 FOXNN60*SOFTYTIC,Call Center Internal,7/3/2017,7/4/2017,1,1449.00
45724162,Bowflex Max Trainer,Bowflex Max Trainer,Short Form,CAM51236 FOXNN60*SOFTYTIC,Call Center Internal,7/3/2017,7/4/2017,0,169.00
45724162,Bowflex Max Trainer,Bowflex Max Trainer,Short Form,CAM51236 FOXNN60*SOFTYTIC,Call Center Internal,7/3/2017,7/4/2017,0,169.00
45724163,Bowflex Brand,Bowflex Max Trainer,Electronic - UnSourced,CAM16616 DEGBFBHG,Web,7/3/2017,7/4/2017,1,1999.00
45724163,Bowflex Brand,Bowflex Max Trainer,Electronic - UnSourced,CAM16616 DEGBFBHG,Web,7/3/2017,7/4/2017,0,149.00
45724163,Bowflex Brand,Treadclimber,Electronic - UnSourced,CAM16616 DEGBFBHG,Web,7/3/2017,7/4/2017,0,.00
45724163,Bowflex Brand,Bowflex Max Trainer,Electronic - UnSourced,CAM16616 DEGBFBHG,Web,7/3/2017,7/4/2017,0,169.00
45724164,Bowflex Brand,Bowflex Selecttech Dumbbells,Electronic - UnSourced,CAM16616 DEGBFBHG,Web,7/3/2017,7/4/2017,1,249.00
45724263,Bowflex Brand,Bowflex Max Trainer,Online Search,CAM31081 dosg2gl1,Web,7/3/2017,7/4/2017,1,1999.00
45724263,Bowflex Brand,Bowflex Max Trainer,Online Search,CAM31081 dosg2gl1,Web,7/3/2017,7/4/2017,0,209.00
45724263,Bowflex Brand,Treadclimber,Online Search,CAM31081 dosg2gl1,Web,7/3/2017,7/4/2017,0,.00
45724263,Bowflex Brand,Bowflex Max Trainer,Online Search,CAM31081 dosg2gl1,Web,7/3/2017,7/4/2017,0,169.00
45724363,Bowflex Max Trainer,Bowflex Max Trainer,Electronic - Short Form,CAM45798 DSEESF14H,Web,7/3/2017,7/4/2017,1,1449.00
45724563,Bowflex Home Gyms,Bowflex Max Trainer,Un-Sourced,CAM28157 SALESFOLLOWUP,Call Center Internal,7/3/2017,7/4/2017,1,1449.00
45724563,Bowflex Home Gyms,Bowflex Max Trainer,Un-Sourced,CAM28157 SALESFOLLOWUP,Call Center Internal,7/3/2017,7/4/2017,0,169.00
45724564,Bowflex Brand,Bowflex Max Trainer,Electronic - UnSourced,CAM16616 DEGBFBHG,Web,7/3/2017,7/4/2017,1,999.00
45724564,Bowflex Brand,Bowflex Selecttech Dumbbells,Electronic - UnSourced,CAM16616 DEGBFBHG,Web,7/3/2017,7/4/2017,1,299.00
45724666,Bowflex Home Gyms,Bowflex Max Trainer,Un-Sourced,CAM40821 1800BOWFLEX,Call Center Internal,7/3/2017,7/4/2017,1,1449.00
45724769,Bowflex Brand,Bowflex Selecttech Dumbbells,Electronic - UnSourced,CAM49450 BOWWEB800,Call Center Internal,7/3/2017,7/4/2017,1,355.40
45724769,Bowflex Brand,Bowflex Selecttech Dumbbells,Electronic - UnSourced,CAM49450 BOWWEB800,Call Center Internal,7/3/2017,7/4/2017,0,104.30
45724769,Bowflex Brand,Bowflex Selecttech Dumbbells,Electronic - UnSourced,CAM49450 BOWWEB800,Call Center Internal,7/3/2017,7/4/2017,0,139.30
45724769,Bowflex Brand,Bowflex Revolution,Electronic - UnSourced,CAM49450 BOWWEB800,Call Center Internal,7/3/2017,7/4/2017,0,199.00
45724769,Bowflex Brand,Bowflex UpperCut,Electronic - UnSourced,CAM49450 BOWWEB800,Call Center Internal,7/3/2017,7/4/2017,0,14.95
45724771,Bowflex Max Trainer,Bowflex Max Trainer,Online Social,CAM45898 DOXFBERESPONSE,Call Center Internal,7/3/2017,7/4/2017,1,1539.30
45724771,Bowflex Max Trainer,Treadclimber,Online Social,CAM45898 DOXFBERESPONSE,Call Center Internal,7/3/2017,7/4/2017,0,69.30
45724771,Bowflex Max Trainer,Bowflex Max Trainer,Online Social,CAM45898 DOXFBERESPONSE,Call Center Internal,7/3/2017,7/4/2017,0,149.00
45724773,Bowflex Max Trainer,Bowflex Max Trainer,Online Social,CAM45898 DOXFBERESPONSE,Call Center Internal,7/3/2017,7/4/2017,0,169.00
45724774,Bowflex Home Gyms,Bowflex Max Trainer,Un-Sourced,CAM40821 1800BOWFLEX,Call Center Internal,7/3/2017,7/4/2017,1,1999.00
45724774,Bowflex Home Gyms,Treadclimber,Un-Sourced,CAM40821 1800BOWFLEX,Call Center Internal,7/3/2017,7/4/2017,0,.00
45724774,Bowflex Home Gyms,Bowflex Max Trainer,Un-Sourced,CAM40821 1800BOWFLEX,Call Center Internal,7/3/2017,7/4/2017,0,169.00
45724775,Bowflex Selecttech Dumbbells,Bowflex Selecttech Dumbbells,Online Search,CAM37432 dosg2dsl18,Web,7/3/2017,7/4/2017,1,355.40
45724775,Bowflex Selecttech Dumbbells,Bowflex Selecttech Dumbbells,Online Search,CAM37432 dosg2dsl18,Web,7/3/2017,7/4/2017,0,139.30
45724775,Bowflex Selecttech Dumbbells,Bowflex Selecttech Dumbbells,Online Search,CAM37432 dosg2dsl18,Web,7/3/2017,7/4/2017,0,104.30
45724875,Treadclimber,Treadclimber,Online Search,CAM32595 SAWDOSBIT,Call Center Internal,7/3/2017,7/4/2017,1,1599.00
45724875,Treadclimber,Treadclimber,Online Search,CAM32595 SAWDOSBIT,Call Center Internal,7/3/2017,7/4/2017,0,149.00
45724875,Treadclimber,Treadclimber,Online Search,CAM32595 SAWDOSBIT,Call Center Internal,7/3/2017,7/4/2017,0,14.99
45724876,Bowflex Brand,Bowflex Home Gyms,Online Search,CAM39441 dosbigl1,Web,7/3/2017,7/4/2017,1,1199.00
45724876,Bowflex Brand,Bowflex Home Gyms,Online Search,CAM39441 dosbigl1,Web,7/3/2017,7/4/2017,0,139.99
45724876,Bowflex Brand,Bowflex Home Gyms,Online Search,CAM39441 dosbigl1,Web,7/3/2017,7/4/2017,0,39.99
45724876,Bowflex Brand,Bowflex Home Gyms,Online Search,CAM39441 dosbigl1,Web,7/3/2017,7/4/2017,0,34.99
45724876,Bowflex Brand,Bowflex Home Gyms,Online Search,CAM39441 dosbigl1,Web,7/3/2017,7/4/2017,0,14.99
45725076,Bowflex Max Trainer,Bowflex Max Trainer,Online Search,CAM44497 dosg2esl1,Web,7/3/2017,7/4/2017,1,1999.00
45725076,Bowflex Max Trainer,Bowflex Max Trainer,Online Search,CAM44497 dosg2esl1,Web,7/3/2017,7/4/2017,0,149.00
45725076,Bowflex Max Trainer,Treadclimber,Online Search,CAM44497 dosg2esl1,Web,7/3/2017,7/4/2017,0,.00
45725076,Bowflex Max Trainer,Bowflex Max Trainer,Online Search,CAM44497 dosg2esl1,Web,7/3/2017,7/4/2017,0,169.00
45725078,Bowflex Max Trainer,Bowflex Max Trainer,Online Shopping,CAM44887 dofg2efeed1,Web,7/3/2017,7/4/2017,1,999.00
45725176,Bowflex Max Trainer,Bowflex Max Trainer,Online Search,CAM44497 dosg2esl1,Web,7/3/2017,7/4/2017,1,1999.00
45725176,Bowflex Max Trainer,Treadclimber,Online Search,CAM44497 dosg2esl1,Web,7/3/2017,7/4/2017,0,.00
45725276,Bowflex Brand,Bowflex Max Trainer,Online Search,CAM39441 dosbigl1,Web,7/3/2017,7/4/2017,1,1449.00
45725376,Bowflex Max Trainer,Bowflex Max Trainer,Online Search,CAM44497 dosg2esl1,Web,7/3/2017,7/4/2017,1,1999.00
45725376,Bowflex Max Trainer,Treadclimber,Online Search,CAM44497 dosg2esl1,Web,7/3/2017,7/4/2017,0,.00
45725476,Bowflex Home Gyms,Bowflex Home Gyms,Online Shopping,CAM32062 dofg2gfeed1,Web,7/3/2017,7/4/2017,1,1199.00
45725476,Bowflex Home Gyms,Bowflex Home Gyms,Online Shopping,CAM32062 dofg2gfeed1,Web,7/3/2017,7/4/2017,0,34.99
45725476,Bowflex Home Gyms,Bowflex Home Gyms,Online Shopping,CAM32062 dofg2gfeed1,Web,7/3/2017,7/4/2017,0,299.00
45725576,Bowflex Home Gyms,Bowflex Max Trainer,Un-Sourced,CAM28157 SALESFOLLOWUP,Call Center Internal,7/3/2017,7/4/2017,1,1449.00
45725577,Bowflex Brand,Bowflex Max Trainer,Un-Sourced,CAM49456 BCARECREDIT,Call Center Internal,7/3/2017,7/4/2017,1,1999.00
45725577,Bowflex Brand,Treadclimber,Un-Sourced,CAM49456 BCARECREDIT,Call Center Internal,7/3/2017,7/4/2017,0,.00
45725578,Bowflex Max Trainer,Bowflex Max Trainer,Electronic - Short Form,CAM45797 DSEESF14G,Web,7/3/2017,7/4/2017,1,1449.00
45725578,Bowflex Max Trainer,Bowflex Max Trainer,Electronic - Short Form,CAM45797 DSEESF14G,Web,7/3/2017,7/4/2017,0,169.00
45725779,Bowflex Brand,Bowflex Max Trainer,Online Search,CAM30796 SAWDOSG2G,Call Center Internal,7/3/2017,7/4/2017,1,1449.00
45725779,Bowflex Brand,Treadclimber,Online Search,CAM30796 SAWDOSG2G,Call Center Internal,7/3/2017,7/4/2017,0,99.00
45725880,Bowflex Max Trainer,Bowflex Max Trainer,Electronic - Short Form,CAM45798 DSEESF14H,Web,7/3/2017,7/4/2017,1,1449.00
45725980,Bowflex Max Trainer,Bowflex Max Trainer,Online Search,CAM47150 DOSG2ESL9,Web,7/3/2017,7/4/2017,1,999.00
45726180,Bowflex Max Trainer,Bowflex Max Trainer,Short Form,CAM51221 LAFFN60*SOFTYTIC,Call Center Internal,7/3/2017,7/4/2017,1,1999.00
45726180,Bowflex Max Trainer,Treadclimber,Short Form,CAM51221 LAFFN60*SOFTYTIC,Call Center Internal,7/3/2017,7/4/2017,0,.00
45726183,Bowflex Brand,Bowflex Max Trainer,Electronic - UnSourced,CAM16616 DEGBFBHG,Web,7/3/2017,7/4/2017,1,1449.00
45726183,Bowflex Brand,Bowflex Max Trainer,Electronic - UnSourced,CAM16616 DEGBFBHG,Web,7/3/2017,7/4/2017,0,169.00
45726283,Bowflex Max Trainer,Bowflex Max Trainer,Online Search,CAM44497 dosg2esl1,Web,7/3/2017,7/4/2017,1,1449.00
45726283,Bowflex Max Trainer,Treadclimber,Online Search,CAM44497 dosg2esl1,Web,7/3/2017,7/4/2017,0,99.00
45726283,Bowflex Max Trainer,Bowflex Max Trainer,Online Search,CAM44497 dosg2esl1,Web,7/3/2017,7/4/2017,0,169.00
45726384,Bowflex Max Trainer,Bowflex Max Trainer,Online Search,CAM44429 dosbiesl1,Web,7/3/2017,7/4/2017,1,1999.00
45726384,Bowflex Max Trainer,Treadclimber,Online Search,CAM44429 dosbiesl1,Web,7/3/2017,7/4/2017,0,.00
45726384,Bowflex Max Trainer,Bowflex Max Trainer,Online Search,CAM44429 dosbiesl1,Web,7/3/2017,7/4/2017,0,169.00
45726486,Bowflex Max Trainer,Bowflex Max Trainer,Online Search,CAM44429 dosbiesl1,Web,7/3/2017,7/4/2017,1,999.00
45726686,Bowflex Brand,Bowflex Home Gyms,Electronic - UnSourced,CAM16616 DEGBFBHG,Web,7/3/2017,7/4/2017,1,1199.00
45726686,Bowflex Brand,Bowflex Home Gyms,Electronic - UnSourced,CAM16616 DEGBFBHG,Web,7/3/2017,7/4/2017,0,99.00
45726686,Bowflex Brand,Bowflex Home Gyms,Electronic - UnSourced,CAM16616 DEGBFBHG,Web,7/3/2017,7/4/2017,0,14.99
45726686,Bowflex Brand,Bowflex Home Gyms,Electronic - UnSourced,CAM16616 DEGBFBHG,Web,7/3/2017,7/4/2017,0,99.00
45726786,Bowflex Max Trainer,Bowflex Max Trainer,Online Search,CAM44497 dosg2esl1,Web,7/3/2017,7/4/2017,1,1999.00
45726786,Bowflex Max Trainer,Treadclimber,Online Search,CAM44497 dosg2esl1,Web,7/3/2017,7/4/2017,0,.00
45726886,Bowflex Max Trainer,Treadclimber,Electronic - Short Form,CAM45798 DSEESF14H,Web,7/3/2017,7/4/2017,0,108.99
45726986,Bowflex Brand,Bowflex Max Trainer,Electronic - UnSourced,CAM16616 DEGBFBHG,Web,7/3/2017,7/4/2017,1,1999.00
45726986,Bowflex Brand,Bowflex Max Trainer,Electronic - UnSourced,CAM16616 DEGBFBHG,Web,7/3/2017,7/4/2017,0,149.00
45726986,Bowflex Brand,Treadclimber,Electronic - UnSourced,CAM16616 DEGBFBHG,Web,7/3/2017,7/4/2017,0,.00
45726986,Bowflex Brand,Bowflex Max Trainer,Electronic - UnSourced,CAM16616 DEGBFBHG,Web,7/3/2017,7/4/2017,0,169.00
45727087,Bowflex Max Trainer,Bowflex Max Trainer,Online Search,CAM47150 DOSG2ESL9,Web,7/3/2017,7/4/2017,1,1449.00
45727186,Bowflex Max Trainer,Bowflex Max Trainer,Online Shopping,CAM44887 dofg2efeed1,Web,7/3/2017,7/4/2017,1,1999.00
45727186,Bowflex Max Trainer,Bowflex Max Trainer,Online Shopping,CAM44887 dofg2efeed1,Web,7/3/2017,7/4/2017,0,209.00
45727186,Bowflex Max Trainer,Treadclimber,Online Shopping,CAM44887 dofg2efeed1,Web,7/3/2017,7/4/2017,0,.00
45727186,Bowflex Max Trainer,Bowflex Max Trainer,Online Shopping,CAM44887 dofg2efeed1,Web,7/3/2017,7/4/2017,0,169.00
45727286,Bowflex Brand,Bowflex Max Trainer,Online Search,CAM39441 dosbigl1,Web,7/3/2017,7/4/2017,1,1999.00
45727286,Bowflex Brand,Bowflex Max Trainer,Online Search,CAM39441 dosbigl1,Web,7/3/2017,7/4/2017,0,149.00
45727286,Bowflex Brand,Bowflex Selecttech Dumbbells,Online Search,CAM39441 dosbigl1,Web,7/3/2017,7/4/2017,1,299.00
45727286,Bowflex Brand,Treadclimber,Online Search,CAM39441 dosbigl1,Web,7/3/2017,7/4/2017,0,.00
45727286,Bowflex Brand,Bowflex Max Trainer,Online Search,CAM39441 dosbigl1,Web,7/3/2017,7/4/2017,0,169.00
45727386,Bowflex Brand,Bowflex Selecttech Dumbbells,Online Search,CAM39441 dosbigl1,Web,7/3/2017,7/4/2017,1,355.40
45727386,Bowflex Brand,Bowflex Selecttech Dumbbells,Online Search,CAM39441 dosbigl1,Web,7/3/2017,7/4/2017,0,139.30
45727386,Bowflex Brand,Bowflex Selecttech Dumbbells,Online Search,CAM39441 dosbigl1,Web,7/3/2017,7/4/2017,0,104.29
45727686,Bowflex Max Trainer,Bowflex Max Trainer,Online Search,CAM47150 DOSG2ESL9,Web,7/3/2017,7/4/2017,1,1449.00
45727686,Bowflex Max Trainer,Bowflex Max Trainer,Online Search,CAM47150 DOSG2ESL9,Web,7/3/2017,7/4/2017,0,169.00
45727686,Bowflex Max Trainer,Treadclimber,Online Search,CAM47150 DOSG2ESL9,Web,7/3/2017,7/4/2017,0,99.00
45727886,Bowflex Brand,Bowflex Max Trainer,Online Search,CAM31081 dosg2gl1,Web,7/3/2017,7/4/2017,1,1449.00
45727986,Bowflex Max Trainer,Bowflex Max Trainer,Online Search,CAM44497 dosg2esl1,Web,7/3/2017,7/4/2017,1,1449.00
45727986,Bowflex Max Trainer,Bowflex Max Trainer,Online Search,CAM44497 dosg2esl1,Web,7/3/2017,7/4/2017,0,169.00
45728086,Bowflex Brand,Bowflex HVT,Online Search,CAM39441 dosbigl1,Web,7/3/2017,7/4/2017,1,1749.00
45728286,Bowflex Brand,Bowflex Max Trainer,Online Search,CAM39441 dosbigl1,Web,7/3/2017,7/4/2017,1,1449.00
45728386,Bowflex Brand,Bowflex Home Gyms,Electronic - UnSourced,CAM16616 DEGBFBHG,Web,7/3/2017,7/4/2017,1,1199.00
45728386,Bowflex Brand,Bowflex Home Gyms,Electronic - UnSourced,CAM16616 DEGBFBHG,Web,7/3/2017,7/4/2017,0,139.99
45728386,Bowflex Brand,Bowflex Home Gyms,Electronic - UnSourced,CAM16616 DEGBFBHG,Web,7/3/2017,7/4/2017,0,299.00
45728486,Bowflex Max Trainer,Bowflex Max Trainer,Online Search,CAM44497 dosg2esl1,Web,7/3/2017,7/4/2017,1,999.00
45728786,Bowflex HVT,Bowflex HVT,Electronic - Short Form,CAM50960 DSEHSF17C,Web,7/3/2017,7/4/2017,1,1799.00
45728886,Bowflex Selecttech Dumbbells,Bowflex Selecttech Dumbbells,Online Shopping,CAM32061 dofg2dfeed1,Web,7/3/2017,7/4/2017,1,299.00
45728886,Bowflex Selecttech Dumbbells,Bowflex Selecttech Dumbbells,Online Shopping,CAM32061 dofg2dfeed1,Web,7/3/2017,7/4/2017,0,228.99
45728886,Bowflex Selecttech Dumbbells,Bowflex Selecttech Dumbbells,Online Shopping,CAM32061 dofg2dfeed1,Web,7/3/2017,7/4/2017,0,158.99
45728986,Bowflex Brand,Bowflex HVT,Electronic - UnSourced,CAM16616 DEGBFBHG,Web,7/3/2017,7/4/2017,1,1799.00
45728986,Bowflex Brand,Bowflex Selecttech Dumbbells,Electronic - UnSourced,CAM16616 DEGBFBHG,Web,7/3/2017,7/4/2017,1,549.00
45729186,Bowflex Max Trainer,Bowflex Max Trainer,Online Search,CAM45729 DOSG2ESL6,Web,7/3/2017,7/4/2017,1,1449.00
45729186,Bowflex Max Trainer,Bowflex Max Trainer,Online Search,CAM45729 DOSG2ESL6,Web,7/3/2017,7/4/2017,0,169.00
45729186,Bowflex Max Trainer,Bowflex Max Trainer,Online Search,CAM45729 DOSG2ESL6,Web,7/3/2017,7/4/2017,0,169.00
45729386,Bowflex Max Trainer,Bowflex Max Trainer,Online Search,CAM48984 DOSG2ESL11,Web,7/3/2017,7/4/2017,1,1999.00
45729386,Bowflex Max Trainer,Treadclimber,Online Search,CAM48984 DOSG2ESL11,Web,7/3/2017,7/4/2017,0,.00
45729386,Bowflex Max Trainer,Bowflex Max Trainer,Online Search,CAM48984 DOSG2ESL11,Web,7/3/2017,7/4/2017,0,169.00
45729486,Bowflex Brand,Results Elliptical,Online Search,CAM31081 dosg2gl1,Web,7/3/2017,7/4/2017,0,2048.00
45729486,Bowflex Brand,Results Elliptical,Online Search,CAM31081 dosg2gl1,Web,7/3/2017,7/4/2017,0,199.00
45729586,Bowflex Max Trainer,Bowflex Max Trainer,Online Search,CAM45730 DOSG2ESL7,Web,7/3/2017,7/4/2017,1,1449.00
45729786,Bowflex Max Trainer,Bowflex Max Trainer,Online Shopping,CAM44887 dofg2efeed1,Web,7/3/2017,7/4/2017,1,1999.00
45729786,Bowflex Max Trainer,Bowflex Max Trainer,Online Shopping,CAM44887 dofg2efeed1,Web,7/3/2017,7/4/2017,0,209.00
45729786,Bowflex Max Trainer,Treadclimber,Online Shopping,CAM44887 dofg2efeed1,Web,7/3/2017,7/4/2017,0,.00
45730086,Treadclimber,Treadclimber,Online Search,CAM37440 dosg2tsl21,Web,7/3/2017,7/4/2017,0,18.98
45730186,Bowflex Max Trainer,Bowflex Max Trainer,Online Search,CAM44497 dosg2esl1,Web,7/3/2017,7/4/2017,1,1449.00
45730286,Bowflex Brand,Bowflex Max Trainer,Electronic - UnSourced,CAM16616 DEGBFBHG,Web,7/3/2017,7/4/2017,1,2349.00
45730386,Bowflex Home Gyms,Bowflex Home Gyms,Online Display,CAM34645 dodg2gdl2,Web,7/3/2017,7/4/2017,1,1199.00
45730386,Bowflex Home Gyms,Bowflex Home Gyms,Online Display,CAM34645 dodg2gdl2,Web,7/3/2017,7/4/2017,0,299.00
45730486,Bowflex Brand,Bowflex Max Trainer,Electronic - UnSourced,CAM16616 DEGBFBHG,Web,7/3/2017,7/4/2017,1,1449.00
45730486,Bowflex Brand,Bowflex Max Trainer,Electronic - UnSourced,CAM16616 DEGBFBHG,Web,7/3/2017,7/4/2017,0,169.00
45730486,Bowflex Brand,Bowflex HVT,Electronic - UnSourced,CAM16616 DEGBFBHG,Web,7/3/2017,7/4/2017,0,99.00
45730686,Treadclimber,Treadclimber,Online Search,CAM48240 DOSBITSL18,Web,7/3/2017,7/4/2017,1,2399.00
45730786,Bowflex Max Trainer,Bowflex Max Trainer,Online Search,CAM44497 dosg2esl1,Web,7/3/2017,7/4/2017,1,1999.00
45730786,Bowflex Max Trainer,Treadclimber,Online Search,CAM44497 dosg2esl1,Web,7/3/2017,7/4/2017,0,.00
45730786,Bowflex Max Trainer,Bowflex Max Trainer,Online Search,CAM44497 dosg2esl1,Web,7/3/2017,7/4/2017,0,169.00
45730787,Bowflex Max Trainer,Bowflex Max Trainer,Online Search,CAM44429 dosbiesl1,Web,7/3/2017,7/4/2017,1,1449.00
45730788,Bowflex Brand,Bowflex Max Trainer,Online Search,CAM39441 dosbigl1,Web,7/3/2017,7/4/2017,1,999.00
45730886,Bowflex Max Trainer,Bowflex Max Trainer,Online Search,CAM45730 DOSG2ESL7,Web,7/3/2017,7/4/2017,1,1449.00
45730886,Bowflex Max Trainer,Bowflex Max Trainer,Online Search,CAM45730 DOSG2ESL7,Web,7/3/2017,7/4/2017,0,169.00
45730886,Bowflex Max Trainer,Treadclimber,Online Search,CAM45730 DOSG2ESL7,Web,7/3/2017,7/4/2017,0,99.00
45730886,Bowflex Max Trainer,Bowflex Max Trainer,Online Search,CAM45730 DOSG2ESL7,Web,7/3/2017,7/4/2017,0,169.00
45730986,Bowflex Max Trainer,Bowflex Max Trainer,Electronic - Short Form,CAM45798 DSEESF14H,Web,7/3/2017,7/4/2017,1,2349.00
45730986,Bowflex Max Trainer,Bowflex Max Trainer,Electronic - Short Form,CAM45798 DSEESF14H,Web,7/3/2017,7/4/2017,0,209.00
45731286,Bowflex Max Trainer,Bowflex Max Trainer,Online Search,CAM44497 dosg2esl1,Web,7/3/2017,7/4/2017,1,1449.00
45731386,Bowflex Max Trainer,Bowflex Max Trainer,Short Form,CAM51447 LAFFNN60*HAOJ4TIC,Third Party Call Center - Evolve,7/3/2017,7/4/2017,1,1449.00
45731386,Bowflex Max Trainer,Treadclimber,Short Form,CAM51447 LAFFNN60*HAOJ4TIC,Third Party Call Center - Evolve,7/3/2017,7/4/2017,0,.00
45731386,Bowflex Max Trainer,Bowflex Max Trainer,Short Form,CAM51447 LAFFNN60*HAOJ4TIC,Third Party Call Center - Evolve,7/3/2017,7/4/2017,0,169.00
45731486,Bowflex Brand,Bowflex Max Trainer,Online Search,CAM31081 dosg2gl1,Web,7/3/2017,7/4/2017,1,1999.00
45731486,Bowflex Brand,Treadclimber,Online Search,CAM31081 dosg2gl1,Web,7/3/2017,7/4/2017,0,.00
45731486,Bowflex Brand,Bowflex Selecttech Dumbbells,Online Search,CAM31081 dosg2gl1,Web,7/3/2017,7/4/2017,0,199.00
45731486,Bowflex Brand,Bowflex Max Trainer,Online Search,CAM31081 dosg2gl1,Web,7/3/2017,7/4/2017,0,169.00
45731687,Bowflex Brand,Bowflex Catalog,Electronic - UnSourced,CAM16616 DEGBFBHG,Web,7/3/2017,7/4/2017,0,49.99
45731786,Bowflex Brand,Results Treadmill,Electronic - UnSourced,CAM16616 DEGBFBHG,Web,7/3/2017,7/4/2017,0,1799.00
45731986,Bowflex Brand,Bowflex Max Trainer,Online Search,CAM31081 dosg2gl1,Web,7/3/2017,7/4/2017,1,1449.00
45732186,Bowflex Max Trainer,Bowflex Max Trainer,Online Shopping,CAM44887 dofg2efeed1,Web,7/3/2017,7/4/2017,1,1449.00
45732186,Bowflex Max Trainer,Bowflex Max Trainer,Online Shopping,CAM44887 dofg2efeed1,Web,7/3/2017,7/4/2017,0,169.00
45732286,Bowflex Max Trainer,Bowflex Max Trainer,Online Shopping,CAM44887 dofg2efeed1,Web,7/3/2017,7/4/2017,1,1449.00
45732286,Bowflex Max Trainer,Bowflex Max Trainer,Online Shopping,CAM44887 dofg2efeed1,Web,7/3/2017,7/4/2017,0,129.00
45732286,Bowflex Max Trainer,Bowflex Max Trainer,Online Shopping,CAM44887 dofg2efeed1,Web,7/3/2017,7/4/2017,0,169.00
45732386,Bowflex Max Trainer,Bowflex Max Trainer,Online Search,CAM44497 dosg2esl1,Web,7/3/2017,7/4/2017,1,999.00
45732486,Bowflex Brand,Bowflex Max Trainer,Online Search,CAM31081 dosg2gl1,Web,7/3/2017,7/4/2017,1,1449.00
45732586,Bowflex Brand,Bowflex Max Trainer,Electronic - UnSourced,CAM16616 DEGBFBHG,Web,7/3/2017,7/4/2017,1,1449.00
45732586,Bowflex Brand,Bowflex Max Trainer,Electronic - UnSourced,CAM16616 DEGBFBHG,Web,7/3/2017,7/4/2017,0,169.00
45732686,Bowflex Brand,Bowflex Max Trainer,Electronic - UnSourced,CAM16616 DEGBFBHG,Web,7/3/2017,7/4/2017,1,1449.00
45732886,Bowflex Max Trainer,Bowflex Max Trainer,Short Form,CAM51444 IONLN60*HAOJ4TIC,Third Party Call Center - Evolve,7/3/2017,7/4/2017,1,999.00
45732886,Bowflex Max Trainer,Treadclimber,Short Form,CAM51444 IONLN60*HAOJ4TIC,Third Party Call Center - Evolve,7/3/2017,7/4/2017,0,.00
45732887,Bowflex Max Trainer,Bowflex Max Trainer,Online Search,CAM48984 DOSG2ESL11,Web,7/3/2017,7/4/2017,1,1999.00
45732887,Bowflex Max Trainer,Bowflex Max Trainer,Online Search,CAM48984 DOSG2ESL11,Web,7/3/2017,7/4/2017,0,209.00
45732887,Bowflex Max Trainer,Treadclimber,Online Search,CAM48984 DOSG2ESL11,Web,7/3/2017,7/4/2017,0,.00
45732887,Bowflex Max Trainer,Bowflex Max Trainer,Online Search,CAM48984 DOSG2ESL11,Web,7/3/2017,7/4/2017,0,169.00
45732986,Bowflex Max Trainer,Bowflex Max Trainer,Online Search,CAM44497 dosg2esl1,Web,7/3/2017,7/4/2017,1,1999.00
45732986,Bowflex Max Trainer,Bowflex Max Trainer,Online Search,CAM44497 dosg2esl1,Web,7/3/2017,7/4/2017,0,209.00
45732986,Bowflex Max Trainer,Treadclimber,Online Search,CAM44497 dosg2esl1,Web,7/3/2017,7/4/2017,0,.00
45733086,Bowflex Brand,Bowflex Max Trainer,Online Search,CAM31081 dosg2gl1,Web,7/3/2017,7/4/2017,1,1999.00
45733086,Bowflex Brand,Treadclimber,Online Search,CAM31081 dosg2gl1,Web,7/3/2017,7/4/2017,0,.00
45733086,Bowflex Brand,Bowflex Max Trainer,Online Search,CAM31081 dosg2gl1,Web,7/3/2017,7/4/2017,0,169.00
45733187,Bowflex Brand,Bowflex Max Trainer,Online Search,CAM39441 dosbigl1,Web,7/3/2017,7/4/2017,1,1449.00
45733187,Bowflex Brand,Bowflex Selecttech Dumbbells,Online Search,CAM39441 dosbigl1,Web,7/3/2017,7/4/2017,1,299.00
45733387,Bowflex Brand,Bowflex Selecttech Dumbbells,Electronic - UnSourced,CAM16616 DEGBFBHG,Web,7/3/2017,7/4/2017,1,249.00
45733587,Bowflex Brand,Bowflex Max Trainer,Electronic - UnSourced,CAM16616 DEGBFBHG,Web,7/3/2017,7/4/2017,1,1449.00
45733587,Bowflex Brand,Bowflex HVT,Electronic - UnSourced,CAM16616 DEGBFBHG,Web,7/3/2017,7/4/2017,1,1799.00
45733587,Bowflex Brand,Bowflex Selecttech Dumbbells,Electronic - UnSourced,CAM16616 DEGBFBHG,Web,7/3/2017,7/4/2017,0,199.00
45733687,Bowflex Max Trainer,Bowflex Max Trainer,Online Search,CAM44497 dosg2esl1,Web,7/3/2017,7/4/2017,1,1999.00
45733687,Bowflex Max Trainer,Treadclimber,Online Search,CAM44497 dosg2esl1,Web,7/3/2017,7/4/2017,0,.00
45733787,Bowflex Max Trainer,Bowflex Max Trainer,Online Search,CAM44497 dosg2esl1,Web,7/3/2017,7/4/2017,1,1449.00
45733887,Bowflex Max Trainer,Bowflex Max Trainer,Online Search,CAM44429 dosbiesl1,Web,7/3/2017,7/4/2017,1,999.00
45733987,Bowflex Brand,Bowflex Max Trainer,Electronic - UnSourced,CAM16616 DEGBFBHG,Web,7/3/2017,7/4/2017,1,1999.00
45733987,Bowflex Brand,Treadclimber,Electronic - UnSourced,CAM16616 DEGBFBHG,Web,7/3/2017,7/4/2017,0,.00
45734887,Bowflex Max Trainer,Bowflex Max Trainer,Online Search,CAM48984 DOSG2ESL11,Web,7/3/2017,7/4/2017,1,1999.00
45734887,Bowflex Max Trainer,Treadclimber,Online Search,CAM48984 DOSG2ESL11,Web,7/3/2017,7/4/2017,0,.00
45734987,Bowflex Brand,Bowflex Home Gyms,Online Search,CAM37117 dosg2gsl27,Web,7/3/2017,7/4/2017,1,1199.00
45734987,Bowflex Brand,Bowflex Home Gyms,Online Search,CAM37117 dosg2gsl27,Web,7/3/2017,7/4/2017,0,99.00
45735087,Bowflex Brand,Bowflex Home Gyms,Electronic - UnSourced,CAM16616 DEGBFBHG,Web,7/3/2017,7/4/2017,0,164.98
45735087,Bowflex Brand,Bowflex Home Gyms,Electronic - UnSourced,CAM16616 DEGBFBHG,Web,7/3/2017,7/4/2017,0,23.98
45735287,Bowflex Selecttech Dumbbells,Bowflex Selecttech Dumbbells,Online Search,CAM37432 dosg2dsl18,Web,7/3/2017,7/4/2017,0,199.00
45735287,Bowflex Selecttech Dumbbells,Bowflex Selecttech Dumbbells,Online Search,CAM37432 dosg2dsl18,Web,7/3/2017,7/4/2017,1,549.00
45735387,Bowflex Brand,Treadclimber,Electronic - UnSourced,CAM16616 DEGBFBHG,Web,7/3/2017,7/4/2017,1,1599.00
45735587,Bowflex HVT,Bowflex HVT,Online Shopping,CAM50808 DOFG2HFEED1,Web,7/3/2017,7/4/2017,1,1799.00
45735687,Bowflex Max Trainer,Bowflex Max Trainer,Online Shopping,CAM44887 dofg2efeed1,Web,7/3/2017,7/4/2017,1,1749.00
45735687,Bowflex Max Trainer,Bowflex Max Trainer,Online Shopping,CAM44887 dofg2efeed1,Web,7/3/2017,7/4/2017,0,169.00
45735787,Bowflex Brand,Bowflex Max Trainer,Online Search,CAM31081 dosg2gl1,Web,7/3/2017,7/4/2017,1,1449.00
45735887,Bowflex Brand,Bowflex HVT,Electronic - UnSourced,CAM16616 DEGBFBHG,Web,7/3/2017,7/4/2017,1,1799.00
45736087,Bowflex Max Trainer,Bowflex Max Trainer,Online Search,CAM44497 dosg2esl1,Web,7/3/2017,7/4/2017,1,1999.00
45736087,Bowflex Max Trainer,Treadclimber,Online Search,CAM44497 dosg2esl1,Web,7/3/2017,7/4/2017,0,.00
45736187,Bowflex Brand,Bowflex Max Trainer,Electronic - UnSourced,CAM16616 DEGBFBHG,Web,7/3/2017,7/4/2017,1,1449.00
45736287,Bowflex Brand,Bowflex Home Gyms,Electronic - UnSourced,CAM16616 DEGBFBHG,Web,7/3/2017,7/4/2017,1,1199.00
45736387,Bowflex Brand,Treadclimber,Online Search,CAM31081 dosg2gl1,Web,7/3/2017,7/4/2017,1,2399.00
45736487,Bowflex Brand,Bowflex Max Trainer,Online Search,CAM31081 dosg2gl1,Web,7/3/2017,7/4/2017,1,1449.00
45736487,Bowflex Brand,Bowflex Max Trainer,Online Search,CAM31081 dosg2gl1,Web,7/3/2017,7/4/2017,0,169.00
45736687,Bowflex HVT,Bowflex HVT,Online Search,CAM50810 DOSG2HSL1,Third Party Call Center - Evolve,7/3/2017,7/5/2017,1,1699.00
45736687,Bowflex HVT,Bowflex HVT,Online Search,CAM50810 DOSG2HSL1,Third Party Call Center - Evolve,7/3/2017,7/5/2017,0,99.00
45736787,Bowflex Brand,Bowflex Max Trainer,Online Search,CAM31081 dosg2gl1,Web,7/3/2017,7/5/2017,1,1449.00
45736787,Bowflex Brand,Bowflex Max Trainer,Online Search,CAM31081 dosg2gl1,Web,7/3/2017,7/5/2017,0,129.00
45736787,Bowflex Brand,Treadclimber,Online Search,CAM31081 dosg2gl1,Web,7/3/2017,7/5/2017,0,99.00
45736787,Bowflex Brand,Bowflex Max Trainer,Online Search,CAM31081 dosg2gl1,Web,7/3/2017,7/5/2017,0,169.00
45737087,Bowflex Max Trainer,Bowflex Max Trainer,Online Shopping,CAM44887 dofg2efeed1,Web,7/3/2017,7/5/2017,1,2349.00
45737187,Bowflex Brand,Bowflex Max Trainer,Electronic - UnSourced,CAM16616 DEGBFBHG,Web,7/3/2017,7/5/2017,1,1999.00
45737187,Bowflex Brand,Treadclimber,Electronic - UnSourced,CAM16616 DEGBFBHG,Web,7/3/2017,7/5/2017,0,.00
45737387,Bowflex Max Trainer,Bowflex Max Trainer,Online Search,CAM44497 dosg2esl1,Web,7/3/2017,7/5/2017,1,1499.00
45737487,Bowflex Max Trainer,Bowflex Max Trainer,Online Display,CAM49580 DODTABOOLAEDL2,Web,7/3/2017,7/5/2017,1,1999.00
45737487,Bowflex Max Trainer,Treadclimber,Online Display,CAM49580 DODTABOOLAEDL2,Web,7/3/2017,7/5/2017,0,.00
45737487,Bowflex Max Trainer,Bowflex Max Trainer,Online Display,CAM49580 DODTABOOLAEDL2,Web,7/3/2017,7/5/2017,0,169.00
45737587,Bowflex Max Trainer,Bowflex Max Trainer,Online Shopping,CAM44887 dofg2efeed1,Web,7/3/2017,7/5/2017,1,1449.00
45737687,Bowflex Max Trainer,Bowflex Max Trainer,Electronic - Short Form,CAM45797 DSEESF14G,Web,7/3/2017,7/5/2017,1,1449.00
45737803,Bowflex Brand,Bowflex Selecttech Dumbbells,Electronic - UnSourced,CAM16616 DEGBFBHG,Web,7/3/2017,7/5/2017,1,299.00
45737803,Bowflex Brand,Bowflex Selecttech Dumbbells,Electronic - UnSourced,CAM16616 DEGBFBHG,Web,7/3/2017,7/5/2017,0,228.99
45738221,Bowflex Max Trainer,Bowflex Max Trainer,Online Search,CAM44497 dosg2esl1,Web,7/3/2017,7/5/2017,1,1999.00
45738221,Bowflex Max Trainer,Treadclimber,Online Search,CAM44497 dosg2esl1,Web,7/3/2017,7/5/2017,0,.00
45738435,Bowflex Brand,Bowflex Max Trainer,Electronic - UnSourced,CAM16616 DEGBFBHG,Web,7/3/2017,7/5/2017,1,1449.00
45738435,Bowflex Brand,Bowflex Max Trainer,Electronic - UnSourced,CAM16616 DEGBFBHG,Web,7/3/2017,7/5/2017,0,129.00
45738535,Bowflex Max Trainer,Bowflex Max Trainer,Un-Sourced,CAM45327 1800MAXTRAINER,Call Center Internal,7/3/2017,7/5/2017,1,1449.00
45738538,Bowflex Brand,Bowflex Max Trainer,Online Search,CAM31081 dosg2gl1,Web,7/3/2017,7/5/2017,1,1449.00
45738538,Bowflex Brand,Bowflex Max Trainer,Online Search,CAM31081 dosg2gl1,Web,7/3/2017,7/5/2017,0,169.00
45738844,Bowflex Home Gyms,Bowflex Max Trainer,Un-Sourced,CAM28157 SALESFOLLOWUP,Call Center Internal,7/3/2017,7/5/2017,1,1999.00
45738844,Bowflex Home Gyms,Treadclimber,Un-Sourced,CAM28157 SALESFOLLOWUP,Call Center Internal,7/3/2017,7/5/2017,0,.00
45739046,Bowflex Home Gyms,Bowflex Revolution,Online Shopping,CAM32080 SAWDOFG2G,Call Center Internal,7/3/2017,7/5/2017,1,2599.00
45739046,Bowflex Home Gyms,Bowflex Revolution,Online Shopping,CAM32080 SAWDOFG2G,Call Center Internal,7/3/2017,7/5/2017,0,299.00
45739046,Bowflex Home Gyms,Bowflex Revolution,Online Shopping,CAM32080 SAWDOFG2G,Call Center Internal,7/3/2017,7/5/2017,0,199.00
45739048,Bowflex Brand,Bowflex Home Gyms,Electronic - UnSourced,CAM16616 DEGBFBHG,Web,7/3/2017,7/5/2017,0,49.98
45739147,Bowflex Home Gyms,Bowflex Max Trainer,Online Shopping,CAM32080 SAWDOFG2G,Call Center Internal,7/3/2017,7/5/2017,1,1449.00
45739147,Bowflex Home Gyms,Treadclimber,Online Shopping,CAM32080 SAWDOFG2G,Call Center Internal,7/3/2017,7/5/2017,0,99.00
45739147,Bowflex Home Gyms,Bowflex Max Trainer,Online Shopping,CAM32080 SAWDOFG2G,Call Center Internal,7/3/2017,7/5/2017,0,169.00
45739251,Bowflex Brand,Bowflex Max Trainer,Electronic - UnSourced,CAM49450 BOWWEB800,Call Center Internal,7/3/2017,7/5/2017,0,179.00
45739253,Bowflex Brand,Bowflex Max Trainer,Electronic - UnSourced,CAM49450 BOWWEB800,Call Center Internal,7/3/2017,7/5/2017,1,1119.30
45739259,Bowflex Brand,Results Treadmill,Un-Sourced,CAM49456 BCARECREDIT,Call Center Internal,7/3/2017,7/5/2017,0,2048.00
45739262,Results Treadmill,Results Treadmill,Online Shopping,CAM50816 DOFG2BXTFEED1,Call Center Internal,7/3/2017,7/5/2017,0,1499.00
45739262,Results Treadmill,Results Treadmill,Online Shopping,CAM50816 DOFG2BXTFEED1,Call Center Internal,7/3/2017,7/5/2017,0,169.00
45739263,Bowflex Home Gyms,Bowflex Selecttech Dumbbells,Un-Sourced,CAM28157 SALESFOLLOWUP,Call Center Internal,7/3/2017,7/5/2017,1,549.00
45739263,Bowflex Home Gyms,Bowflex Selecttech Dumbbells,Un-Sourced,CAM28157 SALESFOLLOWUP,Call Center Internal,7/3/2017,7/5/2017,0,139.00
45739263,Bowflex Home Gyms,Bowflex Selecttech Dumbbells,Un-Sourced,CAM28157 SALESFOLLOWUP,Call Center Internal,7/3/2017,7/5/2017,0,199.00
45739371,Bowflex Brand,Bowflex Max Trainer,Electronic - UnSourced,CAM49450 BOWWEB800,Call Center Internal,7/3/2017,7/5/2017,0,109.00
45739373,Bowflex Max Trainer,Bowflex Max Trainer,Short Form,CAM51236 FOXNN60*SOFTYTIC,Call Center Internal,7/3/2017,7/5/2017,1,1449.00
45739373,Bowflex Max Trainer,Bowflex Max Trainer,Short Form,CAM51236 FOXNN60*SOFTYTIC,Call Center Internal,7/3/2017,7/5/2017,0,169.00
45739765,Bowflex Brand,Bowflex Max Trainer,Electronic - UnSourced,CAM16616 DEGBFBHG,Web,7/3/2017,7/5/2017,1,1449.00
45739765,Bowflex Brand,Treadclimber,Electronic - UnSourced,CAM16616 DEGBFBHG,Web,7/3/2017,7/5/2017,0,99.00
45739765,Bowflex Brand,Bowflex Max Trainer,Electronic - UnSourced,CAM16616 DEGBFBHG,Web,7/3/2017,7/5/2017,0,169.00
45739775,Bowflex Max Trainer,Bowflex Max Trainer,Electronic - Short Form,CAM44172 dseesf14a,Web,7/3/2017,7/5/2017,1,1449.00
45739775,Bowflex Max Trainer,Bowflex Catalog,Electronic - Short Form,CAM44172 dseesf14a,Web,7/3/2017,7/5/2017,0,13.99
45740403,Bowflex Brand,Treadclimber,Electronic - UnSourced,CAM16616 DEGBFBHG,Web,7/3/2017,7/5/2017,0,108.99
45740503,Bowflex Brand,Bowflex HVT,Online Search,CAM31081 dosg2gl1,Web,7/3/2017,7/5/2017,1,1799.00
45740604,Bowflex Max Trainer,Bowflex Max Trainer,Online Search,CAM45730 DOSG2ESL7,Web,7/3/2017,7/5/2017,1,1446.46
45740604,Bowflex Max Trainer,Bowflex Max Trainer,Online Search,CAM45730 DOSG2ESL7,Web,7/3/2017,7/5/2017,0,169.00
45740907,Treadclimber,Bowflex Max Trainer,Online Search,CAM37655 dosbitsl10,Web,7/3/2017,7/5/2017,1,1999.00
45740907,Treadclimber,Treadclimber,Online Search,CAM37655 dosbitsl10,Web,7/3/2017,7/5/2017,0,.00
45741007,Bowflex Max Trainer,Bowflex Max Trainer,Online Shopping,CAM44887 dofg2efeed1,Web,7/3/2017,7/5/2017,1,1999.00
45741007,Bowflex Max Trainer,Bowflex Max Trainer,Online Shopping,CAM44887 dofg2efeed1,Web,7/3/2017,7/5/2017,0,209.00
45741007,Bowflex Max Trainer,Treadclimber,Online Shopping,CAM44887 dofg2efeed1,Web,7/3/2017,7/5/2017,0,.00
45741007,Bowflex Max Trainer,Bowflex Max Trainer,Online Shopping,CAM44887 dofg2efeed1,Web,7/3/2017,7/5/2017,0,169.00
45741108,Bowflex Max Trainer,Bowflex Max Trainer,Online Search,CAM44497 dosg2esl1,Web,7/3/2017,7/5/2017,1,999.00
45741208,Bowflex Max Trainer,Bowflex Max Trainer,Electronic - Short Form,CAM45798 DSEESF14H,Web,7/3/2017,7/5/2017,1,1999.00
45741208,Bowflex Max Trainer,Treadclimber,Electronic - Short Form,CAM45798 DSEESF14H,Web,7/3/2017,7/5/2017,0,.00
45741209,Bowflex Max Trainer,Bowflex Max Trainer,Online Shopping,CAM44887 dofg2efeed1,Web,7/3/2017,7/5/2017,1,1449.00
45741210,Bowflex Brand,Bowflex Selecttech Dumbbells,Online Search,CAM39441 dosbigl1,Web,7/3/2017,7/5/2017,1,249.00
45741308,Bowflex Home Gyms,Bowflex Home Gyms,Online Shopping,CAM32062 dofg2gfeed1,Web,7/3/2017,7/5/2017,1,1199.00
45741408,Results Treadmill,Results Treadmill,Online Display,CAM50815 DODG2BXTDL2,Web,7/3/2017,7/5/2017,0,1799.00
45741512,Bowflex Brand,Bowflex Selecttech Dumbbells,Electronic - UnSourced,CAM16616 DEGBFBHG,Web,7/3/2017,7/5/2017,1,355.40
45741512,Bowflex Brand,Bowflex Selecttech Dumbbells,Electronic - UnSourced,CAM16616 DEGBFBHG,Web,7/3/2017,7/5/2017,0,104.30
45741512,Bowflex Brand,Bowflex Selecttech Dumbbells,Electronic - UnSourced,CAM16616 DEGBFBHG,Web,7/3/2017,7/5/2017,0,139.30
45741612,Bowflex Home Gyms,Results Treadmill,Un-Sourced,CAM40821 1800BOWFLEX,Call Center Internal,7/3/2017,7/5/2017,0,1847.00
45741612,Bowflex Home Gyms,Results Treadmill,Un-Sourced,CAM40821 1800BOWFLEX,Call Center Internal,7/3/2017,7/5/2017,0,169.00
45741719,Bowflex Max Trainer,Bowflex Max Trainer,Online Shopping,CAM44887 dofg2efeed1,Web,7/3/2017,7/5/2017,1,1449.00
45741919,Bowflex Brand,Results Treadmill,Electronic - UnSourced,CAM16616 DEGBFBHG,Web,7/3/2017,7/5/2017,0,1799.00
45742020,Bowflex Max Trainer,Bowflex Max Trainer,Online Search,CAM45731 DOSBIESL6,Web,7/3/2017,7/5/2017,1,999.00
45742223,Bowflex Max Trainer,Bowflex Max Trainer,Online Shopping,CAM44887 dofg2efeed1,Web,7/3/2017,7/5/2017,1,1449.00
45742323,Bowflex Home Gyms,Bowflex Max Trainer,Un-Sourced,CAM28157 SALESFOLLOWUP,Call Center Internal,7/3/2017,7/5/2017,1,1999.00
45742323,Bowflex Home Gyms,Treadclimber,Un-Sourced,CAM28157 SALESFOLLOWUP,Call Center Internal,7/3/2017,7/5/2017,0,.00
45742758,Bowflex Brand,Bowflex Home Gyms,Online Search,CAM31081 dosg2gl1,Web,7/3/2017,7/5/2017,0,23.98
45742948,Bowflex Home Gyms,Bowflex HVT,Un-Sourced,CAM40821 1800BOWFLEX,Call Center Internal,7/3/2017,7/5/2017,1,1799.00
45742949,Bowflex Max Trainer,Bowflex Max Trainer,Un-Sourced,CAM45327 1800MAXTRAINER,Call Center Internal,7/3/2017,7/5/2017,1,999.00
45742949,Bowflex Max Trainer,Bowflex Max Trainer,Un-Sourced,CAM45327 1800MAXTRAINER,Call Center Internal,7/3/2017,7/5/2017,0,79.00
45742950,Bowflex Brand,Bowflex HVT,Electronic - UnSourced,CAM16616 DEGBFBHG,Web,7/3/2017,7/5/2017,1,1799.00
45743050,Bowflex Max Trainer,Bowflex Max Trainer,Un-Sourced,CAM45327 1800MAXTRAINER,Call Center Internal,7/3/2017,7/5/2017,1,1999.00
45743050,Bowflex Max Trainer,Treadclimber,Un-Sourced,CAM45327 1800MAXTRAINER,Call Center Internal,7/3/2017,7/5/2017,0,.00
45743355,Bowflex Home Gyms,Bowflex Revolution,Electronic - Short Form,CAM27401 DEFAULTADID,Call Center Internal,7/3/2017,7/5/2017,1,2099.30
45743355,Bowflex Home Gyms,Bowflex Revolution,Electronic - Short Form,CAM27401 DEFAULTADID,Call Center Internal,7/3/2017,7/5/2017,0,299.00
45743355,Bowflex Home Gyms,Bowflex Revolution,Electronic - Short Form,CAM27401 DEFAULTADID,Call Center Internal,7/3/2017,7/5/2017,0,139.30
45743355,Bowflex Home Gyms,Bowflex Revolution,Electronic - Short Form,CAM27401 DEFAULTADID,Call Center Internal,7/3/2017,7/5/2017,0,69.30
45743357,Bowflex Brand,Bowflex Max Trainer,Electronic - UnSourced,CAM16616 DEGBFBHG,Web,7/3/2017,7/5/2017,1,1449.00
45743357,Bowflex Brand,Bowflex Max Trainer,Electronic - UnSourced,CAM16616 DEGBFBHG,Web,7/3/2017,7/5/2017,0,169.00
45743357,Bowflex Brand,Bowflex Max Trainer,Electronic - UnSourced,CAM16616 DEGBFBHG,Web,7/3/2017,7/5/2017,0,169.00
45744280,Bowflex Max Trainer,Bowflex Max Trainer,Online Search,CAM48984 DOSG2ESL11,Web,7/3/2017,7/5/2017,1,1999.00
45744280,Bowflex Max Trainer,Treadclimber,Online Search,CAM48984 DOSG2ESL11,Web,7/3/2017,7/5/2017,0,.00
45744280,Bowflex Max Trainer,Bowflex Max Trainer,Online Search,CAM48984 DOSG2ESL11,Web,7/3/2017,7/5/2017,0,169.00
45744381,Bowflex Brand,Bowflex Revolution,Online Search,CAM39441 dosbigl1,Web,7/3/2017,7/5/2017,0,238.99
45744482,Bowflex Max Trainer,Bowflex Max Trainer,Online Search,CAM44497 dosg2esl1,Web,7/3/2017,7/5/2017,1,999.00
45744482,Bowflex Max Trainer,Bowflex Max Trainer,Online Search,CAM44497 dosg2esl1,Web,7/3/2017,7/5/2017,0,109.00
45744586,Bowflex Brand,Bowflex Max Trainer,Online Search,CAM49688 SAWDOSBI,Call Center Internal,7/3/2017,7/5/2017,1,999.00
45744588,Bowflex Brand,Bowflex Home Gyms,Online Search,CAM49688 SAWDOSBI,Call Center Internal,7/3/2017,7/5/2017,0,109.99
45744592,Bowflex Brand,Bowflex Max Trainer,Online Search,CAM31081 dosg2gl1,Web,7/3/2017,7/5/2017,1,999.00
45744592,Bowflex Brand,Bowflex Max Trainer,Online Search,CAM31081 dosg2gl1,Web,7/3/2017,7/5/2017,0,109.00
45744797,Bowflex Brand,Bowflex Max Trainer,Online Search,CAM31081 dosg2gl1,Web,7/3/2017,7/5/2017,1,1449.00
45744797,Bowflex Brand,Bowflex Max Trainer,Online Search,CAM31081 dosg2gl1,Web,7/3/2017,7/5/2017,0,129.00
45744797,Bowflex Brand,Bowflex Max Trainer,Online Search,CAM31081 dosg2gl1,Web,7/3/2017,7/5/2017,0,169.00
45744901,Bowflex Home Gyms,Bowflex Max Trainer,Un-Sourced,CAM28157 SALESFOLLOWUP,Call Center Internal,7/3/2017,7/5/2017,1,1999.00
45744901,Bowflex Home Gyms,Treadclimber,Un-Sourced,CAM28157 SALESFOLLOWUP,Call Center Internal,7/3/2017,7/5/2017,0,.00
45744901,Bowflex Home Gyms,Bowflex Max Trainer,Un-Sourced,CAM28157 SALESFOLLOWUP,Call Center Internal,7/3/2017,7/5/2017,0,149.00
45745007,Bowflex Brand,Bowflex HVT,Online Search,CAM49688 SAWDOSBI,Call Center Internal,7/3/2017,7/5/2017,1,1799.00
45745007,Bowflex Brand,Bowflex HVT,Online Search,CAM49688 SAWDOSBI,Call Center Internal,7/3/2017,7/5/2017,0,249.00
45745007,Bowflex Brand,Bowflex HVT,Online Search,CAM49688 SAWDOSBI,Call Center Internal,7/3/2017,7/5/2017,0,139.00
45745007,Bowflex Brand,Bowflex HVT,Online Search,CAM49688 SAWDOSBI,Call Center Internal,7/3/2017,7/5/2017,0,99.00
45745108,Bowflex Max Trainer,Bowflex Max Trainer,Online Display,CAM50714 DODG2EDL3,Web,7/3/2017,7/5/2017,1,1999.00
45745108,Bowflex Max Trainer,Treadclimber,Online Display,CAM50714 DODG2EDL3,Web,7/3/2017,7/5/2017,0,.00
45745210,Bowflex Max Trainer,Bowflex Max Trainer,Online Search,CAM48985 DOSBIESL10,Web,7/3/2017,7/5/2017,1,1999.00
45745210,Bowflex Max Trainer,Treadclimber,Online Search,CAM48985 DOSBIESL10,Web,7/3/2017,7/5/2017,0,.00
45745317,Bowflex Brand,Bowflex Max Trainer,Online Search,CAM30796 SAWDOSG2G,Call Center Internal,7/3/2017,7/5/2017,0,169.00
45745317,Bowflex Brand,Bowflex Max Trainer,Online Search,CAM30796 SAWDOSG2G,Call Center Internal,7/3/2017,7/5/2017,0,109.00
45745421,Bowflex Brand,Bowflex Max Trainer,Electronic - UnSourced,CAM16616 DEGBFBHG,Web,7/3/2017,7/5/2017,1,1449.00
45745520,Bowflex Max Trainer,Bowflex Max Trainer,Short Form,CAM51455 SPKEN60*HAOJ4TIC,Call Center Internal,7/3/2017,7/5/2017,1,1449.00
45745520,Bowflex Max Trainer,Treadclimber,Short Form,CAM51455 SPKEN60*HAOJ4TIC,Call Center Internal,7/3/2017,7/5/2017,0,99.00
45745520,Bowflex Max Trainer,Bowflex Max Trainer,Short Form,CAM51455 SPKEN60*HAOJ4TIC,Call Center Internal,7/3/2017,7/5/2017,0,169.00
45745623,Bowflex Brand,Bowflex Max Trainer,Electronic - UnSourced,CAM49450 BOWWEB800,Call Center Internal,7/3/2017,7/5/2017,1,999.00
45745624,Bowflex Home Gyms,Bowflex Home Gyms,Online Shopping,CAM32062 dofg2gfeed1,Web,7/3/2017,7/5/2017,1,1199.00
45745825,Bowflex Home Gyms,Bowflex Max Trainer,Electronic - Short Form,CAM27401 DEFAULTADID,Call Center Internal,7/3/2017,7/5/2017,1,1999.00
45745825,Bowflex Home Gyms,Treadclimber,Electronic - Short Form,CAM27401 DEFAULTADID,Call Center Internal,7/3/2017,7/5/2017,0,.00
45746029,Bowflex Max Trainer,Bowflex Max Trainer,Online Display,CAM50406 DODSPECTRUMEDL1,Web,7/3/2017,7/5/2017,1,999.00
45746130,Bowflex Brand,Bowflex Home Gyms,Electronic - UnSourced,CAM16616 DEGBFBHG,Web,7/3/2017,7/5/2017,0,109.99
45746230,Bowflex Brand,Bowflex Home Gyms,Online Search,CAM37743 dosbigsl6,Web,7/3/2017,7/5/2017,1,1199.00
45746230,Bowflex Brand,Bowflex Home Gyms,Online Search,CAM37743 dosbigsl6,Web,7/3/2017,7/5/2017,0,99.00
45746230,Bowflex Brand,Bowflex Home Gyms,Online Search,CAM37743 dosbigsl6,Web,7/3/2017,7/5/2017,0,99.00
45746230,Bowflex Brand,Bowflex Home Gyms,Online Search,CAM37743 dosbigsl6,Web,7/3/2017,7/5/2017,0,199.99
45746230,Bowflex Brand,Bowflex Home Gyms,Online Search,CAM37743 dosbigsl6,Web,7/3/2017,7/5/2017,0,139.99
45746230,Bowflex Brand,Bowflex Home Gyms,Online Search,CAM37743 dosbigsl6,Web,7/3/2017,7/5/2017,0,14.99
45746230,Bowflex Brand,Bowflex Home Gyms,Online Search,CAM37743 dosbigsl6,Web,7/3/2017,7/5/2017,0,39.99
45746230,Bowflex Brand,Bowflex Home Gyms,Online Search,CAM37743 dosbigsl6,Web,7/3/2017,7/5/2017,0,34.99
45746331,Bowflex Brand,Bowflex Max Trainer,Online Search,CAM30796 SAWDOSG2G,Call Center Internal,7/3/2017,7/5/2017,1,1449.00
45746339,Bowflex Max Trainer,Results Treadmill,Short Form,CAM48368 FOX*NVODJACKDTIC,Call Center Internal,7/3/2017,7/5/2017,0,1799.00
45746351,Bowflex Max Trainer,Bowflex Max Trainer,Online Shopping,CAM44887 dofg2efeed1,Web,7/3/2017,7/5/2017,1,1999.00
45746351,Bowflex Max Trainer,Bowflex Max Trainer,Online Shopping,CAM44887 dofg2efeed1,Web,7/3/2017,7/5/2017,0,209.00
45746351,Bowflex Max Trainer,Treadclimber,Online Shopping,CAM44887 dofg2efeed1,Web,7/3/2017,7/5/2017,0,.00
45746351,Bowflex Max Trainer,Bowflex Max Trainer,Online Shopping,CAM44887 dofg2efeed1,Web,7/3/2017,7/5/2017,0,169.00
45746462,Bowflex Brand,Bowflex HVT,Electronic - UnSourced,CAM16616 DEGBFBHG,Call Center Internal,7/3/2017,7/5/2017,1,1799.00
45746470,Bowflex Max Trainer,Bowflex Max Trainer,Electronic - Short Form,CAM45798 DSEESF14H,Web,7/3/2017,7/5/2017,1,999.00
45746809,Bowflex Max Trainer,Bowflex Max Trainer,Online Display,CAM50255 SAWDODG2E,Call Center Internal,7/3/2017,7/5/2017,1,1449.00
45746810,Bowflex Brand,Bowflex Max Trainer,Electronic - UnSourced,CAM16616 DEGBFBHG,Web,7/3/2017,7/5/2017,1,2349.00
45746810,Bowflex Brand,Bowflex Selecttech Dumbbells,Electronic - UnSourced,CAM16616 DEGBFBHG,Web,7/3/2017,7/5/2017,1,499.00
45746810,Bowflex Brand,Bowflex Selecttech Dumbbells,Electronic - UnSourced,CAM16616 DEGBFBHG,Web,7/3/2017,7/5/2017,0,169.00
45746914,Bowflex Brand,Bowflex Max Trainer,Electronic - UnSourced,CAM16616 DEGBFBHG,Web,7/3/2017,7/5/2017,1,1999.00
45746914,Bowflex Brand,Treadclimber,Electronic - UnSourced,CAM16616 DEGBFBHG,Web,7/3/2017,7/5/2017,0,.00
45747020,Bowflex Brand,Bowflex HVT,Electronic - UnSourced,CAM16616 DEGBFBHG,Web,7/3/2017,7/5/2017,1,1799.00
45747440,Bowflex Brand,Bowflex Home Gyms,Electronic - UnSourced,CAM16616 DEGBFBHG,Web,7/3/2017,7/5/2017,1,1199.00
45747542,Bowflex Max Trainer,Bowflex Max Trainer,Online Search,CAM44497 dosg2esl1,Web,7/3/2017,7/5/2017,1,1449.00
45747957,Bowflex Max Trainer,Bowflex Max Trainer,Un-Sourced,CAM45327 1800MAXTRAINER,Call Center Internal,7/3/2017,7/5/2017,1,1999.00
45747957,Bowflex Max Trainer,Bowflex Max Trainer,Un-Sourced,CAM45327 1800MAXTRAINER,Call Center Internal,7/3/2017,7/5/2017,0,209.00
45747958,Bowflex Max Trainer,Bowflex Max Trainer,Online Search,CAM44497 dosg2esl1,Web,7/3/2017,7/5/2017,1,999.00
45748162,Bowflex Max Trainer,Bowflex Max Trainer,Online Search,CAM44497 dosg2esl1,Web,7/3/2017,7/5/2017,1,1449.00
45748162,Bowflex Max Trainer,Bowflex Max Trainer,Online Search,CAM44497 dosg2esl1,Web,7/3/2017,7/5/2017,0,169.00
45748263,Bowflex Max Trainer,Bowflex Max Trainer,Online Display,CAM50406 DODSPECTRUMEDL1,Web,7/3/2017,7/5/2017,1,1449.00
45748365,Bowflex Max Trainer,Bowflex Max Trainer,Online Search,CAM45732 DOSBIESL7,Web,7/3/2017,7/5/2017,1,1449.00
45748570,Bowflex Selecttech Dumbbells,Bowflex Selecttech Dumbbells,Un-Sourced,CAM40819 1800SELECTTECH,Call Center Internal,7/3/2017,7/5/2017,0,149.00
45748676,Bowflex Home Gyms,Bowflex Max Trainer,Un-Sourced,CAM28157 SALESFOLLOWUP,Call Center Internal,7/3/2017,7/5/2017,1,1449.00
45748676,Bowflex Home Gyms,Treadclimber,Un-Sourced,CAM28157 SALESFOLLOWUP,Call Center Internal,7/3/2017,7/5/2017,0,99.00
45748679,Bowflex Max Trainer,Bowflex Max Trainer,Un-Sourced,CAM45327 1800MAXTRAINER,Call Center Internal,7/3/2017,7/5/2017,1,1449.00
45748679,Bowflex Max Trainer,Bowflex Max Trainer,Un-Sourced,CAM45327 1800MAXTRAINER,Call Center Internal,7/3/2017,7/5/2017,0,129.00
45749291,Bowflex Selecttech Dumbbells,Bowflex Max Trainer,Online Shopping,CAM45439 ICAOFG2DFEED1,Call Center Internal,7/3/2017,7/5/2017,1,1449.00
45749294,Bowflex Catalog,Bowflex Selecttech Dumbbells,Electronic - UnSourced,CAM127 1800BOWFLEX_BFC,Call Center Internal,7/3/2017,7/5/2017,1,419.30
45749294,Bowflex Catalog,Bowflex Selecttech Dumbbells,Electronic - UnSourced,CAM127 1800BOWFLEX_BFC,Call Center Internal,7/3/2017,7/5/2017,0,97.30
45749294,Bowflex Catalog,Bowflex Selecttech Dumbbells,Electronic - UnSourced,CAM127 1800BOWFLEX_BFC,Call Center Internal,7/3/2017,7/5/2017,0,139.30
45749701,Bowflex Home Gyms,Bowflex Max Trainer,Un-Sourced,CAM28157 SALESFOLLOWUP,Call Center Internal,7/3/2017,7/5/2017,1,1449.00
45750008,Bowflex Brand,Bowflex Selecttech Dumbbells,Electronic - UnSourced,CAM16616 DEGBFBHG,Web,7/3/2017,7/5/2017,1,355.40
45750008,Bowflex Brand,Bowflex Selecttech Dumbbells,Electronic - UnSourced,CAM16616 DEGBFBHG,Web,7/3/2017,7/5/2017,0,69.00
45750008,Bowflex Brand,Bowflex Selecttech Dumbbells,Electronic - UnSourced,CAM16616 DEGBFBHG,Web,7/3/2017,7/5/2017,0,104.30
45750008,Bowflex Brand,Bowflex Selecttech Dumbbells,Electronic - UnSourced,CAM16616 DEGBFBHG,Web,7/3/2017,7/5/2017,0,139.30
45750320,Bowflex Home Gyms,Treadclimber,Un-Sourced,CAM28157 SALESFOLLOWUP,Call Center Internal,7/3/2017,7/5/2017,1,2399.00
45750320,Bowflex Home Gyms,Treadclimber,Un-Sourced,CAM28157 SALESFOLLOWUP,Call Center Internal,7/3/2017,7/5/2017,0,14.99
45750629,Bowflex Max Trainer,Bowflex Max Trainer,Un-Sourced,CAM45327 1800MAXTRAINER,Call Center Internal,7/3/2017,7/5/2017,1,999.00
45750629,Bowflex Max Trainer,Bowflex Max Trainer,Un-Sourced,CAM45327 1800MAXTRAINER,Call Center Internal,7/3/2017,7/5/2017,0,169.00
45750629,Bowflex Max Trainer,Treadclimber,Un-Sourced,CAM45327 1800MAXTRAINER,Call Center Internal,7/3/2017,7/5/2017,0,99.00
45750629,Bowflex Max Trainer,Bowflex Max Trainer,Un-Sourced,CAM45327 1800MAXTRAINER,Call Center Internal,7/3/2017,7/5/2017,0,79.00
45750630,Bowflex Max Trainer,Bowflex Max Trainer,Online Display,CAM50714 DODG2EDL3,Web,7/3/2017,7/5/2017,1,1449.00
45750630,Bowflex Max Trainer,Bowflex Max Trainer,Online Display,CAM50714 DODG2EDL3,Web,7/3/2017,7/5/2017,0,169.00
45750734,Bowflex Max Trainer,Bowflex Max Trainer,Electronic - Short Form,CAM45798 DSEESF14H,Web,7/3/2017,7/5/2017,1,999.00
45750848,Bowflex Max Trainer,Bowflex Max Trainer,Online Display,CAM50256 DODG2EDL1,Web,7/3/2017,7/5/2017,1,1449.00
45750950,Bowflex Brand,Bowflex Max Trainer,Electronic - UnSourced,CAM49450 BOWWEB800,Call Center Internal,7/3/2017,7/5/2017,1,699.30
45751153,Bowflex Selecttech Dumbbells,Bowflex Selecttech Dumbbells,Electronic - UnSourced,CAM129 1800BOWFLEX_BST,Call Center Internal,7/3/2017,7/5/2017,1,549.00
45751153,Bowflex Selecttech Dumbbells,Bowflex Selecttech Dumbbells,Electronic - UnSourced,CAM129 1800BOWFLEX_BST,Call Center Internal,7/3/2017,7/5/2017,0,199.00
45751360,Bowflex Max Trainer,Bowflex Max Trainer,Short Form,CAM51222 BRNGN60*SOFTYTIC,Call Center Internal,7/3/2017,7/5/2017,1,1999.00
45751360,Bowflex Max Trainer,Treadclimber,Short Form,CAM51222 BRNGN60*SOFTYTIC,Call Center Internal,7/3/2017,7/5/2017,0,.00
45751362,Bowflex Max Trainer,Bowflex Max Trainer,Online Display,CAM50256 DODG2EDL1,Web,7/3/2017,7/5/2017,1,1999.00
45751362,Bowflex Max Trainer,Treadclimber,Online Display,CAM50256 DODG2EDL1,Web,7/3/2017,7/5/2017,0,.00
45751464,Bowflex Max Trainer,Bowflex Max Trainer,Online Search,CAM44497 dosg2esl1,Web,7/3/2017,7/5/2017,1,1449.00
45751564,Bowflex Max Trainer,Bowflex Max Trainer,Short Form,CAM48774 PIVTN180JACFSTIC,Call Center Internal,7/3/2017,7/5/2017,1,699.30
45751571,Bowflex Max Trainer,Bowflex Max Trainer,Online Search,CAM44497 dosg2esl1,Web,7/3/2017,7/5/2017,1,1449.00
45751671,Bowflex Max Trainer,Bowflex Max Trainer,Online Display,CAM45910 DODADCEDL3,Web,7/3/2017,7/5/2017,1,1749.00
45751671,Bowflex Max Trainer,Bowflex Max Trainer,Online Display,CAM45910 DODADCEDL3,Web,7/3/2017,7/5/2017,0,169.00
45751771,Bowflex Brand,Treadclimber,Online Search,CAM31081 dosg2gl1,Web,7/3/2017,7/5/2017,1,1599.00
45752174,Bowflex Max Trainer,Bowflex Max Trainer,Electronic - Short Form,CAM49296 DSEESF16B,Call Center Internal,7/3/2017,7/5/2017,1,1119.30
45752174,Bowflex Max Trainer,Bowflex Max Trainer,Electronic - Short Form,CAM49296 DSEESF16B,Call Center Internal,7/3/2017,7/5/2017,0,169.00
45752176,Bowflex Home Gyms,Bowflex Max Trainer,Online Shopping,CAM32080 SAWDOFG2G,Call Center Internal,7/3/2017,7/5/2017,1,999.00
45752176,Bowflex Home Gyms,Bowflex Max Trainer,Online Shopping,CAM32080 SAWDOFG2G,Call Center Internal,7/3/2017,7/5/2017,0,109.00
45752279,Bowflex Home Gyms,,Un-Sourced,CAM40821 1800BOWFLEX,Call Center Internal,7/3/2017,7/5/2017,0,139.00
45752281,Treadclimber,Treadclimber,Online Search,CAM37440 dosg2tsl21,Web,7/3/2017,7/5/2017,1,2399.00
45752281,Treadclimber,Treadclimber,Online Search,CAM37440 dosg2tsl21,Web,7/3/2017,7/5/2017,0,249.00
45752384,Treadclimber,Treadclimber,Un-Sourced,CAM40825 1800TREADCLIMBER,Call Center Internal,7/3/2017,7/5/2017,1,1599.00
45752384,Treadclimber,Treadclimber,Un-Sourced,CAM40825 1800TREADCLIMBER,Call Center Internal,7/3/2017,7/5/2017,0,149.00
45752485,Bowflex Max Trainer,Bowflex Max Trainer,Un-Sourced,CAM45327 1800MAXTRAINER,Call Center Internal,7/3/2017,7/5/2017,0,169.00
45752488,Bowflex Max Trainer,Bowflex Max Trainer,Online Search,CAM44497 dosg2esl1,Web,7/3/2017,7/5/2017,1,1449.00
45752588,Bowflex Brand,Bowflex Selecttech Dumbbells,Electronic - UnSourced,CAM16616 DEGBFBHG,Web,7/3/2017,7/5/2017,1,549.00
45752894,Bowflex Brand,Bowflex Max Trainer,Electronic - UnSourced,CAM16616 DEGBFBHG,Web,7/3/2017,7/5/2017,1,1749.00
45753097,Bowflex Home Gyms,Bowflex Revolution,Online Search,CAM49655 SAWDOSG2GSL,Call Center Internal,7/3/2017,7/5/2017,1,2599.00
45753097,Bowflex Home Gyms,Bowflex Revolution,Online Search,CAM49655 SAWDOSG2GSL,Call Center Internal,7/3/2017,7/5/2017,0,99.00
45753097,Bowflex Home Gyms,Bowflex Revolution,Online Search,CAM49655 SAWDOSG2GSL,Call Center Internal,7/3/2017,7/5/2017,0,199.00
45753097,Bowflex Home Gyms,Bowflex Home Gyms,Online Search,CAM49655 SAWDOSG2GSL,Call Center Internal,7/3/2017,7/5/2017,0,.00
45753098,Bowflex Max Trainer,Bowflex Max Trainer,Online Display,CAM50256 DODG2EDL1,Web,7/3/2017,7/5/2017,1,1449.00
45753098,Bowflex Max Trainer,Bowflex Max Trainer,Online Display,CAM50256 DODG2EDL1,Web,7/3/2017,7/5/2017,0,169.00
45753200,Bowflex Home Gyms,Bowflex Max Trainer,Un-Sourced,CAM40821 1800BOWFLEX,Call Center Internal,7/3/2017,7/5/2017,1,999.00
45753200,Bowflex Home Gyms,Bowflex Max Trainer,Un-Sourced,CAM40821 1800BOWFLEX,Call Center Internal,7/3/2017,7/5/2017,0,169.00
45753200,Bowflex Home Gyms,Bowflex Max Trainer,Un-Sourced,CAM40821 1800BOWFLEX,Call Center Internal,7/3/2017,7/5/2017,0,79.00
45753200,Bowflex Home Gyms,Treadclimber,Un-Sourced,CAM40821 1800BOWFLEX,Call Center Internal,7/3/2017,7/5/2017,0,99.00
45753204,Bowflex Brand,Bowflex Max Trainer,Electronic - UnSourced,CAM16616 DEGBFBHG,Web,7/3/2017,7/5/2017,1,1449.00
45753204,Bowflex Brand,Bowflex Max Trainer,Electronic - UnSourced,CAM16616 DEGBFBHG,Web,7/3/2017,7/5/2017,0,129.00
45753507,Bowflex Max Trainer,Bowflex Max Trainer,Un-Sourced,CAM45327 1800MAXTRAINER,Call Center Internal,7/3/2017,7/5/2017,1,.00
45753513,Bowflex Brand,Bowflex Selecttech Dumbbells,Electronic - UnSourced,CAM49449 BOWWEB800CA,Call Center Internal,7/3/2017,7/5/2017,1,355.40
45753513,Bowflex Brand,Bowflex Selecttech Dumbbells,Electronic - UnSourced,CAM49449 BOWWEB800CA,Call Center Internal,7/3/2017,7/5/2017,0,104.30
45753513,Bowflex Brand,Bowflex Selecttech Dumbbells,Electronic - UnSourced,CAM49449 BOWWEB800CA,Call Center Internal,7/3/2017,7/5/2017,0,139.30
45753615,Bowflex Brand,Bowflex Max Trainer,Electronic - UnSourced,CAM49450 BOWWEB800,Call Center Internal,7/3/2017,7/5/2017,1,1449.00
45753716,Bowflex Brand,,Electronic - UnSourced,CAM49450 BOWWEB800,Call Center Internal,7/3/2017,7/5/2017,0,139.00
45753717,Bowflex Brand,Bowflex Revolution,Electronic - UnSourced,CAM16616 DEGBFBHG,Web,7/3/2017,7/5/2017,1,2599.00
45753717,Bowflex Brand,Bowflex Revolution,Electronic - UnSourced,CAM16616 DEGBFBHG,Web,7/3/2017,7/5/2017,0,99.00
45753717,Bowflex Brand,Bowflex Revolution,Electronic - UnSourced,CAM16616 DEGBFBHG,Web,7/3/2017,7/5/2017,0,199.00
45753717,Bowflex Brand,Bowflex HVT,Electronic - UnSourced,CAM16616 DEGBFBHG,Web,7/3/2017,7/5/2017,0,99.00
45753717,Bowflex Brand,Bowflex Revolution,Electronic - UnSourced,CAM16616 DEGBFBHG,Web,7/3/2017,7/5/2017,0,299.00
45753817,Treadclimber,Treadclimber,Un-Sourced,CAM40825 1800TREADCLIMBER,Call Center Internal,7/3/2017,7/5/2017,0,.00
45754020,Bowflex Max Trainer,Bowflex Max Trainer,Online Shopping,CAM44887 dofg2efeed1,Web,7/3/2017,7/5/2017,1,1449.00
45754020,Bowflex Max Trainer,Bowflex Max Trainer,Online Shopping,CAM44887 dofg2efeed1,Web,7/3/2017,7/5/2017,0,129.00
45754020,Bowflex Max Trainer,Bowflex Max Trainer,Online Shopping,CAM44887 dofg2efeed1,Web,7/3/2017,7/5/2017,0,169.00
45754021,Bowflex Brand,Bowflex Max Trainer,Online Search,CAM31081 dosg2gl1,Web,7/3/2017,7/5/2017,1,1449.00
45754021,Bowflex Brand,Bowflex Max Trainer,Online Search,CAM31081 dosg2gl1,Web,7/3/2017,7/5/2017,0,169.00
45754220,Bowflex Brand,Bowflex Max Trainer,Electronic - UnSourced,CAM16616 DEGBFBHG,Web,7/3/2017,7/5/2017,1,1449.00
45754424,Bowflex Brand,Bowflex Selecttech Dumbbells,Electronic - UnSourced,CAM16616 DEGBFBHG,Web,7/3/2017,7/5/2017,1,299.00
45754424,Bowflex Brand,Bowflex Selecttech Dumbbells,Electronic - UnSourced,CAM16616 DEGBFBHG,Web,7/3/2017,7/5/2017,0,228.99
45754424,Bowflex Brand,Bowflex Selecttech Dumbbells,Electronic - UnSourced,CAM16616 DEGBFBHG,Web,7/3/2017,7/5/2017,0,158.99
45754524,Bowflex Brand,Bowflex Max Trainer,Electronic - UnSourced,CAM16616 DEGBFBHG,Web,7/3/2017,7/5/2017,1,1999.00
45754524,Bowflex Brand,Treadclimber,Electronic - UnSourced,CAM16616 DEGBFBHG,Web,7/3/2017,7/5/2017,0,.00
45754625,Bowflex Brand,Bowflex Max Trainer,Electronic - UnSourced,CAM16616 DEGBFBHG,Web,7/3/2017,7/5/2017,1,1999.00
45754625,Bowflex Brand,Treadclimber,Electronic - UnSourced,CAM16616 DEGBFBHG,Web,7/3/2017,7/5/2017,0,.00
45755246,Bowflex Max Trainer,Bowflex Max Trainer,Un-Sourced,CAM45327 1800MAXTRAINER,Call Center Internal,7/3/2017,7/5/2017,1,1999.00
45755246,Bowflex Max Trainer,Treadclimber,Un-Sourced,CAM45327 1800MAXTRAINER,Call Center Internal,7/3/2017,7/5/2017,0,.00
45755246,Bowflex Max Trainer,Bowflex Selecttech Dumbbells,Un-Sourced,CAM45327 1800MAXTRAINER,Call Center Internal,7/3/2017,7/5/2017,1,399.00
45755246,Bowflex Max Trainer,Bowflex Selecttech Dumbbells,Un-Sourced,CAM45327 1800MAXTRAINER,Call Center Internal,7/3/2017,7/5/2017,0,100.00
45755246,Bowflex Max Trainer,Bowflex Selecttech Dumbbells,Un-Sourced,CAM45327 1800MAXTRAINER,Call Center Internal,7/3/2017,7/5/2017,0,100.00
45755247,Bowflex Home Gyms,Bowflex Home Gyms,Un-Sourced,CAM40821 1800BOWFLEX,Call Center Internal,7/3/2017,7/5/2017,0,30.98
45755250,Bowflex Max Trainer,Bowflex Max Trainer,Un-Sourced,CAM45327 1800MAXTRAINER,Call Center Internal,7/3/2017,7/5/2017,1,1999.00
45755250,Bowflex Max Trainer,Treadclimber,Un-Sourced,CAM45327 1800MAXTRAINER,Call Center Internal,7/3/2017,7/5/2017,0,.00
45755250,Bowflex Max Trainer,Bowflex Max Trainer,Un-Sourced,CAM45327 1800MAXTRAINER,Call Center Internal,7/3/2017,7/5/2017,0,169.00
45755362,Bowflex Max Trainer,Bowflex Max Trainer,Un-Sourced,CAM45327 1800MAXTRAINER,Call Center Internal,7/3/2017,7/5/2017,1,999.00
45755362,Bowflex Max Trainer,Bowflex Max Trainer,Un-Sourced,CAM45327 1800MAXTRAINER,Call Center Internal,7/3/2017,7/5/2017,0,79.00
45755469,Bowflex Brand,Bowflex Selecttech Dumbbells,Electronic - UnSourced,CAM16616 DEGBFBHG,Web,7/3/2017,7/5/2017,1,549.00
45755469,Bowflex Brand,Bowflex Selecttech Dumbbells,Electronic - UnSourced,CAM16616 DEGBFBHG,Web,7/3/2017,7/5/2017,0,199.00
45755470,Bowflex Max Trainer,Bowflex Max Trainer,Online Shopping,CAM44887 dofg2efeed1,Web,7/3/2017,7/5/2017,1,1999.00
45755470,Bowflex Max Trainer,Treadclimber,Online Shopping,CAM44887 dofg2efeed1,Web,7/3/2017,7/5/2017,0,.00
45755670,Bowflex Max Trainer,Bowflex Max Trainer,Online Shopping,CAM44887 dofg2efeed1,Web,7/3/2017,7/5/2017,1,999.00
45755778,Bowflex Selecttech Dumbbells,Bowflex Selecttech Dumbbells,Online Search,CAM37432 dosg2dsl18,Web,7/3/2017,7/5/2017,1,299.00
45755778,Bowflex Selecttech Dumbbells,Bowflex Selecttech Dumbbells,Online Search,CAM37432 dosg2dsl18,Web,7/3/2017,7/5/2017,0,228.99
45755879,Bowflex Brand,Bowflex Selecttech Dumbbells,Electronic - UnSourced,CAM16616 DEGBFBHG,Web,7/3/2017,7/5/2017,1,299.00
45756080,Bowflex Max Trainer,Bowflex Max Trainer,Online Search,CAM44429 dosbiesl1,Web,7/3/2017,7/5/2017,1,2222.97
45756080,Bowflex Max Trainer,Treadclimber,Online Search,CAM44429 dosbiesl1,Web,7/3/2017,7/5/2017,0,24.99
45756383,Bowflex Brand,Bowflex Max Trainer,Online Search,CAM30796 SAWDOSG2G,Call Center Internal,7/3/2017,7/5/2017,1,1999.00
45756383,Bowflex Brand,Treadclimber,Online Search,CAM30796 SAWDOSG2G,Call Center Internal,7/3/2017,7/5/2017,0,.00
45756391,Bowflex Max Trainer,Bowflex Max Trainer,Short Form,CAM51431 CMT*N60*HAOJ4TIC,Call Center Internal,7/3/2017,7/5/2017,1,1999.00
45756391,Bowflex Max Trainer,Treadclimber,Short Form,CAM51431 CMT*N60*HAOJ4TIC,Call Center Internal,7/3/2017,7/5/2017,0,.00
45756391,Bowflex Max Trainer,Bowflex Max Trainer,Short Form,CAM51431 CMT*N60*HAOJ4TIC,Call Center Internal,7/3/2017,7/5/2017,0,149.00
45756796,Bowflex Home Gyms,Bowflex Max Trainer,Un-Sourced,CAM28157 SALESFOLLOWUP,Call Center Internal,7/3/2017,7/5/2017,1,1449.00
45756796,Bowflex Home Gyms,Bowflex Max Trainer,Un-Sourced,CAM28157 SALESFOLLOWUP,Call Center Internal,7/3/2017,7/5/2017,0,129.00
45756796,Bowflex Home Gyms,Bowflex Max Trainer,Un-Sourced,CAM28157 SALESFOLLOWUP,Call Center Internal,7/3/2017,7/5/2017,0,169.00
45756899,Bowflex Max Trainer,Bowflex Max Trainer,Online Search,CAM45730 DOSG2ESL7,Web,7/3/2017,7/5/2017,1,1449.00
45756899,Bowflex Max Trainer,Bowflex Max Trainer,Online Search,CAM45730 DOSG2ESL7,Web,7/3/2017,7/5/2017,0,129.00
45757204,Bowflex Brand,Results Treadmill,Electronic - UnSourced,CAM49450 BOWWEB800,Call Center Internal,7/3/2017,7/5/2017,0,3598.00
45757206,Bowflex Brand,Bowflex Max Trainer,Electronic - UnSourced,CAM16616 DEGBFBHG,Web,7/3/2017,7/5/2017,1,1999.00
45757206,Bowflex Brand,Treadclimber,Electronic - UnSourced,CAM16616 DEGBFBHG,Web,7/3/2017,7/5/2017,0,.00
45757206,Bowflex Brand,Bowflex Max Trainer,Electronic - UnSourced,CAM16616 DEGBFBHG,Web,7/3/2017,7/5/2017,0,169.00
45757410,Bowflex Brand,Bowflex Selecttech Dumbbells,Online Search,CAM30796 SAWDOSG2G,Call Center Internal,7/3/2017,7/5/2017,1,293.68
45757410,Bowflex Brand,Bowflex Selecttech Dumbbells,Online Search,CAM30796 SAWDOSG2G,Call Center Internal,7/3/2017,7/5/2017,0,199.00
45757410,Bowflex Brand,Bowflex Selecttech Dumbbells,Online Search,CAM30796 SAWDOSG2G,Call Center Internal,7/3/2017,7/5/2017,0,139.00
45757513,Bowflex Max Trainer,Bowflex Max Trainer,Un-Sourced,CAM45327 1800MAXTRAINER,Call Center Internal,7/3/2017,7/5/2017,1,1449.00
45757513,Bowflex Max Trainer,Bowflex Max Trainer,Un-Sourced,CAM45327 1800MAXTRAINER,Call Center Internal,7/3/2017,7/5/2017,0,169.00
45757623,Treadclimber,Bowflex Max Trainer,Online Search,CAM37655 dosbitsl10,Web,7/3/2017,7/5/2017,1,1449.00
45757723,Bowflex Home Gyms,Bowflex HVT,Electronic - UnSourced,CAM128 1800BOWFLEX_CAB,Call Center Internal,7/3/2017,7/5/2017,1,1799.00
45757928,Bowflex Home Gyms,Bowflex Home Gyms,Un-Sourced,CAM40821 1800BOWFLEX,Call Center Internal,7/3/2017,7/5/2017,1,1199.00
45757928,Bowflex Home Gyms,Bowflex Home Gyms,Un-Sourced,CAM40821 1800BOWFLEX,Call Center Internal,7/3/2017,7/5/2017,0,99.00
45757928,Bowflex Home Gyms,Bowflex Home Gyms,Un-Sourced,CAM40821 1800BOWFLEX,Call Center Internal,7/3/2017,7/5/2017,0,139.99
45757928,Bowflex Home Gyms,Bowflex Home Gyms,Un-Sourced,CAM40821 1800BOWFLEX,Call Center Internal,7/3/2017,7/5/2017,0,39.99
45757928,Bowflex Home Gyms,Bowflex Home Gyms,Un-Sourced,CAM40821 1800BOWFLEX,Call Center Internal,7/3/2017,7/5/2017,0,34.99
45757928,Bowflex Home Gyms,Bowflex Home Gyms,Un-Sourced,CAM40821 1800BOWFLEX,Call Center Internal,7/3/2017,7/5/2017,0,299.00
45758029,Bowflex Max Trainer,Bowflex Max Trainer,Un-Sourced,CAM45327 1800MAXTRAINER,Call Center Internal,7/3/2017,7/5/2017,1,999.00
45758029,Bowflex Max Trainer,Treadclimber,Un-Sourced,CAM45327 1800MAXTRAINER,Call Center Internal,7/3/2017,7/5/2017,0,99.00
45758033,Bowflex Brand,Bowflex Home Gyms,Online Search,CAM31081 dosg2gl1,Web,7/3/2017,7/5/2017,0,109.99
45758133,Bowflex Max Trainer,Bowflex Max Trainer,Online Search,CAM45730 DOSG2ESL7,Web,7/3/2017,7/5/2017,1,1449.00
45758436,Bowflex Max Trainer,Bowflex Max Trainer,Un-Sourced,CAM45327 1800MAXTRAINER,Call Center Internal,7/3/2017,7/5/2017,1,1999.00
45758436,Bowflex Max Trainer,Treadclimber,Un-Sourced,CAM45327 1800MAXTRAINER,Call Center Internal,7/3/2017,7/5/2017,0,.00
45758542,Bowflex Brand,Bowflex Max Trainer,Electronic - UnSourced,CAM16616 DEGBFBHG,Web,7/3/2017,7/5/2017,1,1999.00
45758542,Bowflex Brand,Treadclimber,Electronic - UnSourced,CAM16616 DEGBFBHG,Web,7/3/2017,7/5/2017,0,.00
45758642,Bowflex Max Trainer,Bowflex Max Trainer,Online Search,CAM47150 DOSG2ESL9,Web,7/3/2017,7/5/2017,1,999.00
45758745,Bowflex Max Trainer,Bowflex Max Trainer,Online Search,CAM44497 dosg2esl1,Web,7/3/2017,7/5/2017,1,999.00
45758946,Bowflex Brand,Bowflex Max Trainer,Online Search,CAM30796 SAWDOSG2G,Call Center Internal,7/3/2017,7/5/2017,1,1449.00
45758948,Bowflex Max Trainer,Bowflex Max Trainer,Un-Sourced,CAM45327 1800MAXTRAINER,Call Center Internal,7/3/2017,7/5/2017,0,109.00
45758948,Bowflex Max Trainer,Bowflex Max Trainer,Un-Sourced,CAM45327 1800MAXTRAINER,Call Center Internal,7/3/2017,7/5/2017,0,169.00
45758952,Bowflex Brand,Bowflex UpperCut,Online Search,CAM31081 dosg2gl1,Web,7/3/2017,7/5/2017,0,14.95
45758952,Bowflex Brand,Bowflex Home Gyms,Online Search,CAM31081 dosg2gl1,Web,7/3/2017,7/5/2017,0,399.00
45758952,Bowflex Brand,Bowflex Catalog,Online Search,CAM31081 dosg2gl1,Web,7/3/2017,7/5/2017,0,49.99
45758952,Bowflex Brand,Bowflex Catalog,Online Search,CAM31081 dosg2gl1,Web,7/3/2017,7/5/2017,0,40.00
45758952,Bowflex Brand,Bowflex Catalog,Online Search,CAM31081 dosg2gl1,Web,7/3/2017,7/5/2017,0,40.00
45758952,Bowflex Brand,Treadclimber,Online Search,CAM31081 dosg2gl1,Web,7/3/2017,7/5/2017,1,2399.00
45758952,Bowflex Brand,Treadclimber,Online Search,CAM31081 dosg2gl1,Web,7/3/2017,7/5/2017,0,299.00
45758952,Bowflex Brand,Results Treadmill,Online Search,CAM31081 dosg2gl1,Web,7/3/2017,7/5/2017,0,1799.00
45758952,Bowflex Brand,Results Treadmill,Online Search,CAM31081 dosg2gl1,Web,7/3/2017,7/5/2017,0,199.00
45758952,Bowflex Brand,Bowflex Revolution,Online Search,CAM31081 dosg2gl1,Web,7/3/2017,7/5/2017,1,2599.00
45758952,Bowflex Brand,Bowflex HVT,Online Search,CAM31081 dosg2gl1,Web,7/3/2017,7/5/2017,1,1799.00
45758952,Bowflex Brand,Bowflex HVT,Online Search,CAM31081 dosg2gl1,Web,7/3/2017,7/5/2017,0,179.00
45758952,Bowflex Brand,Bowflex Revolution,Online Search,CAM31081 dosg2gl1,Web,7/3/2017,7/5/2017,0,99.00
45758952,Bowflex Brand,Bowflex Home Gyms,Online Search,CAM31081 dosg2gl1,Web,7/3/2017,7/5/2017,0,34.99
45758952,Bowflex Brand,Bowflex Revolution,Online Search,CAM31081 dosg2gl1,Web,7/3/2017,7/5/2017,0,299.00
45758952,Bowflex Brand,Bowflex HVT,Online Search,CAM31081 dosg2gl1,Web,7/3/2017,7/5/2017,0,249.00
45759053,Bowflex Brand,Bowflex Max Trainer,Electronic - UnSourced,CAM16616 DEGBFBHG,Web,7/3/2017,7/5/2017,1,1449.00
45759053,Bowflex Brand,Bowflex Max Trainer,Electronic - UnSourced,CAM16616 DEGBFBHG,Web,7/3/2017,7/5/2017,0,169.00
45759153,Bowflex Max Trainer,Bowflex Max Trainer,Online Search,CAM44429 dosbiesl1,Web,7/3/2017,7/5/2017,1,999.00
45759153,Bowflex Max Trainer,Bowflex Max Trainer,Online Search,CAM44429 dosbiesl1,Web,7/3/2017,7/5/2017,0,169.00
45759364,Bowflex Brand,Bowflex Max Trainer,Electronic - UnSourced,CAM16616 DEGBFBHG,Web,7/3/2017,7/5/2017,1,1449.00
45759465,Bowflex Home Gyms,Bowflex Max Trainer,Electronic - Short Form,CAM27401 DEFAULTADID,Call Center Internal,7/3/2017,7/5/2017,1,1539.30
45759467,Bowflex Max Trainer,Bowflex Max Trainer,Short Form,CAM51236 FOXNN60*SOFTYTIC,Call Center Internal,7/3/2017,7/5/2017,1,1449.00
45759573,Bowflex Brand,Bowflex Max Trainer,Online Search,CAM39441 dosbigl1,Web,7/3/2017,7/5/2017,1,1999.00
45759573,Bowflex Brand,Bowflex Max Trainer,Online Search,CAM39441 dosbigl1,Web,7/3/2017,7/5/2017,0,209.00
45759573,Bowflex Brand,Treadclimber,Online Search,CAM39441 dosbigl1,Web,7/3/2017,7/5/2017,0,.00
45759573,Bowflex Brand,Bowflex Max Trainer,Online Search,CAM39441 dosbigl1,Web,7/3/2017,7/5/2017,0,169.00
45759673,Bowflex Max Trainer,Bowflex Max Trainer,Electronic - Short Form,CAM45798 DSEESF14H,Web,7/3/2017,7/5/2017,1,1449.00
45759783,Bowflex Max Trainer,Bowflex Max Trainer,Online Shopping,CAM44887 dofg2efeed1,Web,7/3/2017,7/5/2017,1,1449.00
45759783,Bowflex Max Trainer,Bowflex Max Trainer,Online Shopping,CAM44887 dofg2efeed1,Web,7/3/2017,7/5/2017,0,129.00
45759783,Bowflex Max Trainer,Bowflex Max Trainer,Online Shopping,CAM44887 dofg2efeed1,Web,7/3/2017,7/5/2017,0,169.00
45759883,Treadclimber,Treadclimber,Un-Sourced,CAM40825 1800TREADCLIMBER,Call Center Internal,7/3/2017,7/5/2017,0,108.99
45760484,Bowflex Max Trainer,Bowflex Max Trainer,Online Display,CAM50255 SAWDODG2E,Call Center Internal,7/3/2017,7/5/2017,1,1539.30
45760484,Bowflex Max Trainer,Treadclimber,Online Display,CAM50255 SAWDODG2E,Call Center Internal,7/3/2017,7/5/2017,0,69.30
45760587,Bowflex Max Trainer,Bowflex Max Trainer,Online Search,CAM44223 SAWDOSBIE,Call Center Internal,7/3/2017,7/5/2017,1,1119.30
45760587,Bowflex Max Trainer,Bowflex Max Trainer,Online Search,CAM44223 SAWDOSBIE,Call Center Internal,7/3/2017,7/5/2017,0,169.00
45760589,Bowflex Brand,Bowflex Max Trainer,Electronic - UnSourced,CAM16616 DEGBFBHG,Web,7/3/2017,7/5/2017,1,1449.00
45760692,Bowflex Brand,Results Treadmill,Electronic - UnSourced,CAM16616 DEGBFBHG,Web,7/3/2017,7/5/2017,0,1799.00
45760692,Bowflex Brand,Results Treadmill,Electronic - UnSourced,CAM16616 DEGBFBHG,Web,7/3/2017,7/5/2017,0,199.00
45760894,Bowflex Max Trainer,Bowflex Max Trainer,Online Search,CAM47150 DOSG2ESL9,Web,7/3/2017,7/5/2017,1,999.00
45760894,Bowflex Max Trainer,Bowflex Max Trainer,Online Search,CAM47150 DOSG2ESL9,Web,7/3/2017,7/5/2017,0,169.00
45761302,Bowflex Brand,Bowflex Max Trainer,Electronic - UnSourced,CAM49450 BOWWEB800,Call Center Internal,7/3/2017,7/5/2017,1,1449.00
45761506,Treadclimber,Treadclimber,Un-Sourced,CAM40825 1800TREADCLIMBER,Call Center Internal,7/3/2017,7/5/2017,1,.00
45761510,Treadclimber,Treadclimber,Online Search,CAM49424 DOSG2T,Call Center Internal,7/3/2017,7/5/2017,1,1599.00
45761510,Treadclimber,Treadclimber,Online Search,CAM49424 DOSG2T,Call Center Internal,7/3/2017,7/5/2017,0,149.00
45761511,Bowflex Max Trainer,Bowflex Max Trainer,Short Form,CAM51236 FOXNN60*SOFTYTIC,Call Center Internal,7/3/2017,7/5/2017,1,1449.00
45761511,Bowflex Max Trainer,Bowflex Max Trainer,Short Form,CAM51236 FOXNN60*SOFTYTIC,Call Center Internal,7/3/2017,7/5/2017,0,169.00
45761511,Bowflex Max Trainer,Bowflex Max Trainer,Short Form,CAM51236 FOXNN60*SOFTYTIC,Call Center Internal,7/3/2017,7/5/2017,0,169.00
45761511,Bowflex Max Trainer,Treadclimber,Short Form,CAM51236 FOXNN60*SOFTYTIC,Call Center Internal,7/3/2017,7/5/2017,0,99.00
45761512,Bowflex Max Trainer,Bowflex Max Trainer,Online Search,CAM45732 DOSBIESL7,Web,7/3/2017,7/5/2017,1,1449.00
45761512,Bowflex Max Trainer,Bowflex Max Trainer,Online Search,CAM45732 DOSBIESL7,Web,7/3/2017,7/5/2017,0,169.00
45761613,Bowflex Brand,Bowflex Max Trainer,Electronic - UnSourced,CAM49450 BOWWEB800,Call Center Internal,7/3/2017,7/5/2017,1,1449.00
45761617,Bowflex Max Trainer,Bowflex Max Trainer,Un-Sourced,CAM45327 1800MAXTRAINER,Call Center Internal,7/3/2017,7/5/2017,1,1449.00
45761617,Bowflex Max Trainer,Treadclimber,Un-Sourced,CAM45327 1800MAXTRAINER,Call Center Internal,7/3/2017,7/5/2017,0,99.00
45761619,Bowflex Max Trainer,Bowflex Max Trainer,Online Search,CAM45730 DOSG2ESL7,Web,7/3/2017,7/5/2017,1,1449.00
45761619,Bowflex Max Trainer,Bowflex Max Trainer,Online Search,CAM45730 DOSG2ESL7,Web,7/3/2017,7/5/2017,0,169.00
45761619,Bowflex Max Trainer,Bowflex Max Trainer,Online Search,CAM45730 DOSG2ESL7,Web,7/3/2017,7/5/2017,0,169.00
45761719,Bowflex Brand,Bowflex Selecttech Dumbbells,Electronic - UnSourced,CAM16616 DEGBFBHG,Web,7/3/2017,7/5/2017,1,299.00
45761823,Bowflex Brand,Bowflex Max Trainer,Un-Sourced,CAM49456 BCARECREDIT,Call Center Internal,7/3/2017,7/5/2017,1,1449.00
45761824,Bowflex Max Trainer,Bowflex Max Trainer,Un-Sourced,CAM45327 1800MAXTRAINER,Call Center Internal,7/3/2017,7/5/2017,0,129.00
45761826,Bowflex Brand,Bowflex Max Trainer,Online Search,CAM39441 dosbigl1,Web,7/3/2017,7/5/2017,1,1449.00
45761826,Bowflex Brand,Treadclimber,Online Search,CAM39441 dosbigl1,Web,7/3/2017,7/5/2017,0,99.00
45761926,Treadclimber,Treadclimber,Online Shopping,CAM32123 dofg2tfeed1,Web,7/3/2017,7/5/2017,1,1599.00
45762026,Bowflex Max Trainer,Bowflex Max Trainer,Online Shopping,CAM44887 dofg2efeed1,Web,7/3/2017,7/5/2017,1,1999.00
45762026,Bowflex Max Trainer,Treadclimber,Online Shopping,CAM44887 dofg2efeed1,Web,7/3/2017,7/5/2017,0,.00
45762434,Bowflex Brand,Bowflex Selecttech Dumbbells,Electronic - UnSourced,CAM16616 DEGBFBHG,Web,7/3/2017,7/5/2017,1,299.00
45763137,Bowflex Max Trainer,Bowflex Max Trainer,Online Search,CAM47150 DOSG2ESL9,Web,7/3/2017,7/5/2017,1,999.00
45763237,Bowflex Brand,Bowflex Max Trainer,Online Search,CAM39441 dosbigl1,Web,7/3/2017,7/5/2017,1,999.00
45763538,Bowflex Brand,Bowflex Max Trainer,Un-Sourced,CAM50744 LEASEPROGRESSIVE,Call Center Internal,7/3/2017,7/5/2017,1,1449.00
45763538,Bowflex Brand,Treadclimber,Un-Sourced,CAM50744 LEASEPROGRESSIVE,Call Center Internal,7/3/2017,7/5/2017,0,99.00
45763841,Bowflex Brand,Bowflex Selecttech Dumbbells,Electronic - UnSourced,CAM16616 DEGBFBHG,Web,7/3/2017,7/5/2017,1,355.40
45763841,Bowflex Brand,Bowflex Selecttech Dumbbells,Electronic - UnSourced,CAM16616 DEGBFBHG,Web,7/3/2017,7/5/2017,0,69.00
45763841,Bowflex Brand,Bowflex Selecttech Dumbbells,Electronic - UnSourced,CAM16616 DEGBFBHG,Web,7/3/2017,7/5/2017,0,104.30
45763841,Bowflex Brand,Bowflex Selecttech Dumbbells,Electronic - UnSourced,CAM16616 DEGBFBHG,Web,7/3/2017,7/5/2017,0,139.30
45763941,Bowflex Brand,Bowflex HVT,Online Search,CAM31081 dosg2gl1,Web,7/3/2017,7/5/2017,1,1799.00
45764142,Bowflex Brand,Bowflex Max Trainer,Electronic - UnSourced,CAM16616 DEGBFBHG,Web,7/3/2017,7/5/2017,1,2349.00
45764142,Bowflex Brand,Bowflex Max Trainer,Electronic - UnSourced,CAM16616 DEGBFBHG,Web,7/3/2017,7/5/2017,0,169.00
45764143,Bowflex Max Trainer,Bowflex Max Trainer,Online Search,CAM44497 dosg2esl1,Web,7/3/2017,7/5/2017,1,999.00
45764242,Bowflex Brand,Bowflex Max Trainer,Electronic - UnSourced,CAM16616 DEGBFBHG,Web,7/3/2017,7/5/2017,1,1999.00
45764242,Bowflex Brand,Treadclimber,Electronic - UnSourced,CAM16616 DEGBFBHG,Web,7/3/2017,7/5/2017,0,.00
45765445,Bowflex Max Trainer,Bowflex Max Trainer,Electronic - Short Form,CAM45798 DSEESF14H,Web,7/3/2017,7/5/2017,1,2349.00
45765445,Bowflex Max Trainer,Bowflex Max Trainer,Electronic - Short Form,CAM45798 DSEESF14H,Web,7/3/2017,7/5/2017,0,169.00
45765545,Bowflex Max Trainer,Bowflex Revolution,Online Search,CAM44551 dosg2esl4,Web,7/3/2017,7/5/2017,1,2599.00
45765645,Bowflex Max Trainer,Bowflex Max Trainer,Online Search,CAM48984 DOSG2ESL11,Web,7/3/2017,7/5/2017,1,2349.00
45765845,Bowflex Brand,Bowflex Max Trainer,Online Search,CAM31081 dosg2gl1,Web,7/3/2017,7/5/2017,1,999.00
45765845,Bowflex Brand,Bowflex Max Trainer,Online Search,CAM31081 dosg2gl1,Web,7/3/2017,7/5/2017,0,169.00
45766345,Bowflex Max Trainer,Bowflex Max Trainer,Electronic - Short Form,CAM45798 DSEESF14H,Web,7/3/2017,7/5/2017,1,1999.00
45766345,Bowflex Max Trainer,Bowflex Max Trainer,Electronic - Short Form,CAM45798 DSEESF14H,Web,7/3/2017,7/5/2017,0,209.00
45766345,Bowflex Max Trainer,Treadclimber,Electronic - Short Form,CAM45798 DSEESF14H,Web,7/3/2017,7/5/2017,0,.00
45766345,Bowflex Max Trainer,Bowflex Max Trainer,Electronic - Short Form,CAM45798 DSEESF14H,Web,7/3/2017,7/5/2017,0,169.00
45766445,Bowflex Brand,Bowflex Max Trainer,Electronic - UnSourced,CAM16616 DEGBFBHG,Web,7/3/2017,7/5/2017,1,1449.00
45766446,Bowflex Brand,Bowflex Max Trainer,Electronic - UnSourced,CAM16616 DEGBFBHG,Web,7/3/2017,7/5/2017,1,999.00
45766545,Bowflex Brand,Bowflex Max Trainer,Electronic - UnSourced,CAM16616 DEGBFBHG,Web,7/3/2017,7/5/2017,1,1449.00
45766545,Bowflex Brand,Bowflex Max Trainer,Electronic - UnSourced,CAM16616 DEGBFBHG,Web,7/3/2017,7/5/2017,0,169.00
45766645,Bowflex Brand,Bowflex Max Trainer,Electronic - UnSourced,CAM16616 DEGBFBHG,Web,7/3/2017,7/5/2017,1,1449.00
45766945,Bowflex Brand,Treadclimber,Electronic - UnSourced,CAM16616 DEGBFBHG,Web,7/3/2017,7/5/2017,1,2399.00
45766945,Bowflex Brand,Bowflex Selecttech Dumbbells,Electronic - UnSourced,CAM16616 DEGBFBHG,Web,7/3/2017,7/5/2017,1,299.00
45767146,Bowflex Max Trainer,Bowflex Max Trainer,Online Search,CAM44429 dosbiesl1,Web,7/3/2017,7/5/2017,1,1999.00
45767146,Bowflex Max Trainer,Treadclimber,Online Search,CAM44429 dosbiesl1,Web,7/3/2017,7/5/2017,0,.00
45767245,Bowflex Brand,Bowflex Max Trainer,Online Search,CAM31081 dosg2gl1,Web,7/3/2017,7/5/2017,1,1749.00
45767345,Bowflex Brand,Bowflex HVT,Electronic - UnSourced,CAM16616 DEGBFBHG,Web,7/3/2017,7/5/2017,1,1799.00
45767445,Bowflex Brand,Bowflex Max Trainer,Electronic - UnSourced,CAM16616 DEGBFBHG,Web,7/3/2017,7/5/2017,1,1449.00
45767645,Bowflex Brand,Bowflex Max Trainer,Online Search,CAM39441 dosbigl1,Web,7/3/2017,7/5/2017,1,999.00
45767645,Bowflex Brand,Bowflex Max Trainer,Online Search,CAM39441 dosbigl1,Web,7/3/2017,7/5/2017,0,79.00
45767845,Bowflex Max Trainer,Bowflex Max Trainer,Online Social,CAM45898 DOXFBERESPONSE,Web,7/3/2017,7/5/2017,1,1449.00
45768045,Bowflex Max Trainer,Bowflex Max Trainer,Online Search,CAM45730 DOSG2ESL7,Web,7/3/2017,7/5/2017,1,1749.00
45768145,Bowflex Brand,Bowflex Selecttech Dumbbells,Electronic - UnSourced,CAM16616 DEGBFBHG,Web,7/3/2017,7/5/2017,1,299.00
45768245,Bowflex Brand,Bowflex Home Gyms,Electronic - UnSourced,CAM16616 DEGBFBHG,Web,7/3/2017,7/5/2017,1,1199.00
45768245,Bowflex Brand,Bowflex Home Gyms,Electronic - UnSourced,CAM16616 DEGBFBHG,Web,7/3/2017,7/5/2017,0,139.99
45768245,Bowflex Brand,Bowflex Home Gyms,Electronic - UnSourced,CAM16616 DEGBFBHG,Web,7/3/2017,7/5/2017,0,39.99
45768245,Bowflex Brand,Bowflex Selecttech Dumbbells,Electronic - UnSourced,CAM16616 DEGBFBHG,Web,7/3/2017,7/5/2017,1,549.00
45768245,Bowflex Brand,Bowflex Selecttech Dumbbells,Electronic - UnSourced,CAM16616 DEGBFBHG,Web,7/3/2017,7/5/2017,0,139.00
45768245,Bowflex Brand,Bowflex Selecttech Dumbbells,Electronic - UnSourced,CAM16616 DEGBFBHG,Web,7/3/2017,7/5/2017,0,199.00
45768245,Bowflex Brand,Bowflex Home Gyms,Electronic - UnSourced,CAM16616 DEGBFBHG,Web,7/3/2017,7/5/2017,0,34.99
45768245,Bowflex Brand,Bowflex Home Gyms,Electronic - UnSourced,CAM16616 DEGBFBHG,Web,7/3/2017,7/5/2017,0,99.00
45768245,Bowflex Brand,Bowflex Home Gyms,Electronic - UnSourced,CAM16616 DEGBFBHG,Web,7/3/2017,7/5/2017,0,99.00
45768245,Bowflex Brand,Bowflex UpperCut,Electronic - UnSourced,CAM16616 DEGBFBHG,Web,7/3/2017,7/5/2017,0,14.95
45768245,Bowflex Brand,Bowflex Home Gyms,Electronic - UnSourced,CAM16616 DEGBFBHG,Web,7/3/2017,7/5/2017,0,299.00
45768445,Bowflex Brand,Bowflex Selecttech Dumbbells,Electronic - UnSourced,CAM16616 DEGBFBHG,Web,7/3/2017,7/5/2017,1,549.00
45768446,Bowflex Brand,Bowflex Max Trainer,Electronic - UnSourced,CAM16616 DEGBFBHG,Web,7/3/2017,7/5/2017,1,1449.00
45768545,Bowflex Max Trainer,Treadclimber,Electronic - Short Form,CAM45798 DSEESF14H,Web,7/3/2017,7/5/2017,0,.00
45768545,Bowflex Max Trainer,Bowflex Max Trainer,Electronic - Short Form,CAM45798 DSEESF14H,Web,7/3/2017,7/5/2017,1,1999.00
45768745,Bowflex Max Trainer,Bowflex Max Trainer,Online Search,CAM45730 DOSG2ESL7,Web,7/3/2017,7/5/2017,1,1449.00
45769045,Results Treadmill,Results Treadmill,Online Search,CAM50818 DOSG2BXTSL1,Web,7/3/2017,7/5/2017,0,1799.00
45769145,Bowflex Brand,Bowflex Max Trainer,Electronic - UnSourced,CAM16616 DEGBFBHG,Web,7/3/2017,7/5/2017,1,999.00
45769145,Bowflex Brand,Bowflex Max Trainer,Electronic - UnSourced,CAM16616 DEGBFBHG,Web,7/3/2017,7/5/2017,0,169.00
45769146,Bowflex Brand,Bowflex HVT,Electronic - UnSourced,CAM16616 DEGBFBHG,Web,7/3/2017,7/5/2017,1,1799.00
45769147,Bowflex Brand,Bowflex Selecttech Dumbbells,Online Search,CAM39441 dosbigl1,Web,7/3/2017,7/5/2017,1,355.40
45769147,Bowflex Brand,Bowflex Selecttech Dumbbells,Online Search,CAM39441 dosbigl1,Web,7/3/2017,7/5/2017,0,139.30
45769147,Bowflex Brand,Bowflex Selecttech Dumbbells,Online Search,CAM39441 dosbigl1,Web,7/3/2017,7/5/2017,0,104.30
45769345,Treadclimber,Treadclimber,Online Shopping,CAM32123 dofg2tfeed1,Web,7/3/2017,7/5/2017,1,1599.00
45769445,Bowflex Max Trainer,Bowflex Max Trainer,Online Shopping,CAM44887 dofg2efeed1,Web,7/3/2017,7/5/2017,1,1449.00
45769445,Bowflex Max Trainer,Bowflex Max Trainer,Online Shopping,CAM44887 dofg2efeed1,Web,7/3/2017,7/5/2017,0,169.00
45769645,Bowflex Max Trainer,Bowflex Max Trainer,Electronic - Short Form,CAM45798 DSEESF14H,Web,7/3/2017,7/5/2017,1,1449.00
45769745,Bowflex Brand,Bowflex Max Trainer,Electronic - UnSourced,CAM16616 DEGBFBHG,Web,7/3/2017,7/5/2017,1,999.00
45769745,Bowflex Brand,Bowflex Max Trainer,Electronic - UnSourced,CAM16616 DEGBFBHG,Web,7/3/2017,7/5/2017,0,109.00
45769846,Bowflex Brand,Bowflex Max Trainer,Electronic - UnSourced,CAM16616 DEGBFBHG,Web,7/3/2017,7/5/2017,1,1449.00
45769945,Bowflex Max Trainer,Bowflex Max Trainer,Electronic - Short Form,CAM45798 DSEESF14H,Web,7/3/2017,7/5/2017,1,1099.00
45770045,Bowflex Max Trainer,Bowflex Max Trainer,Online Shopping,CAM44887 dofg2efeed1,Web,7/3/2017,7/5/2017,1,1999.00
45770045,Bowflex Max Trainer,Bowflex Max Trainer,Online Shopping,CAM44887 dofg2efeed1,Web,7/3/2017,7/5/2017,0,209.00
45770045,Bowflex Max Trainer,Treadclimber,Online Shopping,CAM44887 dofg2efeed1,Web,7/3/2017,7/5/2017,0,.00
45770045,Bowflex Max Trainer,Bowflex Max Trainer,Online Shopping,CAM44887 dofg2efeed1,Web,7/3/2017,7/5/2017,0,169.00
45770345,Bowflex Max Trainer,Bowflex Max Trainer,Online Search,CAM45730 DOSG2ESL7,Web,7/3/2017,7/5/2017,1,1449.00
45771245,Bowflex Max Trainer,Bowflex Max Trainer,Online Shopping,CAM44887 dofg2efeed1,Web,7/3/2017,7/5/2017,1,1449.00
45771345,Bowflex Brand,Bowflex Max Trainer,Electronic - UnSourced,CAM16616 DEGBFBHG,Web,7/3/2017,7/5/2017,1,1449.00
45771445,Bowflex Brand,Bowflex Max Trainer,Electronic - UnSourced,CAM16616 DEGBFBHG,Web,7/3/2017,7/5/2017,1,1999.00
45771445,Bowflex Brand,Treadclimber,Electronic - UnSourced,CAM16616 DEGBFBHG,Web,7/3/2017,7/5/2017,0,.00
45772145,Bowflex Max Trainer,Bowflex Max Trainer,Online Search,CAM44497 dosg2esl1,Web,7/3/2017,7/6/2017,1,1449.00
45772345,Bowflex Selecttech Dumbbells,Bowflex Selecttech Dumbbells,Online Display,CAM34643 dodg2ddl1,Web,7/3/2017,7/6/2017,1,249.00
45772645,Bowflex Brand,Bowflex Home Gyms,Electronic - UnSourced,CAM16616 DEGBFBHG,Web,7/3/2017,7/6/2017,0,49.98
45772845,Bowflex Brand,Bowflex Max Trainer,Online Search,CAM31081 dosg2gl1,Web,7/3/2017,7/6/2017,1,1449.00
45772845,Bowflex Brand,Bowflex Max Trainer,Online Search,CAM31081 dosg2gl1,Web,7/3/2017,7/6/2017,0,169.00
45773145,Bowflex Max Trainer,Bowflex Max Trainer,Online Search,CAM48984 DOSG2ESL11,Web,7/3/2017,7/6/2017,1,1999.00
45773145,Bowflex Max Trainer,Treadclimber,Online Search,CAM48984 DOSG2ESL11,Web,7/3/2017,7/6/2017,0,.00
45773245,Bowflex Brand,Bowflex Max Trainer,Online Search,CAM39441 dosbigl1,Web,7/3/2017,7/6/2017,1,1449.00
45773556,Bowflex Max Trainer,Bowflex Max Trainer,Online Display,CAM50256 DODG2EDL1,Web,7/3/2017,7/6/2017,1,1999.00
45773556,Bowflex Max Trainer,Bowflex Max Trainer,Online Display,CAM50256 DODG2EDL1,Web,7/3/2017,7/6/2017,0,209.00
45773556,Bowflex Max Trainer,Treadclimber,Online Display,CAM50256 DODG2EDL1,Web,7/3/2017,7/6/2017,0,.00
45773556,Bowflex Max Trainer,Bowflex Max Trainer,Online Display,CAM50256 DODG2EDL1,Web,7/3/2017,7/6/2017,0,169.00
45773872,Bowflex Brand,Bowflex Max Trainer,Electronic - UnSourced,CAM16616 DEGBFBHG,Web,7/3/2017,7/6/2017,1,1988.00
45774078,Bowflex Brand,Bowflex Max Trainer,Electronic - UnSourced,CAM16616 DEGBFBHG,Web,7/3/2017,7/6/2017,1,1988.00
45774397,Bowflex Max Trainer,Bowflex Max Trainer,Online Display,CAM50714 DODG2EDL3,Web,7/3/2017,7/6/2017,1,1999.00
45774397,Bowflex Max Trainer,Treadclimber,Online Display,CAM50714 DODG2EDL3,Web,7/3/2017,7/6/2017,0,.00
45774397,Bowflex Max Trainer,Bowflex Max Trainer,Online Display,CAM50714 DODG2EDL3,Web,7/3/2017,7/6/2017,0,169.00
45774605,Bowflex Home Gyms,Bowflex Home Gyms,Online Search,CAM49687 SAWDOSBIG,Call Center Internal,7/3/2017,7/6/2017,0,109.99
45775013,Bowflex Brand,Bowflex Revolution,Electronic - UnSourced,CAM16616 DEGBFBHG,Web,7/3/2017,7/6/2017,1,3198.99
45775013,Bowflex Brand,Bowflex Selecttech Dumbbells,Electronic - UnSourced,CAM16616 DEGBFBHG,Web,7/3/2017,7/6/2017,1,728.99
45775013,Bowflex Brand,Bowflex Selecttech Dumbbells,Electronic - UnSourced,CAM16616 DEGBFBHG,Web,7/3/2017,7/6/2017,0,228.99
45775217,Bowflex Brand,Bowflex Catalog,Electronic - UnSourced,CAM49450 BOWWEB800,Call Center Internal,7/3/2017,7/6/2017,0,25.99
45775220,Bowflex Brand,Bowflex HVT,Electronic - UnSourced,CAM16616 DEGBFBHG,Web,7/3/2017,7/6/2017,1,1799.00
45775423,Bowflex Home Gyms,Bowflex Home Gyms,Online Search,CAM49655 SAWDOSG2GSL,Call Center Internal,7/3/2017,7/6/2017,0,23.98
45775423,Bowflex Home Gyms,Bowflex Home Gyms,Online Search,CAM49655 SAWDOSG2GSL,Call Center Internal,7/3/2017,7/6/2017,0,109.99
45775530,Bowflex Max Trainer,Bowflex Max Trainer,Short Form,CAM51222 BRNGN60*SOFTYTIC,Call Center Internal,7/3/2017,7/6/2017,1,1449.00
45775530,Bowflex Max Trainer,Bowflex Max Trainer,Short Form,CAM51222 BRNGN60*SOFTYTIC,Call Center Internal,7/3/2017,7/6/2017,0,169.00
45775530,Bowflex Max Trainer,Treadclimber,Short Form,CAM51222 BRNGN60*SOFTYTIC,Call Center Internal,7/3/2017,7/6/2017,0,99.00
45775735,Bowflex Brand,Bowflex Max Trainer,Online Search,CAM30796 SAWDOSG2G,Call Center Internal,7/3/2017,7/6/2017,1,999.00
45775735,Bowflex Brand,Bowflex Home Gyms,Online Search,CAM30796 SAWDOSG2G,Call Center Internal,7/3/2017,7/6/2017,1,1199.00
45775735,Bowflex Brand,Bowflex Home Gyms,Online Search,CAM30796 SAWDOSG2G,Call Center Internal,7/3/2017,7/6/2017,0,99.00
45775735,Bowflex Brand,Bowflex Home Gyms,Online Search,CAM30796 SAWDOSG2G,Call Center Internal,7/3/2017,7/6/2017,0,14.99
45775735,Bowflex Brand,Bowflex Home Gyms,Online Search,CAM30796 SAWDOSG2G,Call Center Internal,7/3/2017,7/6/2017,0,139.99
45775735,Bowflex Brand,Bowflex Home Gyms,Online Search,CAM30796 SAWDOSG2G,Call Center Internal,7/3/2017,7/6/2017,0,39.99
45775735,Bowflex Brand,Bowflex Home Gyms,Online Search,CAM30796 SAWDOSG2G,Call Center Internal,7/3/2017,7/6/2017,0,34.99
45775745,Bowflex Brand,Bowflex Selecttech Dumbbells,Online Search,CAM30796 SAWDOSG2G,Call Center Internal,7/3/2017,7/6/2017,1,249.00
45775747,Bowflex Max Trainer,Bowflex Max Trainer,Un-Sourced,CAM45327 1800MAXTRAINER,Call Center Internal,7/3/2017,7/6/2017,1,1449.00
45775747,Bowflex Max Trainer,Bowflex Max Trainer,Un-Sourced,CAM45327 1800MAXTRAINER,Call Center Internal,7/3/2017,7/6/2017,0,129.00
45775748,Bowflex Brand,Treadclimber,Online Search,CAM30796 SAWDOSG2G,Call Center Internal,7/3/2017,7/6/2017,0,.00
45776093,Bowflex Home Gyms,Bowflex Max Trainer,Un-Sourced,CAM40821 1800BOWFLEX,Call Center Internal,7/3/2017,7/6/2017,1,1449.00
45776093,Bowflex Home Gyms,Bowflex Max Trainer,Un-Sourced,CAM40821 1800BOWFLEX,Call Center Internal,7/3/2017,7/6/2017,0,169.00
45776200,Bowflex Max Trainer,Bowflex Max Trainer,Online Search,CAM44497 dosg2esl1,Web,7/3/2017,7/6/2017,1,999.00
45776599,Bowflex Brand,Bowflex Max Trainer,Electronic - UnSourced,CAM16616 DEGBFBHG,Web,7/3/2017,7/6/2017,1,999.00
45776599,Bowflex Brand,Bowflex Selecttech Dumbbells,Electronic - UnSourced,CAM16616 DEGBFBHG,Web,7/3/2017,7/6/2017,1,355.40
45776599,Bowflex Brand,Bowflex Selecttech Dumbbells,Electronic - UnSourced,CAM16616 DEGBFBHG,Web,7/3/2017,7/6/2017,0,139.30
45776599,Bowflex Brand,Bowflex Selecttech Dumbbells,Electronic - UnSourced,CAM16616 DEGBFBHG,Web,7/3/2017,7/6/2017,0,104.30
45776599,Bowflex Brand,Bowflex Max Trainer,Electronic - UnSourced,CAM16616 DEGBFBHG,Web,7/3/2017,7/6/2017,0,169.00
45776700,Bowflex Max Trainer,Bowflex Max Trainer,Online Shopping,CAM44948 dofbiefeed1,Web,7/3/2017,7/6/2017,1,1449.00
45776701,Bowflex Brand,Results Treadmill,Online Search,CAM31081 dosg2gl1,Web,7/3/2017,7/6/2017,0,2048.00
45776800,Bowflex Brand,Results Treadmill,Online Search,CAM30796 SAWDOSG2G,Call Center Internal,7/3/2017,7/6/2017,0,1799.00
45776800,Bowflex Brand,Results Treadmill,Online Search,CAM30796 SAWDOSG2G,Call Center Internal,7/3/2017,7/6/2017,0,199.00
45776800,Bowflex Brand,Bowflex HVT,Online Search,CAM30796 SAWDOSG2G,Call Center Internal,7/3/2017,7/6/2017,0,108.99
45776801,Bowflex Brand,Bowflex Max Trainer,Online Search,CAM31081 dosg2gl1,Web,7/3/2017,7/6/2017,1,1449.00
45776907,Bowflex Max Trainer,Bowflex Max Trainer,Online Shopping,CAM44887 dofg2efeed1,Web,7/3/2017,7/6/2017,1,999.00
45777010,Bowflex Brand,Bowflex Max Trainer,Online Search,CAM31081 dosg2gl1,Web,7/3/2017,7/6/2017,1,1449.00
45777110,Bowflex Max Trainer,Bowflex Max Trainer,Online Search,CAM45730 DOSG2ESL7,Web,7/3/2017,7/6/2017,1,1449.00
45777110,Bowflex Max Trainer,Bowflex Max Trainer,Online Search,CAM45730 DOSG2ESL7,Web,7/3/2017,7/6/2017,0,169.00
45777211,Bowflex Brand,Bowflex Revolution,Electronic - UnSourced,CAM16616 DEGBFBHG,Web,7/3/2017,7/6/2017,0,219.09
45777333,Bowflex Max Trainer,Bowflex Max Trainer,Online Search,CAM44497 dosg2esl1,Web,7/3/2017,7/6/2017,1,1999.00
45777333,Bowflex Max Trainer,Treadclimber,Online Search,CAM44497 dosg2esl1,Web,7/3/2017,7/6/2017,0,.00
45777333,Bowflex Max Trainer,Bowflex Max Trainer,Online Search,CAM44497 dosg2esl1,Web,7/3/2017,7/6/2017,0,169.00
45777417,Bowflex Max Trainer,Bowflex Max Trainer,Online Display,CAM50719 ICAODG2EDL1,Call Center Internal,7/3/2017,7/6/2017,1,1449.00
45777417,Bowflex Max Trainer,Bowflex Max Trainer,Online Display,CAM50719 ICAODG2EDL1,Call Center Internal,7/3/2017,7/6/2017,0,169.00
45777417,Bowflex Max Trainer,Treadclimber,Online Display,CAM50719 ICAODG2EDL1,Call Center Internal,7/3/2017,7/6/2017,0,99.00
45777417,Bowflex Max Trainer,Bowflex Max Trainer,Online Display,CAM50719 ICAODG2EDL1,Call Center Internal,7/3/2017,7/6/2017,0,129.00
45777418,Bowflex Home Gyms,Bowflex Selecttech Dumbbells,Online Shopping,CAM32062 dofg2gfeed1,Web,7/3/2017,7/6/2017,1,355.40
45777418,Bowflex Home Gyms,Bowflex Selecttech Dumbbells,Online Shopping,CAM32062 dofg2gfeed1,Web,7/3/2017,7/6/2017,0,139.30
45777418,Bowflex Home Gyms,Bowflex Selecttech Dumbbells,Online Shopping,CAM32062 dofg2gfeed1,Web,7/3/2017,7/6/2017,0,104.30
45777733,Bowflex Brand,Bowflex Home Gyms,Electronic - UnSourced,CAM16616 DEGBFBHG,Web,7/3/2017,7/6/2017,1,1199.00
45777733,Bowflex Brand,Bowflex Home Gyms,Electronic - UnSourced,CAM16616 DEGBFBHG,Web,7/3/2017,7/6/2017,0,139.99
45777733,Bowflex Brand,Bowflex Home Gyms,Electronic - UnSourced,CAM16616 DEGBFBHG,Web,7/3/2017,7/6/2017,0,99.00
45777733,Bowflex Brand,Bowflex Home Gyms,Electronic - UnSourced,CAM16616 DEGBFBHG,Web,7/3/2017,7/6/2017,0,99.00
45777733,Bowflex Brand,Bowflex Home Gyms,Electronic - UnSourced,CAM16616 DEGBFBHG,Web,7/3/2017,7/6/2017,0,34.99
45777733,Bowflex Brand,Bowflex Home Gyms,Electronic - UnSourced,CAM16616 DEGBFBHG,Web,7/3/2017,7/6/2017,0,39.99
45777733,Bowflex Brand,Bowflex Catalog,Electronic - UnSourced,CAM16616 DEGBFBHG,Web,7/3/2017,7/6/2017,0,40.00
45777733,Bowflex Brand,Bowflex Selecttech Dumbbells,Electronic - UnSourced,CAM16616 DEGBFBHG,Web,7/3/2017,7/6/2017,1,299.00
45777733,Bowflex Brand,Bowflex Home Gyms,Electronic - UnSourced,CAM16616 DEGBFBHG,Web,7/3/2017,7/6/2017,0,299.00
45778140,Bowflex Selecttech Dumbbells,Bowflex Selecttech Dumbbells,Online Search,CAM37148 dosg2dsl12,Web,7/3/2017,7/6/2017,1,549.00
45778754,Bowflex Max Trainer,Bowflex Max Trainer,Online Shopping,CAM44948 dofbiefeed1,Web,7/3/2017,7/6/2017,1,999.00
45778754,Bowflex Max Trainer,Bowflex Max Trainer,Online Shopping,CAM44948 dofbiefeed1,Web,7/3/2017,7/6/2017,0,109.00
45779061,Bowflex Home Gyms,Bowflex Max Trainer,Un-Sourced,CAM28157 SALESFOLLOWUP,Call Center Internal,7/3/2017,7/6/2017,1,999.00
45779061,Bowflex Home Gyms,Bowflex Max Trainer,Un-Sourced,CAM28157 SALESFOLLOWUP,Call Center Internal,7/3/2017,7/6/2017,0,169.00
45779061,Bowflex Home Gyms,Bowflex Max Trainer,Un-Sourced,CAM28157 SALESFOLLOWUP,Call Center Internal,7/3/2017,7/6/2017,0,79.00
45779061,Bowflex Home Gyms,Treadclimber,Un-Sourced,CAM28157 SALESFOLLOWUP,Call Center Internal,7/3/2017,7/6/2017,0,99.00
45779063,Bowflex Brand,Bowflex Selecttech Dumbbells,Electronic - UnSourced,CAM49450 BOWWEB800,Call Center Internal,7/3/2017,7/6/2017,1,355.40
45779063,Bowflex Brand,Bowflex Selecttech Dumbbells,Electronic - UnSourced,CAM49450 BOWWEB800,Call Center Internal,7/3/2017,7/6/2017,0,104.30
45779063,Bowflex Brand,Bowflex Selecttech Dumbbells,Electronic - UnSourced,CAM49450 BOWWEB800,Call Center Internal,7/3/2017,7/6/2017,0,139.30
45779372,Bowflex Max Trainer,Bowflex Max Trainer,Online Shopping,CAM44887 dofg2efeed1,Web,7/3/2017,7/6/2017,1,1449.00
45779472,Bowflex Brand,Bowflex Home Gyms,Online Search,CAM31081 dosg2gl1,Web,7/3/2017,7/6/2017,0,49.98
45779573,Bowflex Max Trainer,Bowflex Max Trainer,Online Display,CAM50256 DODG2EDL1,Web,7/3/2017,7/6/2017,1,1449.00
45779676,Bowflex Brand,Bowflex Max Trainer,Electronic - UnSourced,CAM16616 DEGBFBHG,Web,7/3/2017,7/6/2017,1,1449.00
45779888,Bowflex Max Trainer,Bowflex Max Trainer,Un-Sourced,CAM45327 1800MAXTRAINER,Call Center Internal,7/3/2017,7/6/2017,1,.00
45779888,Bowflex Max Trainer,Bowflex Max Trainer,Un-Sourced,CAM45327 1800MAXTRAINER,Call Center Internal,7/3/2017,7/6/2017,0,.00
45780297,Bowflex Brand,Bowflex Max Trainer,Online Search,CAM30796 SAWDOSG2G,Call Center Internal,7/3/2017,7/6/2017,1,1449.00
45780297,Bowflex Brand,Bowflex Max Trainer,Online Search,CAM30796 SAWDOSG2G,Call Center Internal,7/3/2017,7/6/2017,0,129.00
45780400,Bowflex Brand,Bowflex Home Gyms,Online Search,CAM31081 dosg2gl1,Web,7/3/2017,7/6/2017,1,1199.00
45780501,Bowflex Brand,Bowflex Max Trainer,Online Social,CAM50566 DOXFBBSCL001,Web,7/3/2017,7/6/2017,1,1449.00
45780604,Bowflex Brand,Results Treadmill,Electronic - UnSourced,CAM49450 BOWWEB800,Call Center Internal,7/3/2017,7/6/2017,0,2048.00
45780710,Bowflex Max Trainer,Bowflex Max Trainer,Short Form,CAM51236 FOXNN60*SOFTYTIC,Call Center Internal,7/3/2017,7/6/2017,1,1449.00
45780713,Bowflex Max Trainer,Bowflex Max Trainer,Online Search,CAM47152 DOSBIESL8,Web,7/3/2017,7/6/2017,1,1999.00
45780713,Bowflex Max Trainer,Treadclimber,Online Search,CAM47152 DOSBIESL8,Web,7/3/2017,7/6/2017,0,.00
45780814,Bowflex Brand,Bowflex Home Gyms,Electronic - UnSourced,CAM16616 DEGBFBHG,Web,7/3/2017,7/6/2017,1,1199.00
45780814,Bowflex Brand,Bowflex Home Gyms,Electronic - UnSourced,CAM16616 DEGBFBHG,Web,7/3/2017,7/6/2017,0,139.99
45780914,Bowflex Brand,Bowflex Max Trainer,Electronic - UnSourced,CAM49450 BOWWEB800,Call Center Internal,7/3/2017,7/6/2017,1,1119.30
45780914,Bowflex Brand,Bowflex Max Trainer,Electronic - UnSourced,CAM49450 BOWWEB800,Call Center Internal,7/3/2017,7/6/2017,0,169.00
45780914,Bowflex Brand,Bowflex Max Trainer,Electronic - UnSourced,CAM49450 BOWWEB800,Call Center Internal,7/3/2017,7/6/2017,0,169.00
45780914,Bowflex Brand,Treadclimber,Electronic - UnSourced,CAM49450 BOWWEB800,Call Center Internal,7/3/2017,7/6/2017,0,69.30
45781120,Bowflex Brand,Bowflex Max Trainer,Electronic - UnSourced,CAM49450 BOWWEB800,Call Center Internal,7/3/2017,7/6/2017,1,999.00
45781120,Bowflex Brand,Bowflex Max Trainer,Electronic - UnSourced,CAM49450 BOWWEB800,Call Center Internal,7/3/2017,7/6/2017,0,79.00
45781121,Bowflex Brand,Bowflex Max Trainer,Electronic - UnSourced,CAM16616 DEGBFBHG,Web,7/3/2017,7/6/2017,1,1449.00
45781121,Bowflex Brand,Bowflex Max Trainer,Electronic - UnSourced,CAM16616 DEGBFBHG,Web,7/3/2017,7/6/2017,0,129.00
45781121,Bowflex Brand,Bowflex Max Trainer,Electronic - UnSourced,CAM16616 DEGBFBHG,Web,7/3/2017,7/6/2017,0,169.00
45781222,Bowflex Max Trainer,Bowflex Max Trainer,Short Form,CAM51221 LAFFN60*SOFTYTIC,Call Center Internal,7/3/2017,7/6/2017,1,1999.00
45781222,Bowflex Max Trainer,Treadclimber,Short Form,CAM51221 LAFFN60*SOFTYTIC,Call Center Internal,7/3/2017,7/6/2017,0,.00
45781222,Bowflex Max Trainer,Bowflex Max Trainer,Short Form,CAM51221 LAFFN60*SOFTYTIC,Call Center Internal,7/3/2017,7/6/2017,0,209.00
45781347,Bowflex Home Gyms,Bowflex Max Trainer,Un-Sourced,CAM40821 1800BOWFLEX,Call Center Internal,7/3/2017,7/6/2017,1,1449.00
45781450,Bowflex Max Trainer,Bowflex Max Trainer,Online Shopping,CAM44887 dofg2efeed1,Web,7/3/2017,7/6/2017,1,1099.00
45781751,Bowflex Max Trainer,Bowflex Max Trainer,Online Display,CAM50256 DODG2EDL1,Web,7/3/2017,7/6/2017,1,999.00
45781751,Bowflex Max Trainer,Bowflex Max Trainer,Online Display,CAM50256 DODG2EDL1,Web,7/3/2017,7/6/2017,0,169.00
45781856,Bowflex Brand,Bowflex Max Trainer,Electronic - UnSourced,CAM16616 DEGBFBHG,Web,7/3/2017,7/6/2017,1,999.00
45781856,Bowflex Brand,Bowflex Max Trainer,Electronic - UnSourced,CAM16616 DEGBFBHG,Web,7/3/2017,7/6/2017,0,79.00
45781856,Bowflex Brand,Bowflex Max Trainer,Electronic - UnSourced,CAM16616 DEGBFBHG,Web,7/3/2017,7/6/2017,0,169.00
45781957,Bowflex Brand,Bowflex Home Gyms,Electronic - UnSourced,CAM16616 DEGBFBHG,Web,7/3/2017,7/6/2017,1,1199.00
45782275,Bowflex Brand,Bowflex Max Trainer,Electronic - UnSourced,CAM16616 DEGBFBHG,Web,7/3/2017,7/6/2017,1,1449.00
45782376,Bowflex Selecttech Dumbbells,Bowflex Selecttech Dumbbells,Online Search,CAM30793 SAWDOSG2D,Call Center Internal,7/3/2017,7/6/2017,0,97.30
45782377,Bowflex Brand,Bowflex Max Trainer,Electronic - UnSourced,CAM16616 DEGBFBHG,Web,7/3/2017,7/6/2017,1,1449.00
45782377,Bowflex Brand,Bowflex Max Trainer,Electronic - UnSourced,CAM16616 DEGBFBHG,Web,7/3/2017,7/6/2017,0,169.00
45782788,Bowflex Home Gyms,Bowflex Home Gyms,Un-Sourced,CAM40821 1800BOWFLEX,Call Center Internal,7/3/2017,7/6/2017,0,.00
45782789,Bowflex Max Trainer,Bowflex Max Trainer,Online Display,CAM50256 DODG2EDL1,Web,7/3/2017,7/6/2017,1,999.00
45782998,Bowflex Max Trainer,Bowflex Max Trainer,Online Search,CAM45730 DOSG2ESL7,Web,7/3/2017,7/6/2017,1,1449.00
45783103,Bowflex Brand,Bowflex Max Trainer,Electronic - UnSourced,CAM49450 BOWWEB800,Call Center Internal,7/3/2017,7/6/2017,0,149.00
45783307,Bowflex Brand,Bowflex Selecttech Dumbbells,Electronic - UnSourced,CAM49450 BOWWEB800,Call Center Internal,7/3/2017,7/6/2017,1,355.40
45783307,Bowflex Brand,Bowflex Selecttech Dumbbells,Electronic - UnSourced,CAM49450 BOWWEB800,Call Center Internal,7/3/2017,7/6/2017,0,104.30
45783307,Bowflex Brand,Bowflex Selecttech Dumbbells,Electronic - UnSourced,CAM49450 BOWWEB800,Call Center Internal,7/3/2017,7/6/2017,0,139.30
45783307,Bowflex Brand,Bowflex Catalog,Electronic - UnSourced,CAM49450 BOWWEB800,Call Center Internal,7/3/2017,7/6/2017,0,40.00
45783307,Bowflex Brand,Bowflex Catalog,Electronic - UnSourced,CAM49450 BOWWEB800,Call Center Internal,7/3/2017,7/6/2017,0,13.99
45783307,Bowflex Brand,Bowflex Catalog,Electronic - UnSourced,CAM49450 BOWWEB800,Call Center Internal,7/3/2017,7/6/2017,0,13.99
45783310,Bowflex Max Trainer,Bowflex Max Trainer,Short Form,CAM51436 DISAN60*HAOJ4TIC,Call Center Internal,7/3/2017,7/6/2017,1,1346.00
45783313,Bowflex Brand,Bowflex Max Trainer,Online Search,CAM31081 dosg2gl1,Web,7/3/2017,7/6/2017,1,1999.00
45783313,Bowflex Brand,Treadclimber,Online Search,CAM31081 dosg2gl1,Web,7/3/2017,7/6/2017,0,.00
45783620,Bowflex Max Trainer,Bowflex Selecttech Dumbbells,Online Shopping,CAM44887 dofg2efeed1,Web,7/3/2017,7/6/2017,1,299.00
45783620,Bowflex Max Trainer,Bowflex Selecttech Dumbbells,Online Shopping,CAM44887 dofg2efeed1,Web,7/3/2017,7/6/2017,0,29.00
45783620,Bowflex Max Trainer,Bowflex Max Trainer,Online Shopping,CAM44887 dofg2efeed1,Web,7/3/2017,7/6/2017,1,1999.00
45783620,Bowflex Max Trainer,Bowflex Max Trainer,Online Shopping,CAM44887 dofg2efeed1,Web,7/3/2017,7/6/2017,0,209.00
45783620,Bowflex Max Trainer,Treadclimber,Online Shopping,CAM44887 dofg2efeed1,Web,7/3/2017,7/6/2017,0,.00
45783620,Bowflex Max Trainer,Bowflex Selecttech Dumbbells,Online Shopping,CAM44887 dofg2efeed1,Web,7/3/2017,7/6/2017,0,139.00
45783620,Bowflex Max Trainer,Bowflex Selecttech Dumbbells,Online Shopping,CAM44887 dofg2efeed1,Web,7/3/2017,7/6/2017,0,199.00
45783620,Bowflex Max Trainer,Bowflex Max Trainer,Online Shopping,CAM44887 dofg2efeed1,Web,7/3/2017,7/6/2017,0,169.00
45783924,Bowflex Max Trainer,Bowflex Max Trainer,Online Search,CAM44429 dosbiesl1,Web,7/3/2017,7/6/2017,1,1449.00
45784025,Bowflex HVT,Bowflex HVT,Online Shopping,CAM50808 DOFG2HFEED1,Web,7/3/2017,7/6/2017,1,1799.00
45784126,Bowflex Max Trainer,Bowflex Max Trainer,Electronic - UnSourced,CAM44626 1800BOWFLEX_BMT,Call Center Internal,7/3/2017,7/6/2017,1,1999.00
45784126,Bowflex Max Trainer,Treadclimber,Electronic - UnSourced,CAM44626 1800BOWFLEX_BMT,Call Center Internal,7/3/2017,7/6/2017,0,.00
45784133,Bowflex Home Gyms,Bowflex Max Trainer,Online Shopping,CAM32062 dofg2gfeed1,Web,7/3/2017,7/6/2017,1,1449.00
45784133,Bowflex Home Gyms,Bowflex Max Trainer,Online Shopping,CAM32062 dofg2gfeed1,Web,7/3/2017,7/6/2017,0,169.00
45784232,Bowflex Max Trainer,Bowflex Max Trainer,Un-Sourced,CAM45327 1800MAXTRAINER,Call Center Internal,7/3/2017,7/6/2017,1,1449.00
45784232,Bowflex Max Trainer,Bowflex Max Trainer,Un-Sourced,CAM45327 1800MAXTRAINER,Call Center Internal,7/3/2017,7/6/2017,0,169.00
45784455,Bowflex Brand,Treadclimber,Electronic - UnSourced,CAM16616 DEGBFBHG,Web,7/3/2017,7/6/2017,0,99.00
45784455,Bowflex Brand,Treadclimber,Electronic - UnSourced,CAM16616 DEGBFBHG,Web,7/3/2017,7/6/2017,1,2399.00
45784560,Treadclimber,Bowflex Max Trainer,Electronic - Print,CAM46878 QRTWOMENSWORLD,Call Center Internal,7/3/2017,7/6/2017,1,1449.00
45784879,Bowflex Max Trainer,Bowflex Max Trainer,Electronic - Short Form,CAM45798 DSEESF14H,Web,7/3/2017,7/6/2017,1,1449.00
45784879,Bowflex Max Trainer,Bowflex Max Trainer,Electronic - Short Form,CAM45798 DSEESF14H,Web,7/3/2017,7/6/2017,0,169.00
45784879,Bowflex Max Trainer,Bowflex Max Trainer,Electronic - Short Form,CAM45798 DSEESF14H,Web,7/3/2017,7/6/2017,0,169.00
45784984,Bowflex Max Trainer,Bowflex Max Trainer,Online Display,CAM50255 SAWDODG2E,Call Center Internal,7/3/2017,7/6/2017,1,1449.00
45785089,Bowflex Brand,Bowflex Max Trainer,Online Search,CAM39441 dosbigl1,Web,7/3/2017,7/6/2017,1,999.00
45785089,Bowflex Brand,Bowflex Max Trainer,Online Search,CAM39441 dosbigl1,Web,7/3/2017,7/6/2017,0,169.00
45785190,Bowflex Brand,Bowflex Home Gyms,Electronic - UnSourced,CAM16616 DEGBFBHG,Web,7/3/2017,7/6/2017,0,23.98
45785293,Bowflex Brand,Bowflex Max Trainer,Electronic - UnSourced,CAM49450 BOWWEB800,Call Center Internal,7/3/2017,7/6/2017,1,1119.30
45785299,Bowflex Brand,Bowflex Max Trainer,Online Search,CAM31081 dosg2gl1,Web,7/3/2017,7/6/2017,1,2349.00
45785637,Bowflex Selecttech Dumbbells,Bowflex Selecttech Dumbbells,Online Shopping,CAM32061 dofg2dfeed1,Web,7/3/2017,7/6/2017,1,421.99
45785737,Bowflex Home Gyms,Bowflex Max Trainer,Un-Sourced,CAM28157 SALESFOLLOWUP,Call Center Internal,7/3/2017,7/6/2017,1,1449.00
45785941,Bowflex Brand,Bowflex Max Trainer,Online Search,CAM49688 SAWDOSBI,Call Center Internal,7/3/2017,7/6/2017,1,1999.00
45785941,Bowflex Brand,Bowflex Max Trainer,Online Search,CAM49688 SAWDOSBI,Call Center Internal,7/3/2017,7/6/2017,0,169.00
45785941,Bowflex Brand,Bowflex Max Trainer,Online Search,CAM49688 SAWDOSBI,Call Center Internal,7/3/2017,7/6/2017,0,149.00
45785941,Bowflex Brand,Treadclimber,Online Search,CAM49688 SAWDOSBI,Call Center Internal,7/3/2017,7/6/2017,0,.00
45786450,Bowflex Home Gyms,Bowflex HVT,Un-Sourced,CAM28157 SALESFOLLOWUP,Call Center Internal,7/3/2017,7/6/2017,1,1799.00
45786451,Bowflex Selecttech Dumbbells,Bowflex Selecttech Dumbbells,Un-Sourced,CAM40819 1800SELECTTECH,Call Center Internal,7/3/2017,7/6/2017,1,299.00
45786451,Bowflex Selecttech Dumbbells,Bowflex Selecttech Dumbbells,Un-Sourced,CAM40819 1800SELECTTECH,Call Center Internal,7/3/2017,7/6/2017,0,139.00
45786455,Bowflex Max Trainer,Bowflex Max Trainer,Short Form,CAM51236 FOXNN60*SOFTYTIC,Call Center Internal,7/3/2017,7/6/2017,1,1449.00
45786456,Bowflex Brand,Bowflex Max Trainer,Electronic - UnSourced,CAM16616 DEGBFBHG,Web,7/3/2017,7/6/2017,1,1449.00
45786456,Bowflex Brand,Bowflex Max Trainer,Electronic - UnSourced,CAM16616 DEGBFBHG,Web,7/3/2017,7/6/2017,0,169.00
45786456,Bowflex Brand,Bowflex Max Trainer,Electronic - UnSourced,CAM16616 DEGBFBHG,Web,7/3/2017,7/6/2017,0,169.00
45786764,Bowflex Brand,Bowflex HVT,Electronic - UnSourced,CAM16616 DEGBFBHG,Web,7/3/2017,7/6/2017,1,1799.00
45787284,Bowflex Brand,Bowflex Max Trainer,Electronic - UnSourced,CAM49450 BOWWEB800,Call Center Internal,7/3/2017,7/6/2017,1,1539.30
45787284,Bowflex Brand,Treadclimber,Electronic - UnSourced,CAM49450 BOWWEB800,Call Center Internal,7/3/2017,7/6/2017,0,69.30
45787290,Bowflex Brand,Bowflex HVT,Electronic - UnSourced,CAM16616 DEGBFBHG,Web,7/3/2017,7/6/2017,1,1799.00
45787290,Bowflex Brand,Bowflex HVT,Electronic - UnSourced,CAM16616 DEGBFBHG,Web,7/3/2017,7/6/2017,0,179.00
45787290,Bowflex Brand,Treadclimber,Electronic - UnSourced,CAM16616 DEGBFBHG,Web,7/3/2017,7/6/2017,1,2399.00
45787290,Bowflex Brand,Treadclimber,Electronic - UnSourced,CAM16616 DEGBFBHG,Web,7/3/2017,7/6/2017,0,299.00
45787290,Bowflex Brand,Bowflex HVT,Electronic - UnSourced,CAM16616 DEGBFBHG,Web,7/3/2017,7/6/2017,0,249.00
45787290,Bowflex Brand,Treadclimber,Electronic - UnSourced,CAM16616 DEGBFBHG,Web,7/3/2017,7/6/2017,0,249.00
45787394,Bowflex Brand,Bowflex Selecttech Dumbbells,Un-Sourced,CAM49456 BCARECREDIT,Call Center Internal,7/3/2017,7/6/2017,1,299.00
45787395,Bowflex Max Trainer,Bowflex Max Trainer,Online Shopping,CAM44887 dofg2efeed1,Web,7/3/2017,7/6/2017,1,1449.00
45787600,Bowflex Brand,Bowflex Max Trainer,Electronic - UnSourced,CAM16616 DEGBFBHG,Web,7/3/2017,7/6/2017,1,1999.00
45787600,Bowflex Brand,Bowflex Max Trainer,Electronic - UnSourced,CAM16616 DEGBFBHG,Web,7/3/2017,7/6/2017,0,209.00
45787600,Bowflex Brand,Treadclimber,Electronic - UnSourced,CAM16616 DEGBFBHG,Web,7/3/2017,7/6/2017,0,.00
45787708,Treadclimber,Treadclimber,Un-Sourced,CAM40825 1800TREADCLIMBER,Call Center Internal,7/3/2017,7/6/2017,0,249.00
45787714,Bowflex Selecttech Dumbbells,Bowflex Selecttech Dumbbells,Online Search,CAM37432 dosg2dsl18,Web,7/3/2017,7/6/2017,0,139.30
45787714,Bowflex Selecttech Dumbbells,Bowflex Selecttech Dumbbells,Online Search,CAM37432 dosg2dsl18,Web,7/3/2017,7/6/2017,1,355.40
45787714,Bowflex Selecttech Dumbbells,Bowflex Selecttech Dumbbells,Online Search,CAM37432 dosg2dsl18,Web,7/3/2017,7/6/2017,0,104.30
45787820,Bowflex Brand,Bowflex Home Gyms,Online Search,CAM31081 dosg2gl1,Web,7/3/2017,7/6/2017,0,23.98
45787926,Bowflex Max Trainer,Bowflex Max Trainer,Electronic - Print,CAM44915 dpeeprint14a,Web,7/3/2017,7/6/2017,1,1449.00
45788146,Bowflex Max Trainer,Bowflex Max Trainer,Online Search,CAM48984 DOSG2ESL11,Web,7/3/2017,7/6/2017,1,1999.00
45788146,Bowflex Max Trainer,Treadclimber,Online Search,CAM48984 DOSG2ESL11,Web,7/3/2017,7/6/2017,0,.00
45788251,Bowflex Max Trainer,Bowflex Max Trainer,Online Search,CAM44497 dosg2esl1,Web,7/3/2017,7/6/2017,1,1449.00
45788251,Bowflex Max Trainer,Bowflex Max Trainer,Online Search,CAM44497 dosg2esl1,Web,7/3/2017,7/6/2017,0,169.00
45788369,Bowflex Brand,Bowflex Selecttech Dumbbells,Online Search,CAM31081 dosg2gl1,Web,7/3/2017,7/6/2017,1,355.40
45788369,Bowflex Brand,Bowflex Selecttech Dumbbells,Online Search,CAM31081 dosg2gl1,Web,7/3/2017,7/6/2017,0,139.30
45788369,Bowflex Brand,Bowflex Selecttech Dumbbells,Online Search,CAM31081 dosg2gl1,Web,7/3/2017,7/6/2017,0,104.30
45788682,Bowflex Home Gyms,Bowflex Selecttech Dumbbells,Un-Sourced,CAM28157 SALESFOLLOWUP,Call Center Internal,7/3/2017,7/6/2017,1,355.40
45788682,Bowflex Home Gyms,Bowflex Selecttech Dumbbells,Un-Sourced,CAM28157 SALESFOLLOWUP,Call Center Internal,7/3/2017,7/6/2017,0,104.30
45788682,Bowflex Home Gyms,Bowflex Selecttech Dumbbells,Un-Sourced,CAM28157 SALESFOLLOWUP,Call Center Internal,7/3/2017,7/6/2017,0,139.30
45788994,Bowflex Brand,Results Treadmill,Online Search,CAM31081 dosg2gl1,Web,7/3/2017,7/6/2017,0,1799.00
45789106,Bowflex Brand,Bowflex Max Trainer,Electronic - UnSourced,CAM16616 DEGBFBHG,Web,7/3/2017,7/6/2017,1,1449.00
45789106,Bowflex Brand,Bowflex Max Trainer,Electronic - UnSourced,CAM16616 DEGBFBHG,Web,7/3/2017,7/6/2017,0,169.00
45789106,Bowflex Brand,Treadclimber,Electronic - UnSourced,CAM16616 DEGBFBHG,Web,7/3/2017,7/6/2017,0,99.00
45789106,Bowflex Brand,Bowflex Max Trainer,Electronic - UnSourced,CAM16616 DEGBFBHG,Web,7/3/2017,7/6/2017,0,19.99
45789106,Bowflex Brand,Bowflex Max Trainer,Electronic - UnSourced,CAM16616 DEGBFBHG,Web,7/3/2017,7/6/2017,0,169.00
45789197,Bowflex Max Trainer,Bowflex Max Trainer,Online Display,CAM50256 DODG2EDL1,Web,7/3/2017,7/6/2017,1,1449.00
45789404,Bowflex Max Trainer,Bowflex Max Trainer,Online Search,CAM44497 dosg2esl1,Web,7/3/2017,7/6/2017,1,1449.00
45789508,Bowflex Max Trainer,Bowflex Max Trainer,Short Form,CAM51438 TESCN60*HAOJ4TIC,Call Center Internal,7/3/2017,7/6/2017,1,999.00
45789508,Bowflex Max Trainer,Bowflex Max Trainer,Short Form,CAM51438 TESCN60*HAOJ4TIC,Call Center Internal,7/3/2017,7/6/2017,0,79.00
45789510,Bowflex Home Gyms,Bowflex HVT,Un-Sourced,CAM40821 1800BOWFLEX,Call Center Internal,7/3/2017,7/6/2017,1,1799.00
45789511,Bowflex Brand,,Online Search,CAM30796 SAWDOSG2G,Call Center Internal,7/3/2017,7/6/2017,0,139.00
45789637,Bowflex Selecttech Dumbbells,Bowflex Selecttech Dumbbells,Online Search,CAM37428 dosg2dsl14,Web,7/3/2017,7/6/2017,1,299.00
45789637,Bowflex Selecttech Dumbbells,Bowflex Selecttech Dumbbells,Online Search,CAM37428 dosg2dsl14,Web,7/3/2017,7/6/2017,0,158.99
45789741,Bowflex Max Trainer,Bowflex Max Trainer,Un-Sourced,CAM45327 1800MAXTRAINER,Call Center Internal,7/3/2017,7/6/2017,1,1449.00
45789849,Bowflex Brand,Bowflex Home Gyms,Online Search,CAM30796 SAWDOSG2G,Call Center Internal,7/3/2017,7/6/2017,0,19.49
45789854,Bowflex Brand,Bowflex Max Trainer,Online Search,CAM31081 dosg2gl1,Web,7/3/2017,7/6/2017,1,999.00
45789854,Bowflex Brand,Bowflex Max Trainer,Online Search,CAM31081 dosg2gl1,Web,7/3/2017,7/6/2017,0,79.00
45790056,Bowflex Max Trainer,Bowflex Max Trainer,Un-Sourced,CAM45327 1800MAXTRAINER,Call Center Internal,7/3/2017,7/6/2017,1,1449.00
45790056,Bowflex Max Trainer,Bowflex Max Trainer,Un-Sourced,CAM45327 1800MAXTRAINER,Call Center Internal,7/3/2017,7/6/2017,0,169.00
45790056,Bowflex Max Trainer,Treadclimber,Un-Sourced,CAM45327 1800MAXTRAINER,Call Center Internal,7/3/2017,7/6/2017,0,99.00
45790056,Bowflex Max Trainer,Bowflex Max Trainer,Un-Sourced,CAM45327 1800MAXTRAINER,Call Center Internal,7/3/2017,7/6/2017,0,169.00
45790285,Treadclimber,Bowflex Max Trainer,Online Search,CAM37440 dosg2tsl21,Web,7/3/2017,7/6/2017,1,999.00
45790285,Treadclimber,Bowflex Max Trainer,Online Search,CAM37440 dosg2tsl21,Web,7/3/2017,7/6/2017,0,169.00
45790386,Bowflex Max Trainer,Bowflex Max Trainer,Online Display,CAM50714 DODG2EDL3,Web,7/3/2017,7/6/2017,1,1449.00
45790386,Bowflex Max Trainer,Bowflex Max Trainer,Online Display,CAM50714 DODG2EDL3,Web,7/3/2017,7/6/2017,0,169.00
45790602,Bowflex Max Trainer,Treadclimber,Online Display,CAM50406 DODSPECTRUMEDL1,Web,7/3/2017,7/6/2017,0,108.99
45790706,Bowflex Home Gyms,Bowflex Max Trainer,Un-Sourced,CAM40821 1800BOWFLEX,Call Center Internal,7/3/2017,7/6/2017,1,1449.00
45790706,Bowflex Home Gyms,Bowflex Max Trainer,Un-Sourced,CAM40821 1800BOWFLEX,Call Center Internal,7/3/2017,7/6/2017,0,169.00
45790706,Bowflex Home Gyms,Treadclimber,Un-Sourced,CAM40821 1800BOWFLEX,Call Center Internal,7/3/2017,7/6/2017,0,99.00
45790708,Bowflex Brand,Bowflex Max Trainer,Online Search,CAM30796 SAWDOSG2G,Call Center Internal,7/3/2017,7/6/2017,1,1999.00
45790708,Bowflex Brand,Treadclimber,Online Search,CAM30796 SAWDOSG2G,Call Center Internal,7/3/2017,7/6/2017,0,.00
45790708,Bowflex Brand,Bowflex Max Trainer,Online Search,CAM30796 SAWDOSG2G,Call Center Internal,7/3/2017,7/6/2017,0,209.00
45790708,Bowflex Brand,Bowflex HVT,Online Search,CAM30796 SAWDOSG2G,Call Center Internal,7/3/2017,7/6/2017,1,1799.00
45790708,Bowflex Brand,Bowflex HVT,Online Search,CAM30796 SAWDOSG2G,Call Center Internal,7/3/2017,7/6/2017,0,99.00
45790708,Bowflex Brand,Bowflex HVT,Online Search,CAM30796 SAWDOSG2G,Call Center Internal,7/3/2017,7/6/2017,0,179.00
45791012,Bowflex Max Trainer,Bowflex Max Trainer,Online Search,CAM44497 dosg2esl1,Web,7/3/2017,7/6/2017,1,1449.00
45791515,Bowflex Home Gyms,Bowflex Max Trainer,Un-Sourced,CAM28157 SALESFOLLOWUP,Call Center Internal,7/3/2017,7/6/2017,1,1449.00
45791515,Bowflex Home Gyms,Bowflex Max Trainer,Un-Sourced,CAM28157 SALESFOLLOWUP,Call Center Internal,7/3/2017,7/6/2017,0,129.00
45791518,Bowflex Brand,Bowflex Selecttech Dumbbells,Online Search,CAM31081 dosg2gl1,Web,7/3/2017,7/6/2017,1,249.00
45791518,Bowflex Brand,Bowflex Selecttech Dumbbells,Online Search,CAM31081 dosg2gl1,Web,7/3/2017,7/6/2017,0,199.00
45791518,Bowflex Brand,Bowflex Selecttech Dumbbells,Online Search,CAM31081 dosg2gl1,Web,7/3/2017,7/6/2017,0,139.00
45791518,Bowflex Brand,Bowflex Home Gyms,Online Search,CAM31081 dosg2gl1,Web,7/3/2017,7/6/2017,0,99.00
45791519,Bowflex Brand,Bowflex Max Trainer,Electronic - UnSourced,CAM16616 DEGBFBHG,Web,7/3/2017,7/6/2017,1,1999.00
45791519,Bowflex Brand,Bowflex Max Trainer,Electronic - UnSourced,CAM16616 DEGBFBHG,Web,7/3/2017,7/6/2017,0,149.00
45791519,Bowflex Brand,Treadclimber,Electronic - UnSourced,CAM16616 DEGBFBHG,Web,7/3/2017,7/6/2017,0,.00
45791618,Bowflex Brand,Bowflex Max Trainer,Electronic - UnSourced,CAM16616 DEGBFBHG,Web,7/3/2017,7/6/2017,1,1999.00
45791618,Bowflex Brand,Bowflex Max Trainer,Electronic - UnSourced,CAM16616 DEGBFBHG,Web,7/3/2017,7/6/2017,0,149.00
45791618,Bowflex Brand,Treadclimber,Electronic - UnSourced,CAM16616 DEGBFBHG,Web,7/3/2017,7/6/2017,0,.00
45791719,Bowflex Max Trainer,Bowflex Max Trainer,Online Shopping,CAM44887 dofg2efeed1,Web,7/3/2017,7/6/2017,1,1999.00
45791719,Bowflex Max Trainer,Treadclimber,Online Shopping,CAM44887 dofg2efeed1,Web,7/3/2017,7/6/2017,0,.00
45791824,Bowflex Home Gyms,Bowflex Home Gyms,Online Shopping,CAM32062 dofg2gfeed1,Web,7/3/2017,7/6/2017,1,1199.00
45791824,Bowflex Home Gyms,Bowflex Selecttech Dumbbells,Online Shopping,CAM32062 dofg2gfeed1,Web,7/3/2017,7/6/2017,1,299.00
45791924,Bowflex Brand,Bowflex Max Trainer,Online Search,CAM30796 SAWDOSG2G,Call Center Internal,7/3/2017,7/6/2017,1,1539.30
45791924,Bowflex Brand,Treadclimber,Online Search,CAM30796 SAWDOSG2G,Call Center Internal,7/3/2017,7/6/2017,0,69.30
45791924,Bowflex Brand,Bowflex Max Trainer,Online Search,CAM30796 SAWDOSG2G,Call Center Internal,7/3/2017,7/6/2017,0,149.00
45791932,Bowflex Brand,Bowflex Max Trainer,Electronic - UnSourced,CAM49450 BOWWEB800,Call Center Internal,7/3/2017,7/6/2017,1,1999.00
45791932,Bowflex Brand,Treadclimber,Electronic - UnSourced,CAM49450 BOWWEB800,Call Center Internal,7/3/2017,7/6/2017,0,.00
45791932,Bowflex Brand,Bowflex Max Trainer,Electronic - UnSourced,CAM49450 BOWWEB800,Call Center Internal,7/3/2017,7/6/2017,0,169.00
45791932,Bowflex Brand,Bowflex Max Trainer,Electronic - UnSourced,CAM49450 BOWWEB800,Call Center Internal,7/3/2017,7/6/2017,0,149.00
45791932,Bowflex Brand,Bowflex Catalog,Electronic - UnSourced,CAM49450 BOWWEB800,Call Center Internal,7/3/2017,7/6/2017,0,13.99
45792035,Bowflex Max Trainer,Bowflex Max Trainer,Digital - Info Kit,CAM51410 DEDIKE2017Q3,Web,7/3/2017,7/6/2017,1,1999.00
45792035,Bowflex Max Trainer,Treadclimber,Digital - Info Kit,CAM51410 DEDIKE2017Q3,Web,7/3/2017,7/6/2017,0,.00
45792135,Bowflex Max Trainer,Bowflex Max Trainer,Online Search,CAM44497 dosg2esl1,Web,7/3/2017,7/6/2017,1,1999.00
45792135,Bowflex Max Trainer,Treadclimber,Online Search,CAM44497 dosg2esl1,Web,7/3/2017,7/6/2017,0,.00
45792439,Bowflex Brand,Bowflex Home Gyms,Electronic - UnSourced,CAM16616 DEGBFBHG,Web,7/3/2017,7/6/2017,1,1199.00
45792439,Bowflex Brand,Bowflex Home Gyms,Electronic - UnSourced,CAM16616 DEGBFBHG,Web,7/3/2017,7/6/2017,0,99.00
45792542,Bowflex Brand,Bowflex Selecttech Dumbbells,Electronic - UnSourced,CAM16616 DEGBFBHG,Web,7/3/2017,7/6/2017,1,355.40
45792542,Bowflex Brand,Bowflex Selecttech Dumbbells,Electronic - UnSourced,CAM16616 DEGBFBHG,Web,7/3/2017,7/6/2017,0,104.30
45792542,Bowflex Brand,Bowflex Selecttech Dumbbells,Electronic - UnSourced,CAM16616 DEGBFBHG,Web,7/3/2017,7/6/2017,0,139.29
45792642,Bowflex Home Gyms,Bowflex Revolution,Online Shopping,CAM32062 dofg2gfeed1,Web,7/3/2017,7/6/2017,1,2599.00
45792642,Bowflex Home Gyms,Bowflex Revolution,Online Shopping,CAM32062 dofg2gfeed1,Web,7/3/2017,7/6/2017,0,299.00
45792844,Bowflex Brand,,Electronic - UnSourced,CAM49450 BOWWEB800,Call Center Internal,7/3/2017,7/6/2017,0,139.00
45792946,Bowflex Brand,Bowflex Max Trainer,Electronic - UnSourced,CAM16616 DEGBFBHG,Web,7/3/2017,7/6/2017,1,1999.00
45792946,Bowflex Brand,Treadclimber,Electronic - UnSourced,CAM16616 DEGBFBHG,Web,7/3/2017,7/6/2017,0,.00
45793050,Bowflex Brand,Bowflex Max Trainer,Online Search,CAM31081 dosg2gl1,Web,7/3/2017,7/6/2017,1,1449.00
45793050,Bowflex Brand,Bowflex Max Trainer,Online Search,CAM31081 dosg2gl1,Web,7/3/2017,7/6/2017,0,169.00
45793157,Bowflex Brand,Bowflex Home Gyms,Electronic - UnSourced,CAM16616 DEGBFBHG,Web,7/3/2017,7/6/2017,0,438.99
45793360,Bowflex Brand,Treadclimber,Electronic - UnSourced,CAM16616 DEGBFBHG,Web,7/3/2017,7/6/2017,0,108.99
45793361,Bowflex Brand,Bowflex Selecttech Dumbbells,Online Search,CAM31081 dosg2gl1,Web,7/3/2017,7/6/2017,0,139.30
45793361,Bowflex Brand,Bowflex Selecttech Dumbbells,Online Search,CAM31081 dosg2gl1,Web,7/3/2017,7/6/2017,0,104.30
45793361,Bowflex Brand,Bowflex Selecttech Dumbbells,Online Search,CAM31081 dosg2gl1,Web,7/3/2017,7/6/2017,1,355.39
45793460,Bowflex Brand,Bowflex Max Trainer,Electronic - UnSourced,CAM16616 DEGBFBHG,Web,7/3/2017,7/6/2017,1,1449.00
45793765,Bowflex Max Trainer,Bowflex Max Trainer,Online Search,CAM45730 DOSG2ESL7,Web,7/3/2017,7/6/2017,1,1449.00
45793765,Bowflex Max Trainer,Bowflex Max Trainer,Online Search,CAM45730 DOSG2ESL7,Web,7/3/2017,7/6/2017,0,169.00
45793866,Bowflex Max Trainer,Bowflex Max Trainer,Online Search,CAM44551 dosg2esl4,Web,7/3/2017,7/6/2017,1,999.00
45793967,Bowflex Home Gyms,Bowflex Max Trainer,Un-Sourced,CAM40821 1800BOWFLEX,Call Center Internal,7/3/2017,7/6/2017,1,1119.30
45793967,Bowflex Home Gyms,Bowflex Max Trainer,Un-Sourced,CAM40821 1800BOWFLEX,Call Center Internal,7/3/2017,7/6/2017,0,129.00
45794070,Bowflex Brand,Bowflex Max Trainer,Electronic - UnSourced,CAM16616 DEGBFBHG,Web,7/3/2017,7/6/2017,1,1999.00
45794070,Bowflex Brand,Treadclimber,Electronic - UnSourced,CAM16616 DEGBFBHG,Web,7/3/2017,7/6/2017,0,.00
45794170,Bowflex Brand,Bowflex Selecttech Dumbbells,Electronic - UnSourced,CAM16616 DEGBFBHG,Web,7/3/2017,7/6/2017,1,355.40
45794170,Bowflex Brand,Bowflex Selecttech Dumbbells,Electronic - UnSourced,CAM16616 DEGBFBHG,Web,7/3/2017,7/6/2017,0,139.30
45794170,Bowflex Brand,Bowflex Selecttech Dumbbells,Electronic - UnSourced,CAM16616 DEGBFBHG,Web,7/3/2017,7/6/2017,0,104.30
45794271,Bowflex Brand,Bowflex Selecttech Dumbbells,Online Search,CAM31081 dosg2gl1,Web,7/3/2017,7/6/2017,1,249.00
45794271,Bowflex Brand,Bowflex Selecttech Dumbbells,Online Search,CAM31081 dosg2gl1,Web,7/3/2017,7/6/2017,0,199.00
45794472,Bowflex Brand,Bowflex Max Trainer,Electronic - UnSourced,CAM16616 DEGBFBHG,Web,7/3/2017,7/6/2017,1,1449.00
45794572,Bowflex Brand,Bowflex Max Trainer,Online Search,CAM39441 dosbigl1,Web,7/3/2017,7/6/2017,1,999.00
45794872,Bowflex Brand,Bowflex Home Gyms,Online Search,CAM37117 dosg2gsl27,Web,7/3/2017,7/6/2017,1,1199.00
45795275,Bowflex Brand,Bowflex Max Trainer,Electronic - UnSourced,CAM16616 DEGBFBHG,Web,7/3/2017,7/6/2017,1,1449.00
45795476,Bowflex Max Trainer,Bowflex Max Trainer,Online Shopping,CAM44887 dofg2efeed1,Web,7/3/2017,7/6/2017,1,1449.00
45795476,Bowflex Max Trainer,Bowflex Max Trainer,Online Shopping,CAM44887 dofg2efeed1,Web,7/3/2017,7/6/2017,0,169.00
45795576,Bowflex Brand,Bowflex Selecttech Dumbbells,Online Search,CAM30796 SAWDOSG2G,Call Center Internal,7/3/2017,7/6/2017,1,355.40
45795576,Bowflex Brand,Bowflex Selecttech Dumbbells,Online Search,CAM30796 SAWDOSG2G,Call Center Internal,7/3/2017,7/6/2017,0,104.30
45795576,Bowflex Brand,Bowflex Selecttech Dumbbells,Online Search,CAM30796 SAWDOSG2G,Call Center Internal,7/3/2017,7/6/2017,0,139.30
45795877,Bowflex Brand,Bowflex Max Trainer,Electronic - UnSourced,CAM16616 DEGBFBHG,Web,7/3/2017,7/6/2017,1,999.00
45795980,Bowflex Brand,Bowflex Home Gyms,Electronic - UnSourced,CAM16616 DEGBFBHG,Web,7/3/2017,7/6/2017,0,49.98
45796080,Bowflex Brand,Bowflex Selecttech Dumbbells,Electronic - UnSourced,CAM16616 DEGBFBHG,Web,7/3/2017,7/6/2017,0,139.30
45796080,Bowflex Brand,Bowflex Selecttech Dumbbells,Electronic - UnSourced,CAM16616 DEGBFBHG,Web,7/3/2017,7/6/2017,1,355.40
45796080,Bowflex Brand,Bowflex Selecttech Dumbbells,Electronic - UnSourced,CAM16616 DEGBFBHG,Web,7/3/2017,7/6/2017,0,39.00
45796080,Bowflex Brand,Bowflex Selecttech Dumbbells,Electronic - UnSourced,CAM16616 DEGBFBHG,Web,7/3/2017,7/6/2017,0,104.30
45796280,Bowflex Max Trainer,Bowflex Max Trainer,Online Display,CAM50255 SAWDODG2E,Call Center Internal,7/3/2017,7/6/2017,1,1449.00
45796280,Bowflex Max Trainer,Bowflex Max Trainer,Online Display,CAM50255 SAWDODG2E,Call Center Internal,7/3/2017,7/6/2017,0,129.00
45796280,Bowflex Max Trainer,Treadclimber,Online Display,CAM50255 SAWDODG2E,Call Center Internal,7/3/2017,7/6/2017,0,.00
45796281,Bowflex Brand,Bowflex Max Trainer,Electronic - UnSourced,CAM16616 DEGBFBHG,Web,7/3/2017,7/6/2017,1,999.00
45796381,Bowflex Brand,Bowflex Home Gyms,Online Search,CAM31081 dosg2gl1,Web,7/3/2017,7/6/2017,1,1199.00
45796581,Bowflex Max Trainer,Bowflex Max Trainer,Online Search,CAM44429 dosbiesl1,Web,7/3/2017,7/6/2017,1,1999.00
45796581,Bowflex Max Trainer,Treadclimber,Online Search,CAM44429 dosbiesl1,Web,7/3/2017,7/6/2017,0,.00
45796581,Bowflex Max Trainer,Bowflex Max Trainer,Online Search,CAM44429 dosbiesl1,Web,7/3/2017,7/6/2017,0,169.00
45796681,Bowflex Brand,Bowflex Revolution,Electronic - UnSourced,CAM49450 BOWWEB800,Call Center Internal,7/3/2017,7/6/2017,0,113.99
45796882,Bowflex Brand,Bowflex Max Trainer,Electronic - UnSourced,CAM16616 DEGBFBHG,Web,7/3/2017,7/6/2017,1,999.00
45797182,Bowflex Brand,Bowflex Max Trainer,Electronic - UnSourced,CAM16616 DEGBFBHG,Web,7/3/2017,7/6/2017,1,999.00
45797282,Bowflex Brand,Bowflex HVT,Electronic - UnSourced,CAM16616 DEGBFBHG,Web,7/3/2017,7/6/2017,1,1799.00
45797482,Bowflex Max Trainer,Bowflex Max Trainer,Online Shopping,CAM44887 dofg2efeed1,Web,7/3/2017,7/6/2017,1,1449.00
45798082,Bowflex Brand,Bowflex Max Trainer,Electronic - UnSourced,CAM16616 DEGBFBHG,Web,7/3/2017,7/6/2017,1,1449.00
45798082,Bowflex Brand,Bowflex Max Trainer,Electronic - UnSourced,CAM16616 DEGBFBHG,Web,7/3/2017,7/6/2017,0,129.00
45798082,Bowflex Brand,Bowflex Max Trainer,Electronic - UnSourced,CAM16616 DEGBFBHG,Web,7/3/2017,7/6/2017,0,169.00
45798283,Bowflex Brand,Bowflex Home Gyms,Online Search,CAM30755 dosg2gsl1,Web,7/3/2017,7/6/2017,1,1199.00
45798583,Bowflex Max Trainer,Bowflex Max Trainer,Online Search,CAM44497 dosg2esl1,Web,7/3/2017,7/6/2017,1,1449.00
45798683,Bowflex Max Trainer,Bowflex Max Trainer,Online Search,CAM48985 DOSBIESL10,Web,7/3/2017,7/6/2017,1,1999.00
45798683,Bowflex Max Trainer,Treadclimber,Online Search,CAM48985 DOSBIESL10,Web,7/3/2017,7/6/2017,0,.00
45798783,Bowflex Max Trainer,Bowflex Max Trainer,Online Search,CAM45730 DOSG2ESL7,Web,7/3/2017,7/6/2017,1,1449.00
45798883,Bowflex Brand,Treadclimber,Electronic - UnSourced,CAM16616 DEGBFBHG,Web,7/3/2017,7/6/2017,1,1599.00
45798983,Bowflex Max Trainer,Bowflex Max Trainer,Online Shopping,CAM44887 dofg2efeed1,Web,7/3/2017,7/6/2017,1,999.00
45798983,Bowflex Max Trainer,Bowflex Max Trainer,Online Shopping,CAM44887 dofg2efeed1,Web,7/3/2017,7/6/2017,0,79.00
45799083,Bowflex Max Trainer,Bowflex Max Trainer,Online Display,CAM50714 DODG2EDL3,Web,7/3/2017,7/6/2017,1,999.00
45799083,Bowflex Max Trainer,Bowflex Max Trainer,Online Display,CAM50714 DODG2EDL3,Web,7/3/2017,7/6/2017,0,79.00
45799283,Bowflex Max Trainer,Bowflex Max Trainer,Short Form,CAM51236 FOXNN60*SOFTYTIC,Call Center Internal,7/3/2017,7/6/2017,1,1999.00
45799283,Bowflex Max Trainer,Treadclimber,Short Form,CAM51236 FOXNN60*SOFTYTIC,Call Center Internal,7/3/2017,7/6/2017,0,.00
45799283,Bowflex Max Trainer,Bowflex Max Trainer,Short Form,CAM51236 FOXNN60*SOFTYTIC,Call Center Internal,7/3/2017,7/6/2017,0,209.00
45799284,Bowflex Brand,Bowflex Selecttech Dumbbells,Online Search,CAM31081 dosg2gl1,Web,7/3/2017,7/6/2017,1,549.00
45799284,Bowflex Brand,Bowflex Selecttech Dumbbells,Online Search,CAM31081 dosg2gl1,Web,7/3/2017,7/6/2017,0,139.00
45799284,Bowflex Brand,Bowflex Selecttech Dumbbells,Online Search,CAM31081 dosg2gl1,Web,7/3/2017,7/6/2017,0,199.00
45799384,Bowflex Max Trainer,Bowflex Max Trainer,Online Search,CAM44497 dosg2esl1,Web,7/3/2017,7/6/2017,1,1449.00
45799786,Bowflex Brand,Bowflex Max Trainer,Electronic - UnSourced,CAM16616 DEGBFBHG,Web,7/3/2017,7/6/2017,1,1449.00
45799886,Bowflex Selecttech Dumbbells,Bowflex Selecttech Dumbbells,Online Search,CAM37148 dosg2dsl12,Web,7/3/2017,7/6/2017,1,549.00
45799986,Bowflex Brand,Bowflex Max Trainer,Electronic - UnSourced,CAM16616 DEGBFBHG,Web,7/3/2017,7/6/2017,1,1999.00
45799986,Bowflex Brand,Treadclimber,Electronic - UnSourced,CAM16616 DEGBFBHG,Web,7/3/2017,7/6/2017,0,.00
45800086,Bowflex Max Trainer,Bowflex Max Trainer,Online Search,CAM44497 dosg2esl1,Web,7/3/2017,7/6/2017,1,999.00
45800086,Bowflex Max Trainer,Bowflex Max Trainer,Online Search,CAM44497 dosg2esl1,Web,7/3/2017,7/6/2017,0,169.00
45800186,Bowflex Brand,Bowflex Max Trainer,Online Search,CAM31081 dosg2gl1,Web,7/3/2017,7/6/2017,1,999.00
45800286,Bowflex Brand,Bowflex Home Gyms,Electronic - UnSourced,CAM16616 DEGBFBHG,Web,7/3/2017,7/6/2017,0,109.99
45800386,Bowflex Brand,Bowflex Max Trainer,Electronic - UnSourced,CAM49450 BOWWEB800,Call Center Internal,7/3/2017,7/6/2017,1,1449.00
45800386,Bowflex Brand,Treadclimber,Electronic - UnSourced,CAM49450 BOWWEB800,Call Center Internal,7/3/2017,7/6/2017,0,99.00
45800386,Bowflex Brand,Bowflex Max Trainer,Electronic - UnSourced,CAM49450 BOWWEB800,Call Center Internal,7/3/2017,7/6/2017,0,169.00
45800387,Bowflex Brand,Bowflex Max Trainer,Electronic - UnSourced,CAM16616 DEGBFBHG,Web,7/3/2017,7/6/2017,1,1999.00
45800387,Bowflex Brand,Bowflex Max Trainer,Electronic - UnSourced,CAM16616 DEGBFBHG,Web,7/3/2017,7/6/2017,0,209.00
45800387,Bowflex Brand,Treadclimber,Electronic - UnSourced,CAM16616 DEGBFBHG,Web,7/3/2017,7/6/2017,0,.00
45800487,Bowflex Brand,Results Elliptical,Electronic - UnSourced,CAM16616 DEGBFBHG,Web,7/3/2017,7/6/2017,0,1799.00
45800487,Bowflex Brand,Results Elliptical,Electronic - UnSourced,CAM16616 DEGBFBHG,Web,7/3/2017,7/6/2017,0,199.00
45800587,Bowflex Brand,Bowflex Max Trainer,Electronic - UnSourced,CAM16616 DEGBFBHG,Web,7/3/2017,7/6/2017,1,1449.00
45800587,Bowflex Brand,Bowflex Selecttech Dumbbells,Electronic - UnSourced,CAM16616 DEGBFBHG,Web,7/3/2017,7/6/2017,1,299.00
45800787,Bowflex HVT,Bowflex HVT,Online Video,CAM50803 DODG2HVL1,Web,7/3/2017,7/6/2017,1,1799.00
45800987,Treadclimber,Treadclimber,Online Search,CAM37440 dosg2tsl21,Web,7/3/2017,7/6/2017,1,1599.00
45800988,Bowflex Brand,Bowflex HVT,Electronic - UnSourced,CAM16616 DEGBFBHG,Web,7/3/2017,7/6/2017,1,1799.00
45801288,Bowflex Brand,Bowflex HVT,Electronic - UnSourced,CAM16616 DEGBFBHG,Web,7/3/2017,7/6/2017,1,1799.00
45801288,Bowflex Brand,Bowflex HVT,Electronic - UnSourced,CAM16616 DEGBFBHG,Web,7/3/2017,7/6/2017,0,179.00
45801288,Bowflex Brand,Bowflex HVT,Electronic - UnSourced,CAM16616 DEGBFBHG,Web,7/3/2017,7/6/2017,0,249.00
45801387,Bowflex Brand,Bowflex Max Trainer,Electronic - UnSourced,CAM16616 DEGBFBHG,Web,7/3/2017,7/6/2017,1,999.00
45801588,Bowflex Brand,Treadclimber,Electronic - UnSourced,CAM16616 DEGBFBHG,Web,7/3/2017,7/6/2017,0,.00
45801588,Bowflex Brand,Bowflex Max Trainer,Electronic - UnSourced,CAM16616 DEGBFBHG,Web,7/3/2017,7/6/2017,1,1999.00
45801588,Bowflex Brand,Bowflex Max Trainer,Electronic - UnSourced,CAM16616 DEGBFBHG,Web,7/3/2017,7/6/2017,0,169.00
45801788,Bowflex Brand,Bowflex Max Trainer,Electronic - UnSourced,CAM16616 DEGBFBHG,Web,7/3/2017,7/6/2017,1,1449.00
45801788,Bowflex Brand,Bowflex Max Trainer,Electronic - UnSourced,CAM16616 DEGBFBHG,Web,7/3/2017,7/6/2017,0,169.00
45801888,Bowflex Brand,Bowflex Max Trainer,Electronic - UnSourced,CAM16616 DEGBFBHG,Web,7/3/2017,7/6/2017,1,1449.00
45801888,Bowflex Brand,Bowflex Max Trainer,Electronic - UnSourced,CAM16616 DEGBFBHG,Web,7/3/2017,7/6/2017,0,169.00
45801888,Bowflex Brand,Treadclimber,Electronic - UnSourced,CAM16616 DEGBFBHG,Web,7/3/2017,7/6/2017,0,99.00
45801888,Bowflex Brand,Bowflex Selecttech Dumbbells,Electronic - UnSourced,CAM16616 DEGBFBHG,Web,7/3/2017,7/6/2017,1,299.00
45801988,Bowflex Brand,Treadclimber,Electronic - UnSourced,CAM16616 DEGBFBHG,Web,7/3/2017,7/6/2017,1,2399.00
45802388,Bowflex Brand,Bowflex Max Trainer,Electronic - UnSourced,CAM16616 DEGBFBHG,Web,7/3/2017,7/6/2017,1,1449.00
45802488,Bowflex Max Trainer,Bowflex Max Trainer,Online Search,CAM44497 dosg2esl1,Web,7/3/2017,7/6/2017,1,1449.00
45802488,Bowflex Max Trainer,Bowflex Selecttech Dumbbells,Online Search,CAM44497 dosg2esl1,Web,7/3/2017,7/6/2017,1,355.40
45802488,Bowflex Max Trainer,Bowflex Selecttech Dumbbells,Online Search,CAM44497 dosg2esl1,Web,7/3/2017,7/6/2017,0,39.00
45802488,Bowflex Max Trainer,Bowflex Selecttech Dumbbells,Online Search,CAM44497 dosg2esl1,Web,7/3/2017,7/6/2017,0,139.30
45802488,Bowflex Max Trainer,Bowflex Selecttech Dumbbells,Online Search,CAM44497 dosg2esl1,Web,7/3/2017,7/6/2017,0,104.30
45802588,Bowflex Max Trainer,Bowflex Max Trainer,Online Shopping,CAM44887 dofg2efeed1,Web,7/3/2017,7/6/2017,1,1749.00
45802688,Bowflex Brand,Bowflex Max Trainer,Electronic - UnSourced,CAM16616 DEGBFBHG,Web,7/3/2017,7/6/2017,1,1999.00
45802688,Bowflex Brand,Treadclimber,Electronic - UnSourced,CAM16616 DEGBFBHG,Web,7/3/2017,7/6/2017,0,.00
45802688,Bowflex Brand,Bowflex Max Trainer,Electronic - UnSourced,CAM16616 DEGBFBHG,Web,7/3/2017,7/6/2017,0,169.00
45803288,Bowflex Brand,Bowflex Max Trainer,Electronic - UnSourced,CAM16616 DEGBFBHG,Web,7/3/2017,7/6/2017,1,1999.00
45803288,Bowflex Brand,Bowflex Max Trainer,Electronic - UnSourced,CAM16616 DEGBFBHG,Web,7/3/2017,7/6/2017,0,209.00
45803288,Bowflex Brand,Treadclimber,Electronic - UnSourced,CAM16616 DEGBFBHG,Web,7/3/2017,7/6/2017,0,.00
45803288,Bowflex Brand,Bowflex Max Trainer,Electronic - UnSourced,CAM16616 DEGBFBHG,Web,7/3/2017,7/6/2017,0,169.00
45803388,Bowflex Max Trainer,Bowflex Max Trainer,Online Search,CAM44497 dosg2esl1,Web,7/3/2017,7/6/2017,1,2221.89
45803388,Bowflex Max Trainer,Bowflex Max Trainer,Online Search,CAM44497 dosg2esl1,Web,7/3/2017,7/6/2017,0,149.00
45803388,Bowflex Max Trainer,Bowflex Catalog,Online Search,CAM44497 dosg2esl1,Web,7/3/2017,7/6/2017,0,74.98
45803388,Bowflex Max Trainer,Treadclimber,Online Search,CAM44497 dosg2esl1,Web,7/3/2017,7/6/2017,0,24.99
45803488,Bowflex Max Trainer,Bowflex Max Trainer,Online Shopping,CAM44948 dofbiefeed1,Web,7/3/2017,7/6/2017,1,1449.00
45803488,Bowflex Max Trainer,Bowflex Selecttech Dumbbells,Online Shopping,CAM44948 dofbiefeed1,Web,7/3/2017,7/6/2017,1,299.00
45803888,Bowflex Brand,Bowflex Max Trainer,Online Search,CAM39441 dosbigl1,Web,7/3/2017,7/6/2017,1,1449.00
45803988,Bowflex Max Trainer,Bowflex Max Trainer,Electronic - Short Form,CAM45798 DSEESF14H,Web,7/3/2017,7/6/2017,1,1749.00
45804488,Bowflex Max Trainer,Bowflex Max Trainer,Online Search,CAM47150 DOSG2ESL9,Web,7/3/2017,7/6/2017,1,1099.00
45804488,Bowflex Max Trainer,Bowflex Max Trainer,Online Search,CAM47150 DOSG2ESL9,Web,7/3/2017,7/6/2017,0,79.00
45804488,Bowflex Max Trainer,Bowflex Max Trainer,Online Search,CAM47150 DOSG2ESL9,Web,7/3/2017,7/6/2017,0,169.00
45804788,Bowflex Max Trainer,Bowflex Max Trainer,Electronic - Short Form,CAM45798 DSEESF14H,Web,7/3/2017,7/7/2017,1,1449.00
45804988,Bowflex Max Trainer,Bowflex Max Trainer,Online Display,CAM50714 DODG2EDL3,Web,7/3/2017,7/7/2017,1,1449.00
45804988,Bowflex Max Trainer,Bowflex Max Trainer,Online Display,CAM50714 DODG2EDL3,Web,7/3/2017,7/7/2017,0,129.00
45804988,Bowflex Max Trainer,Treadclimber,Online Display,CAM50714 DODG2EDL3,Web,7/3/2017,7/7/2017,0,99.00
45804988,Bowflex Max Trainer,Bowflex Max Trainer,Online Display,CAM50714 DODG2EDL3,Web,7/3/2017,7/7/2017,0,169.00
45805188,Bowflex Max Trainer,Bowflex Max Trainer,Online Search,CAM44429 dosbiesl1,Web,7/3/2017,7/7/2017,1,1449.00
45805289,Bowflex Brand,Bowflex Max Trainer,Online Search,CAM39441 dosbigl1,Web,7/3/2017,7/7/2017,1,999.00
45805593,Bowflex Brand,Bowflex Selecttech Dumbbells,Electronic - UnSourced,CAM16616 DEGBFBHG,Web,7/3/2017,7/7/2017,1,355.40
45805593,Bowflex Brand,Bowflex Selecttech Dumbbells,Electronic - UnSourced,CAM16616 DEGBFBHG,Web,7/3/2017,7/7/2017,0,139.30
45805593,Bowflex Brand,Bowflex Selecttech Dumbbells,Electronic - UnSourced,CAM16616 DEGBFBHG,Web,7/3/2017,7/7/2017,0,104.30
45805694,Bowflex Brand,Bowflex Selecttech Dumbbells,Electronic - UnSourced,CAM16616 DEGBFBHG,Web,7/3/2017,7/7/2017,1,355.39
45805694,Bowflex Brand,Bowflex Selecttech Dumbbells,Electronic - UnSourced,CAM16616 DEGBFBHG,Web,7/3/2017,7/7/2017,0,139.30
45805694,Bowflex Brand,Bowflex Selecttech Dumbbells,Electronic - UnSourced,CAM16616 DEGBFBHG,Web,7/3/2017,7/7/2017,0,104.30
45806104,Bowflex Brand,Bowflex Max Trainer,Online Search,CAM30796 SAWDOSG2G,Call Center Internal,7/3/2017,7/7/2017,0,169.00
45806106,Bowflex Brand,Bowflex Revolution,Electronic - UnSourced,CAM16616 DEGBFBHG,Web,7/3/2017,7/7/2017,1,2599.00
45806211,Bowflex Max Trainer,Bowflex Max Trainer,Un-Sourced,CAM45327 1800MAXTRAINER,Call Center Internal,7/3/2017,7/7/2017,0,169.00
45806212,Bowflex Max Trainer,Bowflex Max Trainer,Online Search,CAM45729 DOSG2ESL6,Web,7/3/2017,7/7/2017,1,999.00
45806212,Bowflex Max Trainer,Bowflex Max Trainer,Online Search,CAM45729 DOSG2ESL6,Web,7/3/2017,7/7/2017,0,79.00
45806715,Bowflex Max Trainer,Bowflex Max Trainer,Short Form,CAM51219 IFC*N60*SOFTYTIC,Call Center Internal,7/3/2017,7/7/2017,1,999.00
45807016,Bowflex HVT,Bowflex HVT,Online Search,CAM50810 DOSG2HSL1,Web,7/3/2017,7/7/2017,1,1799.00
45807220,Bowflex Brand,Bowflex Max Trainer,Online Search,CAM30796 SAWDOSG2G,Call Center Internal,7/3/2017,7/7/2017,1,1999.00
45807220,Bowflex Brand,Treadclimber,Online Search,CAM30796 SAWDOSG2G,Call Center Internal,7/3/2017,7/7/2017,0,.00
45807224,Results Treadmill,Results Treadmill,Un-Sourced,CAM50746 1800RESULTSTREADMILL,Call Center Internal,7/3/2017,7/7/2017,0,1799.00
45807229,Bowflex Max Trainer,Bowflex Max Trainer,Un-Sourced,CAM45327 1800MAXTRAINER,Call Center Internal,7/3/2017,7/7/2017,0,219.00
45807234,Bowflex Brand,Bowflex Max Trainer,Online Search,CAM30796 SAWDOSG2G,Call Center Internal,7/3/2017,7/7/2017,1,1449.00
45807234,Bowflex Brand,Bowflex Max Trainer,Online Search,CAM30796 SAWDOSG2G,Call Center Internal,7/3/2017,7/7/2017,0,129.00
45807234,Bowflex Brand,Bowflex Selecttech Dumbbells,Online Search,CAM30796 SAWDOSG2G,Call Center Internal,7/3/2017,7/7/2017,1,299.00
45807234,Bowflex Brand,Bowflex Selecttech Dumbbells,Online Search,CAM30796 SAWDOSG2G,Call Center Internal,7/3/2017,7/7/2017,0,139.00
45807234,Bowflex Brand,Bowflex Selecttech Dumbbells,Online Search,CAM30796 SAWDOSG2G,Call Center Internal,7/3/2017,7/7/2017,0,29.00
45807351,Bowflex Brand,Bowflex Selecttech Dumbbells,Online Search,CAM30796 SAWDOSG2G,Call Center Internal,7/3/2017,7/7/2017,1,299.00
45807351,Bowflex Brand,Bowflex Selecttech Dumbbells,Online Search,CAM30796 SAWDOSG2G,Call Center Internal,7/3/2017,7/7/2017,0,139.00
45807964,Bowflex Max Trainer,Bowflex Max Trainer,Online Search,CAM44564 dosbiesl4,Web,7/3/2017,7/7/2017,1,999.00
45807964,Bowflex Max Trainer,Bowflex Max Trainer,Online Search,CAM44564 dosbiesl4,Web,7/3/2017,7/7/2017,0,169.00
45808064,Bowflex Home Gyms,Bowflex Max Trainer,Un-Sourced,CAM28157 SALESFOLLOWUP,Call Center Internal,7/3/2017,7/7/2017,1,1449.00
45808065,Bowflex Brand,Bowflex Max Trainer,Electronic - UnSourced,CAM16616 DEGBFBHG,Web,7/3/2017,7/7/2017,1,1449.00
45808065,Bowflex Brand,Bowflex Max Trainer,Electronic - UnSourced,CAM16616 DEGBFBHG,Web,7/3/2017,7/7/2017,0,169.00
45808166,Bowflex Brand,Bowflex Max Trainer,Electronic - UnSourced,CAM16616 DEGBFBHG,Web,7/3/2017,7/7/2017,1,999.00
45808166,Bowflex Brand,Bowflex Max Trainer,Electronic - UnSourced,CAM16616 DEGBFBHG,Web,7/3/2017,7/7/2017,0,79.00
45808268,Results Treadmill,Results Treadmill,Un-Sourced,CAM50746 1800RESULTSTREADMILL,Call Center Internal,7/3/2017,7/7/2017,0,186.75
45808271,Bowflex Brand,Bowflex Max Trainer,Electronic - UnSourced,CAM16616 DEGBFBHG,Web,7/3/2017,7/7/2017,1,999.00
45808271,Bowflex Brand,Bowflex Max Trainer,Electronic - UnSourced,CAM16616 DEGBFBHG,Web,7/3/2017,7/7/2017,0,79.00
45808371,Bowflex Brand,Bowflex Max Trainer,Electronic - UnSourced,CAM16616 DEGBFBHG,Web,7/3/2017,7/7/2017,1,1999.00
45808371,Bowflex Brand,Treadclimber,Electronic - UnSourced,CAM16616 DEGBFBHG,Web,7/3/2017,7/7/2017,0,.00
45808573,Bowflex Brand,Bowflex Home Gyms,Online Search,CAM31081 dosg2gl1,Web,7/3/2017,7/7/2017,0,49.98
45808675,Treadclimber,Treadclimber,Online Shopping,CAM32123 dofg2tfeed1,Web,7/3/2017,7/7/2017,1,1599.00
45808675,Treadclimber,Treadclimber,Online Shopping,CAM32123 dofg2tfeed1,Web,7/3/2017,7/7/2017,0,249.00
45808776,Bowflex Max Trainer,Bowflex Max Trainer,Online Search,CAM44497 dosg2esl1,Web,7/3/2017,7/7/2017,1,1449.00
45808776,Bowflex Max Trainer,Bowflex Max Trainer,Online Search,CAM44497 dosg2esl1,Web,7/3/2017,7/7/2017,0,169.00
45808877,Bowflex Max Trainer,Bowflex Max Trainer,Online Search,CAM44497 dosg2esl1,Web,7/3/2017,7/7/2017,1,1999.00
45808877,Bowflex Max Trainer,Treadclimber,Online Search,CAM44497 dosg2esl1,Web,7/3/2017,7/7/2017,0,.00
45809078,Bowflex Max Trainer,Bowflex Max Trainer,Online Search,CAM44497 dosg2esl1,Web,7/3/2017,7/7/2017,1,1749.00
45809078,Bowflex Max Trainer,Bowflex Max Trainer,Online Search,CAM44497 dosg2esl1,Web,7/3/2017,7/7/2017,0,169.00
45809178,Bowflex Max Trainer,Bowflex Max Trainer,Online Shopping,CAM44887 dofg2efeed1,Web,7/3/2017,7/7/2017,1,999.00
45809178,Bowflex Max Trainer,Bowflex Max Trainer,Online Shopping,CAM44887 dofg2efeed1,Web,7/3/2017,7/7/2017,0,79.00
45809479,Bowflex Brand,Bowflex Max Trainer,Electronic - UnSourced,CAM16616 DEGBFBHG,Web,7/3/2017,7/7/2017,1,1999.00
45809479,Bowflex Brand,Treadclimber,Electronic - UnSourced,CAM16616 DEGBFBHG,Web,7/3/2017,7/7/2017,0,.00
45809680,Treadclimber,Treadclimber,Online Search,CAM37440 dosg2tsl21,Web,7/3/2017,7/7/2017,1,2399.00
45809680,Treadclimber,Treadclimber,Online Search,CAM37440 dosg2tsl21,Web,7/3/2017,7/7/2017,0,299.00
45809681,Bowflex Max Trainer,Bowflex Max Trainer,Online Display,CAM50256 DODG2EDL1,Web,7/3/2017,7/7/2017,1,999.00
45809681,Bowflex Max Trainer,Bowflex Max Trainer,Online Display,CAM50256 DODG2EDL1,Web,7/3/2017,7/7/2017,0,109.00
45809889,Bowflex Max Trainer,Bowflex Max Trainer,Online Shopping,CAM44887 dofg2efeed1,Web,7/3/2017,7/7/2017,1,1449.00
45809889,Bowflex Max Trainer,Bowflex Max Trainer,Online Shopping,CAM44887 dofg2efeed1,Web,7/3/2017,7/7/2017,0,129.00
45810198,Bowflex Max Trainer,,Un-Sourced,CAM45327 1800MAXTRAINER,Call Center Internal,7/3/2017,7/7/2017,0,.00
45810200,Bowflex Catalog,Bowflex Max Trainer,Electronic - UnSourced,CAM127 1800BOWFLEX_BFC,Call Center Internal,7/3/2017,7/7/2017,1,1449.00
45810200,Bowflex Catalog,Bowflex Max Trainer,Electronic - UnSourced,CAM127 1800BOWFLEX_BFC,Call Center Internal,7/3/2017,7/7/2017,0,169.00
45810200,Bowflex Catalog,Bowflex Max Trainer,Electronic - UnSourced,CAM127 1800BOWFLEX_BFC,Call Center Internal,7/3/2017,7/7/2017,0,129.00
45810716,Bowflex Max Trainer,Bowflex Max Trainer,Online Display,CAM49996 DODAOLEDL1,Web,7/3/2017,7/7/2017,1,1449.00
45810716,Bowflex Max Trainer,Bowflex Max Trainer,Online Display,CAM49996 DODAOLEDL1,Web,7/3/2017,7/7/2017,0,169.00
45810716,Bowflex Max Trainer,Bowflex Max Trainer,Online Display,CAM49996 DODAOLEDL1,Web,7/3/2017,7/7/2017,0,169.00
45810816,Bowflex Home Gyms,Bowflex Max Trainer,Un-Sourced,CAM28157 SALESFOLLOWUP,Call Center Internal,7/3/2017,7/7/2017,1,999.00
45810816,Bowflex Home Gyms,Bowflex Max Trainer,Un-Sourced,CAM28157 SALESFOLLOWUP,Call Center Internal,7/3/2017,7/7/2017,0,169.00
45810816,Bowflex Home Gyms,Bowflex Max Trainer,Un-Sourced,CAM28157 SALESFOLLOWUP,Call Center Internal,7/3/2017,7/7/2017,0,109.00
45810818,Bowflex Brand,Bowflex Max Trainer,Online Search,CAM39441 dosbigl1,Web,7/3/2017,7/7/2017,1,1449.00
45811018,Bowflex Max Trainer,Bowflex Max Trainer,Un-Sourced,CAM45327 1800MAXTRAINER,Call Center Internal,7/3/2017,7/7/2017,1,1449.00
45811123,Bowflex Brand,Bowflex Selecttech Dumbbells,Electronic - UnSourced,CAM49450 BOWWEB800,Call Center Internal,7/3/2017,7/7/2017,1,549.00
45811123,Bowflex Brand,Bowflex Selecttech Dumbbells,Electronic - UnSourced,CAM49450 BOWWEB800,Call Center Internal,7/3/2017,7/7/2017,0,139.00
45811123,Bowflex Brand,Bowflex Selecttech Dumbbells,Electronic - UnSourced,CAM49450 BOWWEB800,Call Center Internal,7/3/2017,7/7/2017,0,199.00
45811125,Bowflex Max Trainer,Bowflex Max Trainer,Short Form,CAM49535 ESPLL60*HAM7*TIC,Call Center Internal,7/3/2017,7/7/2017,1,1449.00
45811125,Bowflex Max Trainer,Bowflex Max Trainer,Short Form,CAM49535 ESPLL60*HAM7*TIC,Call Center Internal,7/3/2017,7/7/2017,0,169.00
45811125,Bowflex Max Trainer,Bowflex Max Trainer,Short Form,CAM49535 ESPLL60*HAM7*TIC,Call Center Internal,7/3/2017,7/7/2017,0,129.00
45811125,Bowflex Max Trainer,Treadclimber,Short Form,CAM49535 ESPLL60*HAM7*TIC,Call Center Internal,7/3/2017,7/7/2017,0,99.00
45811128,Bowflex Max Trainer,Bowflex Max Trainer,Online Search,CAM44497 dosg2esl1,Web,7/3/2017,7/7/2017,1,999.00
45811230,Bowflex Max Trainer,Bowflex Max Trainer,Online Search,CAM45729 DOSG2ESL6,Web,7/3/2017,7/7/2017,1,999.00
45811230,Bowflex Max Trainer,Bowflex Max Trainer,Online Search,CAM45729 DOSG2ESL6,Web,7/3/2017,7/7/2017,0,109.00
45811230,Bowflex Max Trainer,Bowflex Max Trainer,Online Search,CAM45729 DOSG2ESL6,Web,7/3/2017,7/7/2017,0,169.00
45811530,Bowflex Home Gyms,Bowflex Max Trainer,Un-Sourced,CAM40821 1800BOWFLEX,Call Center Internal,7/3/2017,7/7/2017,1,1449.00
45811735,Bowflex Max Trainer,Bowflex Max Trainer,Un-Sourced,CAM45327 1800MAXTRAINER,Call Center Internal,7/3/2017,7/7/2017,1,1999.00
45811735,Bowflex Max Trainer,Treadclimber,Un-Sourced,CAM45327 1800MAXTRAINER,Call Center Internal,7/3/2017,7/7/2017,0,.00
45811737,Bowflex Brand,Bowflex Home Gyms,Online Search,CAM31081 dosg2gl1,Web,7/3/2017,7/7/2017,1,1199.00
45811737,Bowflex Brand,Bowflex Home Gyms,Online Search,CAM31081 dosg2gl1,Web,7/3/2017,7/7/2017,0,99.00
45811838,Bowflex Brand,Bowflex Max Trainer,Electronic - UnSourced,CAM16616 DEGBFBHG,Web,7/3/2017,7/7/2017,1,999.00
45812144,Bowflex Selecttech Dumbbells,Bowflex Selecttech Dumbbells,Online Display,CAM34643 dodg2ddl1,Web,7/3/2017,7/7/2017,1,249.00
45812146,Bowflex Max Trainer,Bowflex Max Trainer,Online Search,CAM44429 dosbiesl1,Web,7/3/2017,7/7/2017,1,1449.00
45812449,Bowflex Max Trainer,Bowflex Max Trainer,Online Search,CAM44497 dosg2esl1,Web,7/3/2017,7/7/2017,1,1999.00
45812449,Bowflex Max Trainer,Treadclimber,Online Search,CAM44497 dosg2esl1,Web,7/3/2017,7/7/2017,0,.00
45812449,Bowflex Max Trainer,Bowflex Selecttech Dumbbells,Online Search,CAM44497 dosg2esl1,Web,7/3/2017,7/7/2017,1,549.00
45813062,Bowflex HVT,Bowflex HVT,Un-Sourced,CAM50745 1800HVT,Call Center Internal,7/3/2017,7/7/2017,0,249.00
45813062,Bowflex HVT,Bowflex HVT,Un-Sourced,CAM50745 1800HVT,Call Center Internal,7/3/2017,7/7/2017,0,179.00
45813065,Bowflex Home Gyms,Treadclimber,Un-Sourced,CAM28157 SALESFOLLOWUP,Call Center Internal,7/3/2017,7/7/2017,1,1599.00
45813065,Bowflex Home Gyms,Bowflex HVT,Un-Sourced,CAM28157 SALESFOLLOWUP,Call Center Internal,7/3/2017,7/7/2017,1,1799.00
45813065,Bowflex Home Gyms,Treadclimber,Un-Sourced,CAM28157 SALESFOLLOWUP,Call Center Internal,7/3/2017,7/7/2017,0,99.00
45813065,Bowflex Home Gyms,Bowflex HVT,Un-Sourced,CAM28157 SALESFOLLOWUP,Call Center Internal,7/3/2017,7/7/2017,0,99.00
45813179,Bowflex Brand,Bowflex Max Trainer,Electronic - UnSourced,CAM16616 DEGBFBHG,Web,7/3/2017,7/7/2017,1,1449.00
45813179,Bowflex Brand,Bowflex Max Trainer,Electronic - UnSourced,CAM16616 DEGBFBHG,Web,7/3/2017,7/7/2017,0,169.00
45813386,Bowflex Max Trainer,Bowflex Max Trainer,Un-Sourced,CAM45327 1800MAXTRAINER,Call Center Internal,7/3/2017,7/7/2017,0,.00
45813595,Bowflex Max Trainer,Bowflex Max Trainer,Online Search,CAM44497 dosg2esl1,Web,7/3/2017,7/7/2017,1,1999.00
45813595,Bowflex Max Trainer,Bowflex Max Trainer,Online Search,CAM44497 dosg2esl1,Web,7/3/2017,7/7/2017,0,209.00
45813595,Bowflex Max Trainer,Treadclimber,Online Search,CAM44497 dosg2esl1,Web,7/3/2017,7/7/2017,0,.00
45813595,Bowflex Max Trainer,Bowflex Max Trainer,Online Search,CAM44497 dosg2esl1,Web,7/3/2017,7/7/2017,0,169.00
45813807,Bowflex Max Trainer,Bowflex Max Trainer,Online Shopping,CAM44948 dofbiefeed1,Web,7/3/2017,7/7/2017,1,1449.00
45813807,Bowflex Max Trainer,Bowflex Max Trainer,Online Shopping,CAM44948 dofbiefeed1,Web,7/3/2017,7/7/2017,0,169.00
45814319,Bowflex Brand,Bowflex Home Gyms,Online Search,CAM49688 SAWDOSBI,Call Center Internal,7/3/2017,7/7/2017,0,109.99
45814320,Bowflex Brand,Bowflex Max Trainer,Online Search,CAM31081 dosg2gl1,Web,7/3/2017,7/7/2017,1,1999.00
45814320,Bowflex Brand,Treadclimber,Online Search,CAM31081 dosg2gl1,Web,7/3/2017,7/7/2017,0,.00
45814320,Bowflex Brand,Bowflex Selecttech Dumbbells,Online Search,CAM31081 dosg2gl1,Web,7/3/2017,7/7/2017,1,299.00
45814420,Bowflex Brand,Bowflex Max Trainer,Electronic - UnSourced,CAM16616 DEGBFBHG,Web,7/3/2017,7/7/2017,1,1999.00
45814420,Bowflex Brand,Treadclimber,Electronic - UnSourced,CAM16616 DEGBFBHG,Web,7/3/2017,7/7/2017,0,.00
45814627,Bowflex Max Trainer,Bowflex Max Trainer,Online Search,CAM45730 DOSG2ESL7,Web,7/3/2017,7/7/2017,1,1999.00
45814627,Bowflex Max Trainer,Treadclimber,Online Search,CAM45730 DOSG2ESL7,Web,7/3/2017,7/7/2017,0,.00
45814727,Bowflex Max Trainer,Bowflex Max Trainer,Online Shopping,CAM44887 dofg2efeed1,Web,7/3/2017,7/7/2017,1,1999.00
45814727,Bowflex Max Trainer,Treadclimber,Online Shopping,CAM44887 dofg2efeed1,Web,7/3/2017,7/7/2017,0,.00
45814727,Bowflex Max Trainer,Bowflex Max Trainer,Online Shopping,CAM44887 dofg2efeed1,Web,7/3/2017,7/7/2017,0,169.00
45814932,Bowflex Selecttech Dumbbells,Bowflex Selecttech Dumbbells,Online Search,CAM32596 SAWDOSBID,Call Center Internal,7/3/2017,7/7/2017,1,299.00
45814932,Bowflex Selecttech Dumbbells,Bowflex Selecttech Dumbbells,Online Search,CAM32596 SAWDOSBID,Call Center Internal,7/3/2017,7/7/2017,0,199.00
45814935,Bowflex Max Trainer,Bowflex Max Trainer,Online Shopping,CAM44887 dofg2efeed1,Web,7/3/2017,7/7/2017,1,999.00
45814935,Bowflex Max Trainer,Bowflex Max Trainer,Online Shopping,CAM44887 dofg2efeed1,Web,7/3/2017,7/7/2017,0,169.00
45815035,Results Treadmill,Results Treadmill,Online Search,CAM50818 DOSG2BXTSL1,Call Center Internal,7/3/2017,7/7/2017,0,1598.00
45815042,Bowflex Max Trainer,Bowflex Max Trainer,Online Search,CAM48984 DOSG2ESL11,Web,7/3/2017,7/7/2017,1,1999.00
45815042,Bowflex Max Trainer,Treadclimber,Online Search,CAM48984 DOSG2ESL11,Web,7/3/2017,7/7/2017,0,.00
45815547,Treadclimber,Treadclimber,Un-Sourced,CAM40825 1800TREADCLIMBER,Call Center Internal,7/3/2017,7/7/2017,1,2399.00
45815547,Treadclimber,Treadclimber,Un-Sourced,CAM40825 1800TREADCLIMBER,Call Center Internal,7/3/2017,7/7/2017,0,.00
45815547,Treadclimber,,Un-Sourced,CAM40825 1800TREADCLIMBER,Call Center Internal,7/3/2017,7/7/2017,0,.00
45815547,Treadclimber,Treadclimber,Un-Sourced,CAM40825 1800TREADCLIMBER,Call Center Internal,7/3/2017,7/7/2017,0,14.99
45815547,Treadclimber,Treadclimber,Un-Sourced,CAM40825 1800TREADCLIMBER,Call Center Internal,7/3/2017,7/7/2017,0,199.00
45815549,Bowflex Max Trainer,Bowflex Max Trainer,Print,CAM50800 P07171STWMNCTINA,Call Center Internal,7/3/2017,7/7/2017,1,1449.00
45815549,Bowflex Max Trainer,Treadclimber,Print,CAM50800 P07171STWMNCTINA,Call Center Internal,7/3/2017,7/7/2017,0,99.00
45815651,Bowflex Max Trainer,Bowflex Max Trainer,Online Search,CAM45730 DOSG2ESL7,Web,7/3/2017,7/7/2017,1,1449.00
45815960,Bowflex Brand,Bowflex Home Gyms,Online Search,CAM39441 dosbigl1,Web,7/3/2017,7/7/2017,1,1199.00
45816061,Bowflex Home Gyms,Bowflex Max Trainer,Online Shopping,CAM32062 dofg2gfeed1,Web,7/3/2017,7/7/2017,1,1449.00
45816061,Bowflex Home Gyms,Bowflex Max Trainer,Online Shopping,CAM32062 dofg2gfeed1,Web,7/3/2017,7/7/2017,0,169.00
45816061,Bowflex Home Gyms,Bowflex Max Trainer,Online Shopping,CAM32062 dofg2gfeed1,Web,7/3/2017,7/7/2017,0,169.00
45816364,Bowflex Max Trainer,Bowflex Max Trainer,Short Form,CAM51219 IFC*N60*SOFTYTIC,Call Center Internal,7/3/2017,7/7/2017,1,1449.00
45816364,Bowflex Max Trainer,Bowflex Max Trainer,Short Form,CAM51219 IFC*N60*SOFTYTIC,Call Center Internal,7/3/2017,7/7/2017,0,169.00
45816474,Bowflex Max Trainer,Bowflex Max Trainer,Online Search,CAM44497 dosg2esl1,Web,7/3/2017,7/7/2017,1,1449.00
45816474,Bowflex Max Trainer,Treadclimber,Online Search,CAM44497 dosg2esl1,Web,7/3/2017,7/7/2017,0,99.00
45816576,Bowflex Brand,Bowflex Max Trainer,Online Search,CAM31081 dosg2gl1,Web,7/3/2017,7/7/2017,1,1999.00
45816576,Bowflex Brand,Treadclimber,Online Search,CAM31081 dosg2gl1,Web,7/3/2017,7/7/2017,0,.00
45816679,Bowflex Max Trainer,Bowflex Max Trainer,Online Search,CAM44497 dosg2esl1,Web,7/3/2017,7/7/2017,1,1449.00
45816781,Bowflex Max Trainer,Bowflex Max Trainer,Online Display,CAM50714 DODG2EDL3,Web,7/3/2017,7/7/2017,1,999.00
45816889,Bowflex Home Gyms,Bowflex Home Gyms,Online Shopping,CAM32062 dofg2gfeed1,Web,7/3/2017,7/7/2017,1,1199.00
45816889,Bowflex Home Gyms,Bowflex Home Gyms,Online Shopping,CAM32062 dofg2gfeed1,Web,7/3/2017,7/7/2017,0,198.00
45817091,Results Treadmill,Results Treadmill,Un-Sourced,CAM50746 1800RESULTSTREADMILL,Call Center Internal,7/3/2017,7/7/2017,0,.00
45817597,Bowflex Brand,Bowflex Max Trainer,Electronic - UnSourced,CAM49450 BOWWEB800,Call Center Internal,7/3/2017,7/7/2017,1,1899.00
45817597,Bowflex Brand,Treadclimber,Electronic - UnSourced,CAM49450 BOWWEB800,Call Center Internal,7/3/2017,7/7/2017,0,.00
45817597,Bowflex Brand,Bowflex Max Trainer,Electronic - UnSourced,CAM49450 BOWWEB800,Call Center Internal,7/3/2017,7/7/2017,0,169.00
45817597,Bowflex Brand,Bowflex Max Trainer,Electronic - UnSourced,CAM49450 BOWWEB800,Call Center Internal,7/3/2017,7/7/2017,0,209.00
45817903,Bowflex Max Trainer,Bowflex Max Trainer,Online Display,CAM50256 DODG2EDL1,Web,7/3/2017,7/7/2017,1,1999.00
45817903,Bowflex Max Trainer,Treadclimber,Online Display,CAM50256 DODG2EDL1,Web,7/3/2017,7/7/2017,0,.00
45817903,Bowflex Max Trainer,Bowflex Max Trainer,Online Display,CAM50256 DODG2EDL1,Web,7/3/2017,7/7/2017,0,169.00
45818541,Bowflex Catalog,Bowflex Max Trainer,Electronic - UnSourced,CAM127 1800BOWFLEX_BFC,Call Center Internal,7/3/2017,7/7/2017,1,1999.00
45818541,Bowflex Catalog,Treadclimber,Electronic - UnSourced,CAM127 1800BOWFLEX_BFC,Call Center Internal,7/3/2017,7/7/2017,0,.00
45818541,Bowflex Catalog,Bowflex Max Trainer,Electronic - UnSourced,CAM127 1800BOWFLEX_BFC,Call Center Internal,7/3/2017,7/7/2017,0,169.00
45818657,Bowflex Brand,Bowflex Max Trainer,Electronic - UnSourced,CAM16616 DEGBFBHG,Web,7/3/2017,7/7/2017,1,1449.00
45818657,Bowflex Brand,Bowflex Max Trainer,Electronic - UnSourced,CAM16616 DEGBFBHG,Web,7/3/2017,7/7/2017,0,129.00
45818757,Bowflex Catalog,Bowflex HVT,Electronic - UnSourced,CAM127 1800BOWFLEX_BFC,Call Center Internal,7/3/2017,7/7/2017,1,1799.00
45818757,Bowflex Catalog,Bowflex HVT,Electronic - UnSourced,CAM127 1800BOWFLEX_BFC,Call Center Internal,7/3/2017,7/7/2017,0,99.00
45818757,Bowflex Catalog,Bowflex HVT,Electronic - UnSourced,CAM127 1800BOWFLEX_BFC,Call Center Internal,7/3/2017,7/7/2017,0,179.00
45818764,Bowflex Max Trainer,Bowflex Max Trainer,Short Form,CAM51219 IFC*N60*SOFTYTIC,Call Center Internal,7/3/2017,7/7/2017,1,1449.00
45818764,Bowflex Max Trainer,Bowflex Max Trainer,Short Form,CAM51219 IFC*N60*SOFTYTIC,Call Center Internal,7/3/2017,7/7/2017,0,169.00
45818965,Bowflex Max Trainer,Bowflex Max Trainer,Short Form,CAM51236 FOXNN60*SOFTYTIC,Call Center Internal,7/3/2017,7/7/2017,1,1449.00
45818965,Bowflex Max Trainer,Bowflex Max Trainer,Short Form,CAM51236 FOXNN60*SOFTYTIC,Call Center Internal,7/3/2017,7/7/2017,0,129.00
45819067,Bowflex Max Trainer,Bowflex Max Trainer,Short Form,CAM51236 FOXNN60*SOFTYTIC,Call Center Internal,7/3/2017,7/7/2017,1,1449.00
45819067,Bowflex Max Trainer,Bowflex Max Trainer,Short Form,CAM51236 FOXNN60*SOFTYTIC,Call Center Internal,7/3/2017,7/7/2017,0,169.00
45819174,Bowflex Brand,Bowflex Home Gyms,Electronic - UnSourced,CAM16616 DEGBFBHG,Web,7/3/2017,7/7/2017,1,1199.00
45819175,Bowflex Max Trainer,Bowflex Max Trainer,Online Search,CAM44551 dosg2esl4,Web,7/3/2017,7/7/2017,1,1449.00
45819175,Bowflex Max Trainer,Bowflex Max Trainer,Online Search,CAM44551 dosg2esl4,Web,7/3/2017,7/7/2017,0,129.00
45819175,Bowflex Max Trainer,Bowflex Max Trainer,Online Search,CAM44551 dosg2esl4,Web,7/3/2017,7/7/2017,0,169.00
45819274,Bowflex Max Trainer,Bowflex Max Trainer,Online Search,CAM44497 dosg2esl1,Web,7/3/2017,7/7/2017,1,1449.00
45819275,Treadclimber,Treadclimber,Online Search,CAM37440 dosg2tsl21,Web,7/3/2017,7/7/2017,0,18.98
45819575,Bowflex Brand,Treadclimber,Online Search,CAM39441 dosbigl1,Web,7/3/2017,7/7/2017,1,2399.00
45819575,Bowflex Brand,Treadclimber,Online Search,CAM39441 dosbigl1,Web,7/3/2017,7/7/2017,0,299.00
45819575,Bowflex Brand,Treadclimber,Online Search,CAM39441 dosbigl1,Web,7/3/2017,7/7/2017,0,249.00
45819677,Bowflex Brand,Bowflex Max Trainer,Electronic - UnSourced,CAM16616 DEGBFBHG,Web,7/3/2017,7/7/2017,1,999.00
45819677,Bowflex Brand,Bowflex Max Trainer,Electronic - UnSourced,CAM16616 DEGBFBHG,Web,7/3/2017,7/7/2017,0,169.00
45819780,Bowflex Max Trainer,Bowflex Max Trainer,Short Form,CAM51219 IFC*N60*SOFTYTIC,Call Center Internal,7/3/2017,7/7/2017,1,1449.00
45819780,Bowflex Max Trainer,Bowflex Max Trainer,Short Form,CAM51219 IFC*N60*SOFTYTIC,Call Center Internal,7/3/2017,7/7/2017,0,169.00
45819780,Bowflex Max Trainer,Treadclimber,Short Form,CAM51219 IFC*N60*SOFTYTIC,Call Center Internal,7/3/2017,7/7/2017,0,99.00
45819984,Bowflex Brand,Bowflex Home Gyms,Online Search,CAM30755 dosg2gsl1,Web,7/3/2017,7/7/2017,0,23.98
45820086,Bowflex Max Trainer,Bowflex Max Trainer,Online Shopping,CAM44887 dofg2efeed1,Web,7/3/2017,7/7/2017,1,1449.00
45820290,Bowflex Max Trainer,Bowflex Home Gyms,Online Search,CAM47150 DOSG2ESL9,Web,7/3/2017,7/7/2017,1,1199.00
45820290,Bowflex Max Trainer,Bowflex Home Gyms,Online Search,CAM47150 DOSG2ESL9,Web,7/3/2017,7/7/2017,0,299.00
45820391,Bowflex Brand,Bowflex Max Trainer,Online Search,CAM31081 dosg2gl1,Web,7/3/2017,7/7/2017,1,1449.00
45820604,Bowflex Brand,Treadclimber,Electronic - UnSourced,CAM16616 DEGBFBHG,Web,7/3/2017,7/7/2017,1,1599.00
45820697,Bowflex Brand,Bowflex HVT,Online Search,CAM39441 dosbigl1,Web,7/3/2017,7/7/2017,1,1999.00
45820900,Bowflex Brand,Bowflex Revolution,Online Search,CAM30796 SAWDOSG2G,Call Center Internal,7/3/2017,7/7/2017,1,2599.00
45820900,Bowflex Brand,Bowflex Revolution,Online Search,CAM30796 SAWDOSG2G,Call Center Internal,7/3/2017,7/7/2017,0,199.00
45821004,Bowflex Max Trainer,Bowflex Max Trainer,Online Shopping,CAM44887 dofg2efeed1,Web,7/3/2017,7/7/2017,1,999.00
45821104,Bowflex Brand,Bowflex Max Trainer,Electronic - UnSourced,CAM16616 DEGBFBHG,Web,7/3/2017,7/7/2017,1,1999.00
45821104,Bowflex Brand,Bowflex Max Trainer,Electronic - UnSourced,CAM16616 DEGBFBHG,Web,7/3/2017,7/7/2017,0,209.00
45821104,Bowflex Brand,Treadclimber,Electronic - UnSourced,CAM16616 DEGBFBHG,Web,7/3/2017,7/7/2017,0,.00
45821204,Bowflex Max Trainer,Bowflex Max Trainer,Electronic - Print,CAM48693 DPEEPRINT15D,Call Center Internal,7/3/2017,7/7/2017,1,1449.00
45821204,Bowflex Max Trainer,Treadclimber,Electronic - Print,CAM48693 DPEEPRINT15D,Call Center Internal,7/3/2017,7/7/2017,0,99.00
45821614,Bowflex Home Gyms,Bowflex Revolution,Online Shopping,CAM32062 dofg2gfeed1,Web,7/3/2017,7/7/2017,1,2599.00
45821614,Bowflex Home Gyms,Bowflex Revolution,Online Shopping,CAM32062 dofg2gfeed1,Web,7/3/2017,7/7/2017,0,199.00
45822057,Bowflex Brand,Bowflex Max Trainer,Electronic - UnSourced,CAM16616 DEGBFBHG,Web,7/3/2017,7/7/2017,1,1999.00
45822057,Bowflex Brand,Treadclimber,Electronic - UnSourced,CAM16616 DEGBFBHG,Web,7/3/2017,7/7/2017,0,.00
45822057,Bowflex Brand,Bowflex Max Trainer,Electronic - UnSourced,CAM16616 DEGBFBHG,Web,7/3/2017,7/7/2017,0,169.00
45822264,Bowflex Max Trainer,Bowflex Max Trainer,Online Search,CAM44497 dosg2esl1,Web,7/3/2017,7/7/2017,1,1999.00
45822264,Bowflex Max Trainer,Treadclimber,Online Search,CAM44497 dosg2esl1,Web,7/3/2017,7/7/2017,0,.00
45822365,Bowflex Brand,Bowflex Selecttech Dumbbells,Electronic - UnSourced,CAM16616 DEGBFBHG,Web,7/3/2017,7/7/2017,1,355.40
45822365,Bowflex Brand,Bowflex Selecttech Dumbbells,Electronic - UnSourced,CAM16616 DEGBFBHG,Web,7/3/2017,7/7/2017,0,139.30
45822365,Bowflex Brand,Bowflex Selecttech Dumbbells,Electronic - UnSourced,CAM16616 DEGBFBHG,Web,7/3/2017,7/7/2017,0,104.30
45822671,Bowflex Brand,Bowflex Max Trainer,Electronic - UnSourced,CAM49450 BOWWEB800,Call Center Internal,7/3/2017,7/7/2017,1,1049.00
45822674,Bowflex Home Gyms,Bowflex Max Trainer,Un-Sourced,CAM28157 SALESFOLLOWUP,Call Center Internal,7/3/2017,7/7/2017,1,1449.00
45822675,Bowflex Max Trainer,Treadclimber,Un-Sourced,CAM45327 1800MAXTRAINER,Call Center Internal,7/3/2017,7/7/2017,1,1599.00
45822675,Bowflex Max Trainer,Treadclimber,Un-Sourced,CAM45327 1800MAXTRAINER,Call Center Internal,7/3/2017,7/7/2017,0,14.99
45822677,Bowflex Max Trainer,Bowflex Max Trainer,Online Search,CAM48984 DOSG2ESL11,Web,7/3/2017,7/7/2017,1,1999.00
45822677,Bowflex Max Trainer,Treadclimber,Online Search,CAM48984 DOSG2ESL11,Web,7/3/2017,7/7/2017,0,.00
45822784,Bowflex Home Gyms,Bowflex Selecttech Dumbbells,Un-Sourced,CAM28157 SALESFOLLOWUP,Call Center Internal,7/3/2017,7/7/2017,1,419.30
45822784,Bowflex Home Gyms,Bowflex Selecttech Dumbbells,Un-Sourced,CAM28157 SALESFOLLOWUP,Call Center Internal,7/3/2017,7/7/2017,0,97.30
45822784,Bowflex Home Gyms,Bowflex Selecttech Dumbbells,Un-Sourced,CAM28157 SALESFOLLOWUP,Call Center Internal,7/3/2017,7/7/2017,0,139.30
45822886,Bowflex Max Trainer,Bowflex Max Trainer,Short Form,CAM51222 BRNGN60*SOFTYTIC,Call Center Internal,7/3/2017,7/7/2017,1,1449.00
45822889,Bowflex Brand,Bowflex Max Trainer,Electronic - UnSourced,CAM16616 DEGBFBHG,Web,7/3/2017,7/7/2017,1,999.00
45822989,Bowflex Brand,Bowflex Max Trainer,Electronic - UnSourced,CAM16616 DEGBFBHG,Web,7/3/2017,7/7/2017,1,1449.00
45823090,Bowflex Max Trainer,Bowflex Max Trainer,Online Search,CAM44497 dosg2esl1,Web,7/3/2017,7/7/2017,1,999.00
45823190,Bowflex Home Gyms,Bowflex HVT,Un-Sourced,CAM28157 SALESFOLLOWUP,Call Center Internal,7/3/2017,7/7/2017,1,1799.00
45823397,Treadclimber,Treadclimber,Online Search,CAM37440 dosg2tsl21,Web,7/3/2017,7/7/2017,1,1599.00
45823598,Treadclimber,Treadclimber,Online Search,CAM37440 dosg2tsl21,Web,7/3/2017,7/7/2017,1,2399.00
45823704,Bowflex Brand,Bowflex Max Trainer,Online Search,CAM31081 dosg2gl1,Web,7/3/2017,7/7/2017,1,999.00
45824004,Bowflex Brand,Bowflex Selecttech Dumbbells,Online Search,CAM39441 dosbigl1,Web,7/3/2017,7/7/2017,1,499.00
45824105,Bowflex Max Trainer,Bowflex Max Trainer,Short Form,CAM51219 IFC*N60*SOFTYTIC,Call Center Internal,7/3/2017,7/7/2017,1,1539.30
45824105,Bowflex Max Trainer,Treadclimber,Short Form,CAM51219 IFC*N60*SOFTYTIC,Call Center Internal,7/3/2017,7/7/2017,0,69.30
45824112,Bowflex Brand,Bowflex Max Trainer,Electronic - UnSourced,CAM16616 DEGBFBHG,Web,7/3/2017,7/7/2017,1,1449.00
45824315,Bowflex Brand,Bowflex Selecttech Dumbbells,Electronic - UnSourced,CAM16616 DEGBFBHG,Web,7/3/2017,7/7/2017,1,355.40
45824315,Bowflex Brand,Bowflex Selecttech Dumbbells,Electronic - UnSourced,CAM16616 DEGBFBHG,Web,7/3/2017,7/7/2017,0,139.30
45824315,Bowflex Brand,Bowflex Selecttech Dumbbells,Electronic - UnSourced,CAM16616 DEGBFBHG,Web,7/3/2017,7/7/2017,0,104.30
45824519,Bowflex Selecttech Dumbbells,Bowflex Selecttech Dumbbells,Online Search,CAM30753 dosg2dsl5,Web,7/3/2017,7/7/2017,1,355.40
45824519,Bowflex Selecttech Dumbbells,Bowflex Selecttech Dumbbells,Online Search,CAM30753 dosg2dsl5,Web,7/3/2017,7/7/2017,0,139.30
45824519,Bowflex Selecttech Dumbbells,Bowflex Selecttech Dumbbells,Online Search,CAM30753 dosg2dsl5,Web,7/3/2017,7/7/2017,0,104.30
45824619,Bowflex Max Trainer,Bowflex Max Trainer,Online Search,CAM44497 dosg2esl1,Web,7/3/2017,7/7/2017,1,1449.00
45824720,Bowflex Brand,Bowflex Selecttech Dumbbells,Electronic - UnSourced,CAM49450 BOWWEB800,Call Center Internal,7/3/2017,7/7/2017,1,299.00
45824730,Bowflex Max Trainer,Bowflex Max Trainer,Online Display,CAM49996 DODAOLEDL1,Web,7/3/2017,7/7/2017,1,1999.00
45824730,Bowflex Max Trainer,Treadclimber,Online Display,CAM49996 DODAOLEDL1,Web,7/3/2017,7/7/2017,0,.00
45824832,Bowflex Brand,Bowflex Home Gyms,Online Search,CAM31081 dosg2gl1,Web,7/3/2017,7/7/2017,0,109.99
45825439,Bowflex Home Gyms,Bowflex Max Trainer,Un-Sourced,CAM28157 SALESFOLLOWUP,Call Center Internal,7/3/2017,7/7/2017,1,1449.00
45825450,Bowflex Brand,Bowflex Max Trainer,Electronic - UnSourced,CAM16616 DEGBFBHG,Web,7/3/2017,7/7/2017,1,1999.00
45825450,Bowflex Brand,Treadclimber,Electronic - UnSourced,CAM16616 DEGBFBHG,Web,7/3/2017,7/7/2017,0,.00
45825550,Bowflex Brand,Bowflex Max Trainer,Electronic - UnSourced,CAM49450 BOWWEB800,Call Center Internal,7/3/2017,7/7/2017,1,999.00
45825550,Bowflex Brand,Bowflex Max Trainer,Electronic - UnSourced,CAM49450 BOWWEB800,Call Center Internal,7/3/2017,7/7/2017,0,109.00
45825550,Bowflex Brand,Treadclimber,Electronic - UnSourced,CAM49450 BOWWEB800,Call Center Internal,7/3/2017,7/7/2017,0,99.00
45825551,Bowflex Brand,Bowflex Home Gyms,Online Search,CAM30755 dosg2gsl1,Web,7/3/2017,7/7/2017,1,1199.00
45825551,Bowflex Brand,Bowflex Home Gyms,Online Search,CAM30755 dosg2gsl1,Web,7/3/2017,7/7/2017,0,99.00
45825753,Bowflex Max Trainer,Treadclimber,Online Search,CAM47150 DOSG2ESL9,Web,7/3/2017,7/7/2017,0,108.99
45825857,Bowflex Brand,Bowflex Max Trainer,Online Search,CAM30796 SAWDOSG2G,Call Center Internal,7/3/2017,7/7/2017,1,1999.00
45825857,Bowflex Brand,Treadclimber,Online Search,CAM30796 SAWDOSG2G,Call Center Internal,7/3/2017,7/7/2017,0,.00
45825857,Bowflex Brand,Bowflex Max Trainer,Online Search,CAM30796 SAWDOSG2G,Call Center Internal,7/3/2017,7/7/2017,0,209.00
45825858,Results Treadmill,Results Treadmill,Online Shopping,CAM50816 DOFG2BXTFEED1,Web,7/3/2017,7/7/2017,0,1799.00
45825961,Bowflex Max Trainer,Bowflex Max Trainer,Online Search,CAM44497 dosg2esl1,Web,7/3/2017,7/7/2017,1,999.00
45825961,Bowflex Max Trainer,Bowflex Max Trainer,Online Search,CAM44497 dosg2esl1,Web,7/3/2017,7/7/2017,0,109.00
45825962,Bowflex Brand,Bowflex Max Trainer,Online Search,CAM39441 dosbigl1,Web,7/3/2017,7/7/2017,1,1999.00
45825962,Bowflex Brand,Treadclimber,Online Search,CAM39441 dosbigl1,Web,7/3/2017,7/7/2017,0,.00
45826061,Bowflex Brand,Bowflex Max Trainer,Electronic - UnSourced,CAM16616 DEGBFBHG,Web,7/3/2017,7/7/2017,1,998.79
45826061,Bowflex Brand,Bowflex Max Trainer,Electronic - UnSourced,CAM16616 DEGBFBHG,Web,7/3/2017,7/7/2017,0,169.00
45826161,Bowflex Home Gyms,Bowflex Max Trainer,Un-Sourced,CAM28157 SALESFOLLOWUP,Call Center Internal,7/3/2017,7/7/2017,1,1449.00
45826161,Bowflex Home Gyms,Bowflex Max Trainer,Un-Sourced,CAM28157 SALESFOLLOWUP,Call Center Internal,7/3/2017,7/7/2017,0,129.00
45826171,Results Treadmill,Results Treadmill,Online Search,CAM50818 DOSG2BXTSL1,Web,7/3/2017,7/7/2017,0,1799.00
45826271,Bowflex Max Trainer,Bowflex Max Trainer,Online Search,CAM47150 DOSG2ESL9,Web,7/3/2017,7/7/2017,1,1999.00
45826271,Bowflex Max Trainer,Treadclimber,Online Search,CAM47150 DOSG2ESL9,Web,7/3/2017,7/7/2017,0,.00
45826371,Bowflex Brand,Bowflex Max Trainer,Electronic - UnSourced,CAM16616 DEGBFBHG,Web,7/3/2017,7/7/2017,1,999.00
45826777,Treadclimber,Bowflex Max Trainer,Online Search,CAM37440 dosg2tsl21,Web,7/3/2017,7/7/2017,1,999.00
45826979,Bowflex Brand,,Electronic - UnSourced,CAM49450 BOWWEB800,Call Center Internal,7/3/2017,7/7/2017,0,.00
45827185,Bowflex Max Trainer,Bowflex Max Trainer,Online Display,CAM50714 DODG2EDL3,Web,7/3/2017,7/7/2017,1,1999.00
45827185,Bowflex Max Trainer,Treadclimber,Online Display,CAM50714 DODG2EDL3,Web,7/3/2017,7/7/2017,0,.00
45827286,Bowflex Brand,Bowflex Max Trainer,Electronic - UnSourced,CAM16616 DEGBFBHG,Web,7/3/2017,7/7/2017,1,1999.00
45827286,Bowflex Brand,Treadclimber,Electronic - UnSourced,CAM16616 DEGBFBHG,Web,7/3/2017,7/7/2017,0,.00
45827486,Bowflex Brand,Bowflex Selecttech Dumbbells,Online Search,CAM30796 SAWDOSG2G,Call Center Internal,7/3/2017,7/7/2017,1,299.00
45827489,Bowflex Brand,Bowflex Home Gyms,Online Search,CAM37117 dosg2gsl27,Web,7/3/2017,7/7/2017,1,1199.00
45827489,Bowflex Brand,Bowflex Home Gyms,Online Search,CAM37117 dosg2gsl27,Web,7/3/2017,7/7/2017,0,99.00
45827489,Bowflex Brand,Bowflex Home Gyms,Online Search,CAM37117 dosg2gsl27,Web,7/3/2017,7/7/2017,0,14.99
45827489,Bowflex Brand,Bowflex Home Gyms,Online Search,CAM37117 dosg2gsl27,Web,7/3/2017,7/7/2017,0,139.99
45827793,Bowflex Max Trainer,Bowflex Max Trainer,Electronic - Short Form,CAM45798 DSEESF14H,Web,7/3/2017,7/7/2017,1,1999.00
45827793,Bowflex Max Trainer,Treadclimber,Electronic - Short Form,CAM45798 DSEESF14H,Web,7/3/2017,7/7/2017,0,.00
45827893,Bowflex Max Trainer,Bowflex Max Trainer,Online Search,CAM45729 DOSG2ESL6,Web,7/3/2017,7/7/2017,1,999.00
45828094,Bowflex Max Trainer,Bowflex Max Trainer,Online Shopping,CAM44887 dofg2efeed1,Web,7/3/2017,7/7/2017,1,2349.00
45828195,Bowflex Max Trainer,Bowflex Max Trainer,Online Search,CAM44497 dosg2esl1,Web,7/3/2017,7/7/2017,1,1999.00
45828195,Bowflex Max Trainer,Treadclimber,Online Search,CAM44497 dosg2esl1,Web,7/3/2017,7/7/2017,0,.00
45828195,Bowflex Max Trainer,Bowflex Max Trainer,Online Search,CAM44497 dosg2esl1,Web,7/3/2017,7/7/2017,0,169.00
45828397,Bowflex Max Trainer,Bowflex Max Trainer,Online Shopping,CAM44948 dofbiefeed1,Web,7/3/2017,7/7/2017,1,1999.00
45828397,Bowflex Max Trainer,Treadclimber,Online Shopping,CAM44948 dofbiefeed1,Web,7/3/2017,7/7/2017,0,.00
45828497,Bowflex Brand,Bowflex Max Trainer,Electronic - UnSourced,CAM16616 DEGBFBHG,Web,7/3/2017,7/7/2017,1,1999.00
45828497,Bowflex Brand,Treadclimber,Electronic - UnSourced,CAM16616 DEGBFBHG,Web,7/3/2017,7/7/2017,0,.00
45828597,Bowflex Brand,Bowflex HVT,Online Search,CAM30796 SAWDOSG2G,Call Center Internal,7/3/2017,7/7/2017,1,1799.00
45828597,Bowflex Brand,Bowflex HVT,Online Search,CAM30796 SAWDOSG2G,Call Center Internal,7/3/2017,7/7/2017,0,179.00
45828598,Bowflex Max Trainer,Bowflex Max Trainer,Online Search,CAM47150 DOSG2ESL9,Web,7/3/2017,7/7/2017,1,1449.00
45828598,Bowflex Max Trainer,Bowflex Max Trainer,Online Search,CAM47150 DOSG2ESL9,Web,7/3/2017,7/7/2017,0,169.00
45828598,Bowflex Max Trainer,Bowflex Max Trainer,Online Search,CAM47150 DOSG2ESL9,Web,7/3/2017,7/7/2017,0,169.00
45828698,Bowflex Brand,Bowflex Max Trainer,Electronic - UnSourced,CAM16616 DEGBFBHG,Web,7/3/2017,7/7/2017,1,1999.00
45828698,Bowflex Brand,Bowflex Max Trainer,Electronic - UnSourced,CAM16616 DEGBFBHG,Web,7/3/2017,7/7/2017,0,149.00
45828698,Bowflex Brand,Treadclimber,Electronic - UnSourced,CAM16616 DEGBFBHG,Web,7/3/2017,7/7/2017,0,.00
45828801,Bowflex Max Trainer,Bowflex Max Trainer,Online Search,CAM44497 dosg2esl1,Web,7/3/2017,7/7/2017,1,2349.00
45828901,Bowflex Max Trainer,Bowflex Max Trainer,Online Search,CAM44429 dosbiesl1,Web,7/3/2017,7/7/2017,1,1449.00
45828901,Bowflex Max Trainer,Bowflex Max Trainer,Online Search,CAM44429 dosbiesl1,Web,7/3/2017,7/7/2017,0,169.00
45829201,Bowflex Max Trainer,Bowflex Max Trainer,Online Shopping,CAM44887 dofg2efeed1,Web,7/3/2017,7/7/2017,1,1449.00
45829301,Bowflex Brand,Bowflex Home Gyms,Electronic - UnSourced,CAM16616 DEGBFBHG,Web,7/3/2017,7/7/2017,0,23.98
45829502,Bowflex Brand,Bowflex Max Trainer,Electronic - UnSourced,CAM16616 DEGBFBHG,Web,7/3/2017,7/7/2017,1,1999.00
45829502,Bowflex Brand,Treadclimber,Electronic - UnSourced,CAM16616 DEGBFBHG,Web,7/3/2017,7/7/2017,0,.00
45829602,Bowflex Max Trainer,Bowflex Max Trainer,Online Search,CAM45731 DOSBIESL6,Web,7/3/2017,7/7/2017,1,1999.00
45829602,Bowflex Max Trainer,Treadclimber,Online Search,CAM45731 DOSBIESL6,Web,7/3/2017,7/7/2017,0,.00
45829702,Treadclimber,Bowflex Max Trainer,Online Search,CAM32595 SAWDOSBIT,Call Center Internal,7/3/2017,7/7/2017,1,999.00
45829702,Treadclimber,Treadclimber,Online Search,CAM32595 SAWDOSBIT,Call Center Internal,7/3/2017,7/7/2017,0,99.00
45829703,Bowflex Max Trainer,Bowflex Max Trainer,Online Display,CAM50256 DODG2EDL1,Web,7/3/2017,7/7/2017,1,1449.00
45830303,Bowflex Max Trainer,Bowflex Max Trainer,Online Search,CAM44497 dosg2esl1,Web,7/3/2017,7/7/2017,1,999.00
45830503,Bowflex Max Trainer,Bowflex Max Trainer,Online Search,CAM44429 dosbiesl1,Web,7/3/2017,7/7/2017,1,1449.00
45830603,Bowflex Brand,Bowflex Selecttech Dumbbells,Electronic - UnSourced,CAM16616 DEGBFBHG,Web,7/3/2017,7/7/2017,1,549.00
45830703,Bowflex Catalog,Bowflex Max Trainer,Electronic - UnSourced,CAM127 1800BOWFLEX_BFC,Call Center Internal,7/3/2017,7/7/2017,1,1449.00
45830704,Bowflex Brand,Bowflex Max Trainer,Electronic - UnSourced,CAM16616 DEGBFBHG,Web,7/3/2017,7/7/2017,1,1449.00
45830704,Bowflex Brand,Bowflex Max Trainer,Electronic - UnSourced,CAM16616 DEGBFBHG,Web,7/3/2017,7/7/2017,0,169.00
45830804,Bowflex Brand,Bowflex Max Trainer,Electronic - UnSourced,CAM16616 DEGBFBHG,Web,7/3/2017,7/7/2017,1,1999.00
45830804,Bowflex Brand,Treadclimber,Electronic - UnSourced,CAM16616 DEGBFBHG,Web,7/3/2017,7/7/2017,0,.00
45830904,Bowflex Max Trainer,Bowflex Max Trainer,Short Form,CAM51521 WGNAN60*M350CTIC,Call Center Internal,7/3/2017,7/7/2017,1,1999.00
45830904,Bowflex Max Trainer,Treadclimber,Short Form,CAM51521 WGNAN60*M350CTIC,Call Center Internal,7/3/2017,7/7/2017,0,.00
45830904,Bowflex Max Trainer,Bowflex Max Trainer,Short Form,CAM51521 WGNAN60*M350CTIC,Call Center Internal,7/3/2017,7/7/2017,0,149.00
45831005,Bowflex Brand,Bowflex Max Trainer,Electronic - UnSourced,CAM16616 DEGBFBHG,Web,7/3/2017,7/7/2017,1,1449.00
45831105,Treadclimber,Treadclimber,Online Display,CAM35313 dodg2tdl1,Web,7/3/2017,7/7/2017,1,1599.00
45831305,Bowflex Brand,Bowflex Selecttech Dumbbells,Electronic - UnSourced,CAM16616 DEGBFBHG,Web,7/3/2017,7/7/2017,0,104.30
45831305,Bowflex Brand,Bowflex Selecttech Dumbbells,Electronic - UnSourced,CAM16616 DEGBFBHG,Web,7/3/2017,7/7/2017,0,139.30
45831305,Bowflex Brand,Bowflex Selecttech Dumbbells,Electronic - UnSourced,CAM16616 DEGBFBHG,Web,7/3/2017,7/7/2017,1,355.40
45831406,Bowflex Max Trainer,Bowflex Max Trainer,Online Search,CAM45730 DOSG2ESL7,Web,7/3/2017,7/7/2017,1,1449.00
45831406,Bowflex Max Trainer,Bowflex Max Trainer,Online Search,CAM45730 DOSG2ESL7,Web,7/3/2017,7/7/2017,0,169.00
45831506,Bowflex Max Trainer,Bowflex Max Trainer,Online Display,CAM50714 DODG2EDL3,Web,7/3/2017,7/7/2017,1,1749.00
45831506,Bowflex Max Trainer,Treadclimber,Online Display,CAM50714 DODG2EDL3,Web,7/3/2017,7/7/2017,0,108.99
45831706,Bowflex Max Trainer,Bowflex Max Trainer,Un-Sourced,CAM45327 1800MAXTRAINER,Call Center Internal,7/3/2017,7/7/2017,1,1449.00
45831706,Bowflex Max Trainer,Bowflex Max Trainer,Un-Sourced,CAM45327 1800MAXTRAINER,Call Center Internal,7/3/2017,7/7/2017,0,169.00
45831707,Bowflex Brand,Bowflex Selecttech Dumbbells,Electronic - UnSourced,CAM16616 DEGBFBHG,Web,7/3/2017,7/7/2017,1,355.40
45831707,Bowflex Brand,Bowflex Selecttech Dumbbells,Electronic - UnSourced,CAM16616 DEGBFBHG,Web,7/3/2017,7/7/2017,0,139.30
45831707,Bowflex Brand,Bowflex Selecttech Dumbbells,Electronic - UnSourced,CAM16616 DEGBFBHG,Web,7/3/2017,7/7/2017,0,104.30
45831907,Bowflex Brand,Bowflex Max Trainer,Electronic - UnSourced,CAM16616 DEGBFBHG,Web,7/3/2017,7/7/2017,1,999.00
45831907,Bowflex Brand,Bowflex Max Trainer,Electronic - UnSourced,CAM16616 DEGBFBHG,Web,7/3/2017,7/7/2017,0,169.00
45832007,Bowflex Brand,Bowflex Max Trainer,Online Search,CAM31081 dosg2gl1,Web,7/3/2017,7/7/2017,1,1999.00
45832007,Bowflex Brand,Bowflex Max Trainer,Online Search,CAM31081 dosg2gl1,Web,7/3/2017,7/7/2017,0,149.00
45832007,Bowflex Brand,Treadclimber,Online Search,CAM31081 dosg2gl1,Web,7/3/2017,7/7/2017,0,.00
45832107,Bowflex Brand,Bowflex Max Trainer,Online Search,CAM31081 dosg2gl1,Web,7/3/2017,7/7/2017,1,999.00
45832107,Bowflex Brand,Bowflex Max Trainer,Online Search,CAM31081 dosg2gl1,Web,7/3/2017,7/7/2017,0,169.00
45832308,Bowflex Brand,Bowflex Selecttech Dumbbells,Un-Sourced,CAM49456 BCARECREDIT,Call Center Internal,7/3/2017,7/7/2017,1,549.00
45832308,Bowflex Brand,Bowflex Selecttech Dumbbells,Un-Sourced,CAM49456 BCARECREDIT,Call Center Internal,7/3/2017,7/7/2017,0,139.00
45832309,Bowflex Brand,Bowflex Max Trainer,Online Search,CAM31081 dosg2gl1,Web,7/3/2017,7/7/2017,1,1449.00
45832409,Bowflex Brand,Bowflex Max Trainer,Electronic - UnSourced,CAM16616 DEGBFBHG,Web,7/3/2017,7/7/2017,1,1999.00
45832409,Bowflex Brand,Treadclimber,Electronic - UnSourced,CAM16616 DEGBFBHG,Web,7/3/2017,7/7/2017,0,.00
45832509,Bowflex Max Trainer,Bowflex Max Trainer,Online Search,CAM44497 dosg2esl1,Web,7/3/2017,7/7/2017,1,1449.00
45832509,Bowflex Max Trainer,Treadclimber,Online Search,CAM44497 dosg2esl1,Web,7/3/2017,7/7/2017,0,99.00
45832809,Bowflex Brand,Bowflex Home Gyms,Online Search,CAM30755 dosg2gsl1,Web,7/3/2017,7/7/2017,0,23.98
45832909,Bowflex Brand,Bowflex Max Trainer,Online Search,CAM31081 dosg2gl1,Web,7/3/2017,7/7/2017,1,1999.00
45832909,Bowflex Brand,Bowflex Max Trainer,Online Search,CAM31081 dosg2gl1,Web,7/3/2017,7/7/2017,0,209.00
45832909,Bowflex Brand,Treadclimber,Online Search,CAM31081 dosg2gl1,Web,7/3/2017,7/7/2017,0,.00
45833009,Bowflex Max Trainer,Bowflex Max Trainer,Online Search,CAM48984 DOSG2ESL11,Web,7/3/2017,7/7/2017,1,1449.00
45833209,Bowflex Brand,Treadclimber,Online Search,CAM31081 dosg2gl1,Web,7/3/2017,7/7/2017,1,1599.00
45833209,Bowflex Brand,Bowflex Selecttech Dumbbells,Online Search,CAM31081 dosg2gl1,Web,7/3/2017,7/7/2017,1,355.40
45833209,Bowflex Brand,Bowflex Selecttech Dumbbells,Online Search,CAM31081 dosg2gl1,Web,7/3/2017,7/7/2017,0,139.30
45833209,Bowflex Brand,Bowflex Selecttech Dumbbells,Online Search,CAM31081 dosg2gl1,Web,7/3/2017,7/7/2017,0,104.30
45833309,Bowflex Max Trainer,Bowflex Max Trainer,Online Search,CAM45730 DOSG2ESL7,Web,7/3/2017,7/7/2017,1,1449.00
45833509,Bowflex Max Trainer,Bowflex Max Trainer,Online Search,CAM45730 DOSG2ESL7,Web,7/3/2017,7/7/2017,1,1449.00
45833611,Bowflex Max Trainer,Bowflex Max Trainer,Online Search,CAM45729 DOSG2ESL6,Web,7/3/2017,7/7/2017,1,999.00
45833809,Bowflex Max Trainer,Bowflex Max Trainer,Online Display,CAM50714 DODG2EDL3,Web,7/3/2017,7/7/2017,1,1999.00
45833809,Bowflex Max Trainer,Bowflex Max Trainer,Online Display,CAM50714 DODG2EDL3,Web,7/3/2017,7/7/2017,0,209.00
45833809,Bowflex Max Trainer,Treadclimber,Online Display,CAM50714 DODG2EDL3,Web,7/3/2017,7/7/2017,0,.00
45833809,Bowflex Max Trainer,Bowflex Max Trainer,Online Display,CAM50714 DODG2EDL3,Web,7/3/2017,7/7/2017,0,169.00
45834109,Treadclimber,Treadclimber,Online Search,CAM37655 dosbitsl10,Web,7/3/2017,7/7/2017,1,2399.00
45834109,Treadclimber,Treadclimber,Online Search,CAM37655 dosbitsl10,Web,7/3/2017,7/7/2017,0,249.00
45834110,Bowflex Brand,Results Treadmill,Electronic - UnSourced,CAM16616 DEGBFBHG,Web,7/3/2017,7/7/2017,0,1799.00
45834110,Bowflex Brand,Bowflex HVT,Electronic - UnSourced,CAM16616 DEGBFBHG,Web,7/3/2017,7/7/2017,0,108.99
45834209,Bowflex Max Trainer,Bowflex Home Gyms,Online Shopping,CAM44887 dofg2efeed1,Web,7/3/2017,7/7/2017,1,1199.00
45834509,Bowflex Brand,Bowflex Home Gyms,Online Search,CAM39441 dosbigl1,Web,7/3/2017,7/7/2017,1,1199.00
45834609,Bowflex Brand,Bowflex Selecttech Dumbbells,Electronic - UnSourced,CAM16616 DEGBFBHG,Web,7/3/2017,7/7/2017,1,549.00
45834609,Bowflex Brand,Bowflex Selecttech Dumbbells,Electronic - UnSourced,CAM16616 DEGBFBHG,Web,7/3/2017,7/7/2017,0,199.00
45834809,Bowflex Brand,Bowflex Selecttech Dumbbells,Online Search,CAM31081 dosg2gl1,Web,7/3/2017,7/7/2017,1,355.40
45834809,Bowflex Brand,Bowflex Selecttech Dumbbells,Online Search,CAM31081 dosg2gl1,Web,7/3/2017,7/7/2017,0,139.30
45834809,Bowflex Brand,Bowflex Selecttech Dumbbells,Online Search,CAM31081 dosg2gl1,Web,7/3/2017,7/7/2017,0,104.30
45834909,Bowflex Brand,Bowflex Max Trainer,Electronic - UnSourced,CAM16616 DEGBFBHG,Web,7/3/2017,7/7/2017,1,1449.00
45834909,Bowflex Brand,Bowflex Max Trainer,Electronic - UnSourced,CAM16616 DEGBFBHG,Web,7/3/2017,7/7/2017,0,129.00
45835209,Bowflex Brand,Bowflex Max Trainer,Electronic - UnSourced,CAM16616 DEGBFBHG,Web,7/3/2017,7/7/2017,1,1999.00
45835209,Bowflex Brand,Treadclimber,Electronic - UnSourced,CAM16616 DEGBFBHG,Web,7/3/2017,7/7/2017,0,.00
45835509,Bowflex Max Trainer,Bowflex Max Trainer,Online Shopping,CAM44887 dofg2efeed1,Web,7/3/2017,7/7/2017,1,1449.00
45835509,Bowflex Max Trainer,Bowflex Max Trainer,Online Shopping,CAM44887 dofg2efeed1,Web,7/3/2017,7/7/2017,0,169.00
45835609,Bowflex Brand,Bowflex Home Gyms,Online Search,CAM31081 dosg2gl1,Web,7/3/2017,7/7/2017,1,1199.00
45835709,Bowflex Brand,Bowflex Max Trainer,Electronic - UnSourced,CAM16616 DEGBFBHG,Web,7/3/2017,7/7/2017,1,999.00
45835810,Bowflex Brand,Bowflex Max Trainer,Online Search,CAM31081 dosg2gl1,Web,7/3/2017,7/7/2017,1,1999.00
45835810,Bowflex Brand,Bowflex Max Trainer,Online Search,CAM31081 dosg2gl1,Web,7/3/2017,7/7/2017,0,149.00
45835810,Bowflex Brand,Treadclimber,Online Search,CAM31081 dosg2gl1,Web,7/3/2017,7/7/2017,0,.00
45836009,Bowflex Max Trainer,Bowflex Max Trainer,Online Shopping,CAM44887 dofg2efeed1,Web,7/3/2017,7/7/2017,1,1449.00
45836009,Bowflex Max Trainer,Bowflex Max Trainer,Online Shopping,CAM44887 dofg2efeed1,Web,7/3/2017,7/7/2017,0,169.00
45836109,Bowflex Max Trainer,Results Elliptical,Online Search,CAM47152 DOSBIESL8,Web,7/3/2017,7/7/2017,0,1847.00
45836109,Bowflex Max Trainer,Results Elliptical,Online Search,CAM47152 DOSBIESL8,Web,7/3/2017,7/7/2017,0,169.00
45836309,Bowflex Max Trainer,Bowflex Max Trainer,Online Search,CAM44497 dosg2esl1,Web,7/3/2017,7/8/2017,1,1449.00
45836309,Bowflex Max Trainer,Bowflex Max Trainer,Online Search,CAM44497 dosg2esl1,Web,7/3/2017,7/8/2017,0,169.00
45836409,Bowflex Brand,Bowflex Max Trainer,Electronic - UnSourced,CAM16616 DEGBFBHG,Web,7/3/2017,7/8/2017,1,1958.00
45836409,Bowflex Brand,Bowflex Max Trainer,Electronic - UnSourced,CAM16616 DEGBFBHG,Web,7/3/2017,7/8/2017,0,129.00
45836509,Bowflex Brand,Treadclimber,Online Search,CAM31081 dosg2gl1,Web,7/3/2017,7/8/2017,1,1599.00
45836609,Bowflex Brand,Results Treadmill,Online Search,CAM31081 dosg2gl1,Web,7/3/2017,7/8/2017,0,1799.00
45836709,Bowflex Brand,Bowflex Max Trainer,Online Search,CAM39441 dosbigl1,Web,7/3/2017,7/8/2017,1,1999.00
45836709,Bowflex Brand,Treadclimber,Online Search,CAM39441 dosbigl1,Web,7/3/2017,7/8/2017,0,.00
45836809,Bowflex Brand,Bowflex Max Trainer,Electronic - UnSourced,CAM16616 DEGBFBHG,Web,7/3/2017,7/8/2017,1,1449.00
45836909,Bowflex Max Trainer,Bowflex Max Trainer,Online Search,CAM44497 dosg2esl1,Web,7/3/2017,7/8/2017,1,1449.00
45836909,Bowflex Max Trainer,Bowflex Max Trainer,Online Search,CAM44497 dosg2esl1,Web,7/3/2017,7/8/2017,0,169.00
45837109,Bowflex Brand,Bowflex Home Gyms,Online Search,CAM37117 dosg2gsl27,Web,7/3/2017,7/8/2017,1,1199.00
45837110,Bowflex Brand,Bowflex HVT,Electronic - UnSourced,CAM16616 DEGBFBHG,Web,7/3/2017,7/8/2017,1,1799.00
45837110,Bowflex Brand,Bowflex HVT,Electronic - UnSourced,CAM16616 DEGBFBHG,Web,7/3/2017,7/8/2017,0,179.00
45837110,Bowflex Brand,Bowflex HVT,Electronic - UnSourced,CAM16616 DEGBFBHG,Web,7/3/2017,7/8/2017,0,249.00
45837209,Bowflex Home Gyms,Bowflex Home Gyms,Online Shopping,CAM32080 SAWDOFG2G,Call Center Internal,7/3/2017,7/8/2017,1,1199.00
45837209,Bowflex Home Gyms,Bowflex Home Gyms,Online Shopping,CAM32080 SAWDOFG2G,Call Center Internal,7/3/2017,7/8/2017,0,99.00
45837209,Bowflex Home Gyms,Bowflex Home Gyms,Online Shopping,CAM32080 SAWDOFG2G,Call Center Internal,7/3/2017,7/8/2017,0,299.00
45837310,Bowflex Brand,Treadclimber,Electronic - UnSourced,CAM16616 DEGBFBHG,Web,7/3/2017,7/8/2017,0,18.98
45837611,Bowflex Max Trainer,Bowflex Max Trainer,Short Form,CAM51536 FOXNN60*M350STIC,Call Center Internal,7/3/2017,7/8/2017,1,1449.00
45837612,Bowflex Home Gyms,Bowflex Revolution,Un-Sourced,CAM28157 SALESFOLLOWUP,Call Center Internal,7/3/2017,7/8/2017,1,2599.00
45837612,Bowflex Home Gyms,Bowflex Home Gyms,Un-Sourced,CAM28157 SALESFOLLOWUP,Call Center Internal,7/3/2017,7/8/2017,0,39.99
45837612,Bowflex Home Gyms,Bowflex Home Gyms,Un-Sourced,CAM28157 SALESFOLLOWUP,Call Center Internal,7/3/2017,7/8/2017,0,34.99
45837612,Bowflex Home Gyms,Bowflex Catalog,Un-Sourced,CAM28157 SALESFOLLOWUP,Call Center Internal,7/3/2017,7/8/2017,0,40.00
45837612,Bowflex Home Gyms,Treadclimber,Un-Sourced,CAM28157 SALESFOLLOWUP,Call Center Internal,7/3/2017,7/8/2017,0,70.00
45837612,Bowflex Home Gyms,Bowflex Home Gyms,Un-Sourced,CAM28157 SALESFOLLOWUP,Call Center Internal,7/3/2017,7/8/2017,0,29.95
45837612,Bowflex Home Gyms,Bowflex Catalog,Un-Sourced,CAM28157 SALESFOLLOWUP,Call Center Internal,7/3/2017,7/8/2017,0,49.99
45837613,Bowflex Brand,Bowflex Max Trainer,Electronic - UnSourced,CAM49450 BOWWEB800,Call Center Internal,7/3/2017,7/8/2017,1,943.00
45837614,Treadclimber,Bowflex Max Trainer,Electronic - Print,CAM38406 SAWDPETPRINT12F,Call Center Internal,7/3/2017,7/8/2017,1,1999.00
45837614,Treadclimber,Treadclimber,Electronic - Print,CAM38406 SAWDPETPRINT12F,Call Center Internal,7/3/2017,7/8/2017,0,.00
45837614,Treadclimber,Bowflex Max Trainer,Electronic - Print,CAM38406 SAWDPETPRINT12F,Call Center Internal,7/3/2017,7/8/2017,0,149.00
45837615,Bowflex Home Gyms,Bowflex Max Trainer,Un-Sourced,CAM28157 SALESFOLLOWUP,Call Center Internal,7/3/2017,7/8/2017,1,1999.00
45837615,Bowflex Home Gyms,Treadclimber,Un-Sourced,CAM28157 SALESFOLLOWUP,Call Center Internal,7/3/2017,7/8/2017,0,.00
45837616,Bowflex Home Gyms,Treadclimber,Un-Sourced,CAM28157 SALESFOLLOWUP,Call Center Internal,7/3/2017,7/8/2017,1,1599.00
45837616,Bowflex Home Gyms,Treadclimber,Un-Sourced,CAM28157 SALESFOLLOWUP,Call Center Internal,7/3/2017,7/8/2017,0,14.99
45837617,Bowflex Home Gyms,Results Treadmill,Un-Sourced,CAM40821 1800BOWFLEX,Call Center Internal,7/3/2017,7/8/2017,0,1799.00
45837721,Bowflex Brand,Bowflex Max Trainer,Online Search,CAM30796 SAWDOSG2G,Call Center Internal,7/3/2017,7/8/2017,1,1449.00
45837726,Bowflex Max Trainer,Bowflex HVT,Short Form,CAM51523 IFC*N60*M350STIC,Call Center Internal,7/3/2017,7/8/2017,1,1259.30
45837726,Bowflex Max Trainer,Treadclimber,Short Form,CAM51523 IFC*N60*M350STIC,Call Center Internal,7/3/2017,7/8/2017,0,69.30
45837726,Bowflex Max Trainer,Bowflex HVT,Short Form,CAM51523 IFC*N60*M350STIC,Call Center Internal,7/3/2017,7/8/2017,0,179.00
45838028,Bowflex Brand,Bowflex Max Trainer,Online Search,CAM31081 dosg2gl1,Web,7/3/2017,7/8/2017,1,1999.00
45838028,Bowflex Brand,Treadclimber,Online Search,CAM31081 dosg2gl1,Web,7/3/2017,7/8/2017,0,.00
45838128,Bowflex Max Trainer,Bowflex Max Trainer,Online Search,CAM44497 dosg2esl1,Web,7/3/2017,7/8/2017,1,1449.00
45838228,Bowflex Brand,Bowflex Max Trainer,Electronic - UnSourced,CAM16616 DEGBFBHG,Web,7/3/2017,7/8/2017,1,1449.00
45838229,Bowflex Brand,Bowflex Max Trainer,Electronic - UnSourced,CAM16616 DEGBFBHG,Web,7/3/2017,7/8/2017,1,2349.00
45838528,Bowflex Brand,Bowflex Home Gyms,Online Search,CAM31081 dosg2gl1,Web,7/3/2017,7/8/2017,1,1199.00
45838528,Bowflex Brand,Bowflex Home Gyms,Online Search,CAM31081 dosg2gl1,Web,7/3/2017,7/8/2017,0,99.00
45838528,Bowflex Brand,Bowflex Home Gyms,Online Search,CAM31081 dosg2gl1,Web,7/3/2017,7/8/2017,0,139.99
45838528,Bowflex Brand,Bowflex Home Gyms,Online Search,CAM31081 dosg2gl1,Web,7/3/2017,7/8/2017,0,34.99
45838528,Bowflex Brand,Bowflex Home Gyms,Online Search,CAM31081 dosg2gl1,Web,7/3/2017,7/8/2017,0,299.00
45838628,Bowflex Brand,Bowflex HVT,Electronic - UnSourced,CAM16616 DEGBFBHG,Web,7/3/2017,7/8/2017,1,1799.00
45838728,Bowflex Max Trainer,Bowflex Max Trainer,Online Display,CAM50256 DODG2EDL1,Web,7/3/2017,7/8/2017,1,1449.00
45838828,Bowflex Max Trainer,Bowflex HVT,Short Form,CAM51515 PURSN60*M350CTIC,Call Center Internal,7/3/2017,7/8/2017,1,1799.00
45838828,Bowflex Max Trainer,Bowflex HVT,Short Form,CAM51515 PURSN60*M350CTIC,Call Center Internal,7/3/2017,7/8/2017,0,249.00
45838828,Bowflex Max Trainer,Bowflex HVT,Short Form,CAM51515 PURSN60*M350CTIC,Call Center Internal,7/3/2017,7/8/2017,0,179.00
45838831,Bowflex Max Trainer,Bowflex Max Trainer,Online Search,CAM44497 dosg2esl1,Web,7/3/2017,7/8/2017,1,999.00
45838931,Bowflex Home Gyms,Bowflex Max Trainer,Un-Sourced,CAM28157 SALESFOLLOWUP,Call Center Internal,7/3/2017,7/8/2017,1,1999.00
45838931,Bowflex Home Gyms,Treadclimber,Un-Sourced,CAM28157 SALESFOLLOWUP,Call Center Internal,7/3/2017,7/8/2017,0,.00
45838931,Bowflex Home Gyms,Bowflex Max Trainer,Un-Sourced,CAM28157 SALESFOLLOWUP,Call Center Internal,7/3/2017,7/8/2017,0,209.00
45838933,Bowflex Max Trainer,Bowflex Max Trainer,Online Search,CAM45730 DOSG2ESL7,Web,7/3/2017,7/8/2017,1,1449.00
45839033,Bowflex HVT,Bowflex HVT,Online Display,CAM50802 DODG2HDL2,Web,7/3/2017,7/8/2017,1,1799.00
45839033,Bowflex HVT,Bowflex HVT,Online Display,CAM50802 DODG2HDL2,Web,7/3/2017,7/8/2017,0,99.00
45839033,Bowflex HVT,Bowflex HVT,Online Display,CAM50802 DODG2HDL2,Web,7/3/2017,7/8/2017,0,249.00
45839234,Bowflex Max Trainer,Bowflex Max Trainer,Online Shopping,CAM44887 dofg2efeed1,Web,7/3/2017,7/8/2017,1,1449.00
45839334,Bowflex Brand,Bowflex Max Trainer,Electronic - UnSourced,CAM16616 DEGBFBHG,Web,7/3/2017,7/8/2017,1,1999.00
45839334,Bowflex Brand,Bowflex Max Trainer,Electronic - UnSourced,CAM16616 DEGBFBHG,Web,7/3/2017,7/8/2017,0,149.00
45839334,Bowflex Brand,Treadclimber,Electronic - UnSourced,CAM16616 DEGBFBHG,Web,7/3/2017,7/8/2017,0,.00
45839334,Bowflex Brand,Bowflex Max Trainer,Electronic - UnSourced,CAM16616 DEGBFBHG,Web,7/3/2017,7/8/2017,0,169.00
45839434,Bowflex Brand,Bowflex Selecttech Dumbbells,Electronic - UnSourced,CAM16616 DEGBFBHG,Web,7/3/2017,7/8/2017,0,104.30
45839434,Bowflex Brand,Bowflex Selecttech Dumbbells,Electronic - UnSourced,CAM16616 DEGBFBHG,Web,7/3/2017,7/8/2017,1,355.40
45839434,Bowflex Brand,Bowflex Selecttech Dumbbells,Electronic - UnSourced,CAM16616 DEGBFBHG,Web,7/3/2017,7/8/2017,0,139.30
45839634,Bowflex Brand,Bowflex Max Trainer,Online Search,CAM31081 dosg2gl1,Web,7/3/2017,7/8/2017,1,1449.00
45840034,Treadclimber,Treadclimber,Un-Sourced,CAM40825 1800TREADCLIMBER,Call Center Internal,7/3/2017,7/8/2017,1,2399.00
45840034,Treadclimber,Treadclimber,Un-Sourced,CAM40825 1800TREADCLIMBER,Call Center Internal,7/3/2017,7/8/2017,0,99.00
45840034,Treadclimber,Treadclimber,Un-Sourced,CAM40825 1800TREADCLIMBER,Call Center Internal,7/3/2017,7/8/2017,0,299.00
45840034,Treadclimber,Treadclimber,Un-Sourced,CAM40825 1800TREADCLIMBER,Call Center Internal,7/3/2017,7/8/2017,0,29.98
45840034,Treadclimber,Treadclimber,Un-Sourced,CAM40825 1800TREADCLIMBER,Call Center Internal,7/3/2017,7/8/2017,0,249.00
45840035,Bowflex Selecttech Dumbbells,Bowflex Selecttech Dumbbells,Online Shopping,CAM32061 dofg2dfeed1,Web,7/3/2017,7/8/2017,1,299.00
45840135,Bowflex Brand,Bowflex Max Trainer,Electronic - UnSourced,CAM16616 DEGBFBHG,Web,7/3/2017,7/8/2017,1,1449.00
45840235,Bowflex Selecttech Dumbbells,Bowflex Selecttech Dumbbells,Online Display,CAM34643 dodg2ddl1,Web,7/3/2017,7/8/2017,1,249.00
45840335,Bowflex Brand,Bowflex Home Gyms,Online Search,CAM30796 SAWDOSG2G,Call Center Internal,7/3/2017,7/8/2017,1,1199.00
45840335,Bowflex Brand,Bowflex Home Gyms,Online Search,CAM30796 SAWDOSG2G,Call Center Internal,7/3/2017,7/8/2017,0,99.00
45840335,Bowflex Brand,Bowflex Home Gyms,Online Search,CAM30796 SAWDOSG2G,Call Center Internal,7/3/2017,7/8/2017,0,34.99
45840436,Bowflex Brand,Bowflex Home Gyms,Online Search,CAM30755 dosg2gsl1,Web,7/3/2017,7/8/2017,1,1199.00
45840436,Bowflex Brand,Bowflex Selecttech Dumbbells,Online Search,CAM30755 dosg2gsl1,Web,7/3/2017,7/8/2017,0,139.30
45840436,Bowflex Brand,Bowflex Selecttech Dumbbells,Online Search,CAM30755 dosg2gsl1,Web,7/3/2017,7/8/2017,1,355.40
45840436,Bowflex Brand,Bowflex Selecttech Dumbbells,Online Search,CAM30755 dosg2gsl1,Web,7/3/2017,7/8/2017,0,104.30
45840836,Bowflex Home Gyms,Bowflex Max Trainer,Un-Sourced,CAM28157 SALESFOLLOWUP,Call Center Internal,7/3/2017,7/8/2017,1,1549.00
45840837,Bowflex Max Trainer,Bowflex Max Trainer,Un-Sourced,CAM45327 1800MAXTRAINER,Call Center Internal,7/3/2017,7/8/2017,1,935.00
45840938,Bowflex Brand,Bowflex Selecttech Dumbbells,Electronic - UnSourced,CAM16616 DEGBFBHG,Web,7/3/2017,7/8/2017,1,299.00
45841038,Treadclimber,Treadclimber,Un-Sourced,CAM40825 1800TREADCLIMBER,Call Center Internal,7/3/2017,7/8/2017,1,1599.00
45841038,Treadclimber,Treadclimber,Un-Sourced,CAM40825 1800TREADCLIMBER,Call Center Internal,7/3/2017,7/8/2017,0,14.99
45841038,Treadclimber,Treadclimber,Un-Sourced,CAM40825 1800TREADCLIMBER,Call Center Internal,7/3/2017,7/8/2017,0,199.00
45841038,Treadclimber,Treadclimber,Un-Sourced,CAM40825 1800TREADCLIMBER,Call Center Internal,7/3/2017,7/8/2017,0,249.00
45841139,Bowflex Max Trainer,Bowflex Max Trainer,Online Social,CAM47987 DOXFBESCL001,Web,7/3/2017,7/8/2017,1,1449.00
45841239,Bowflex Brand,Bowflex Max Trainer,Online Search,CAM31081 dosg2gl1,Web,7/3/2017,7/8/2017,1,1449.00
45841239,Bowflex Brand,Bowflex Max Trainer,Online Search,CAM31081 dosg2gl1,Web,7/3/2017,7/8/2017,0,129.00
45841239,Bowflex Brand,Bowflex Max Trainer,Online Search,CAM31081 dosg2gl1,Web,7/3/2017,7/8/2017,0,169.00
45841439,Bowflex Home Gyms,Bowflex Home Gyms,Online Shopping,CAM32062 dofg2gfeed1,Web,7/3/2017,7/8/2017,1,1199.00
45841439,Bowflex Home Gyms,Bowflex Selecttech Dumbbells,Online Shopping,CAM32062 dofg2gfeed1,Web,7/3/2017,7/8/2017,1,299.00
45841439,Bowflex Home Gyms,Bowflex Home Gyms,Online Shopping,CAM32062 dofg2gfeed1,Web,7/3/2017,7/8/2017,0,99.00
45841639,Bowflex Selecttech Dumbbells,Bowflex Selecttech Dumbbells,Online Shopping,CAM32061 dofg2dfeed1,Web,7/3/2017,7/8/2017,1,299.00
45841639,Bowflex Selecttech Dumbbells,Bowflex Selecttech Dumbbells,Online Shopping,CAM32061 dofg2dfeed1,Web,7/3/2017,7/8/2017,0,29.00
45841940,Bowflex Max Trainer,Bowflex Max Trainer,Online Display,CAM50714 DODG2EDL3,Web,7/3/2017,7/8/2017,1,1999.00
45841940,Bowflex Max Trainer,Treadclimber,Online Display,CAM50714 DODG2EDL3,Web,7/3/2017,7/8/2017,0,.00
45842040,Bowflex Brand,Bowflex Home Gyms,Electronic - UnSourced,CAM16616 DEGBFBHG,Call Center Internal,7/3/2017,7/8/2017,1,1199.00
45842040,Bowflex Brand,Bowflex Home Gyms,Electronic - UnSourced,CAM16616 DEGBFBHG,Call Center Internal,7/3/2017,7/8/2017,0,99.00
45842041,Bowflex Brand,Bowflex Max Trainer,Electronic - UnSourced,CAM49450 BOWWEB800,Call Center Internal,7/3/2017,7/8/2017,1,1999.00
45842041,Bowflex Brand,Treadclimber,Electronic - UnSourced,CAM49450 BOWWEB800,Call Center Internal,7/3/2017,7/8/2017,0,.00
45842041,Bowflex Brand,Bowflex Max Trainer,Electronic - UnSourced,CAM49450 BOWWEB800,Call Center Internal,7/3/2017,7/8/2017,0,209.00
45842042,Bowflex Brand,Bowflex Max Trainer,Electronic - UnSourced,CAM16616 DEGBFBHG,Web,7/3/2017,7/8/2017,1,1449.00
45842042,Bowflex Brand,Bowflex Max Trainer,Electronic - UnSourced,CAM16616 DEGBFBHG,Web,7/3/2017,7/8/2017,0,169.00
45842142,Bowflex Max Trainer,Bowflex Max Trainer,Online Search,CAM45730 DOSG2ESL7,Web,7/3/2017,7/8/2017,1,1449.00
45842142,Bowflex Max Trainer,Bowflex Max Trainer,Online Search,CAM45730 DOSG2ESL7,Web,7/3/2017,7/8/2017,0,129.00
45842242,Bowflex Max Trainer,Bowflex Max Trainer,Electronic - UnSourced,CAM44626 1800BOWFLEX_BMT,Call Center Internal,7/3/2017,7/8/2017,1,1449.00
45842243,Bowflex Max Trainer,Bowflex Max Trainer,Short Form,CAM51517 SPKEN60*M350CTIC,Call Center Internal,7/3/2017,7/8/2017,1,1999.00
45842243,Bowflex Max Trainer,Treadclimber,Short Form,CAM51517 SPKEN60*M350CTIC,Call Center Internal,7/3/2017,7/8/2017,0,.00
45842243,Bowflex Max Trainer,Bowflex Max Trainer,Short Form,CAM51517 SPKEN60*M350CTIC,Call Center Internal,7/3/2017,7/8/2017,0,149.00
45842344,Bowflex Max Trainer,Bowflex Max Trainer,Online Display,CAM50256 DODG2EDL1,Web,7/3/2017,7/8/2017,1,1999.00
45842344,Bowflex Max Trainer,Treadclimber,Online Display,CAM50256 DODG2EDL1,Web,7/3/2017,7/8/2017,0,.00
45842344,Bowflex Max Trainer,Bowflex Max Trainer,Online Display,CAM50256 DODG2EDL1,Web,7/3/2017,7/8/2017,0,169.00
45842345,Bowflex Max Trainer,Bowflex Max Trainer,Online Shopping,CAM44887 dofg2efeed1,Web,7/3/2017,7/8/2017,1,1999.00
45842345,Bowflex Max Trainer,Treadclimber,Online Shopping,CAM44887 dofg2efeed1,Web,7/3/2017,7/8/2017,0,.00
45842444,Treadclimber,Treadclimber,Online Search,CAM37440 dosg2tsl21,Web,7/3/2017,7/8/2017,0,18.98
45842544,Bowflex Home Gyms,Bowflex Max Trainer,Un-Sourced,CAM28157 SALESFOLLOWUP,Call Center Internal,7/3/2017,7/8/2017,1,1449.00
45842544,Bowflex Home Gyms,Bowflex Max Trainer,Un-Sourced,CAM28157 SALESFOLLOWUP,Call Center Internal,7/3/2017,7/8/2017,0,169.00
45842544,Bowflex Home Gyms,Treadclimber,Un-Sourced,CAM28157 SALESFOLLOWUP,Call Center Internal,7/3/2017,7/8/2017,0,.00
45842544,Bowflex Home Gyms,Bowflex Max Trainer,Un-Sourced,CAM28157 SALESFOLLOWUP,Call Center Internal,7/3/2017,7/8/2017,0,129.00
45842647,Bowflex Brand,Bowflex Selecttech Dumbbells,Online Search,CAM31081 dosg2gl1,Web,7/3/2017,7/8/2017,1,549.00
45842647,Bowflex Brand,Bowflex Selecttech Dumbbells,Online Search,CAM31081 dosg2gl1,Web,7/3/2017,7/8/2017,0,199.00
45842746,Bowflex Brand,Bowflex Max Trainer,Online Search,CAM31081 dosg2gl1,Web,7/3/2017,7/8/2017,1,2349.00
45842746,Bowflex Brand,Treadclimber,Online Search,CAM31081 dosg2gl1,Web,7/3/2017,7/8/2017,0,108.99
45842746,Bowflex Brand,Bowflex Selecttech Dumbbells,Online Search,CAM31081 dosg2gl1,Web,7/3/2017,7/8/2017,0,228.99
45842746,Bowflex Brand,Bowflex Catalog,Online Search,CAM31081 dosg2gl1,Web,7/3/2017,7/8/2017,0,16.98
45842746,Bowflex Brand,Bowflex Catalog,Online Search,CAM31081 dosg2gl1,Web,7/3/2017,7/8/2017,0,16.98
45842746,Bowflex Brand,Bowflex Home Gyms,Online Search,CAM31081 dosg2gl1,Web,7/3/2017,7/8/2017,0,108.99
45842746,Bowflex Brand,Bowflex Home Gyms,Online Search,CAM31081 dosg2gl1,Web,7/3/2017,7/8/2017,0,67.92
45842746,Bowflex Brand,Bowflex Selecttech Dumbbells,Online Search,CAM31081 dosg2gl1,Web,7/3/2017,7/8/2017,1,499.00
45842746,Bowflex Brand,Bowflex Selecttech Dumbbells,Online Search,CAM31081 dosg2gl1,Web,7/3/2017,7/8/2017,0,169.00
45842746,Bowflex Brand,Bowflex Max Trainer,Online Search,CAM31081 dosg2gl1,Web,7/3/2017,7/8/2017,0,169.00
45842846,Bowflex Max Trainer,Bowflex HVT,Short Form,CAM51517 SPKEN60*M350CTIC,Call Center Internal,7/3/2017,7/8/2017,1,1799.00
45842846,Bowflex Max Trainer,Bowflex HVT,Short Form,CAM51517 SPKEN60*M350CTIC,Call Center Internal,7/3/2017,7/8/2017,0,99.00
45842848,Bowflex Brand,Bowflex HVT,Electronic - UnSourced,CAM49450 BOWWEB800,Call Center Internal,7/3/2017,7/8/2017,1,1799.00
45842848,Bowflex Brand,Bowflex HVT,Electronic - UnSourced,CAM49450 BOWWEB800,Call Center Internal,7/3/2017,7/8/2017,0,179.00
45842849,Bowflex Home Gyms,Bowflex Max Trainer,Un-Sourced,CAM28157 SALESFOLLOWUP,Call Center Internal,7/3/2017,7/8/2017,1,1982.00
45842849,Bowflex Home Gyms,Treadclimber,Un-Sourced,CAM28157 SALESFOLLOWUP,Call Center Internal,7/3/2017,7/8/2017,0,.00
45842849,Bowflex Home Gyms,Bowflex Max Trainer,Un-Sourced,CAM28157 SALESFOLLOWUP,Call Center Internal,7/3/2017,7/8/2017,0,149.00
45842849,Bowflex Home Gyms,Bowflex Max Trainer,Un-Sourced,CAM28157 SALESFOLLOWUP,Call Center Internal,7/3/2017,7/8/2017,0,169.00
45842950,Treadclimber,Treadclimber,Online Search,CAM49424 DOSG2T,Call Center Internal,7/3/2017,7/8/2017,1,2399.00
45842950,Treadclimber,Treadclimber,Online Search,CAM49424 DOSG2T,Call Center Internal,7/3/2017,7/8/2017,0,199.00
45842950,Treadclimber,Treadclimber,Online Search,CAM49424 DOSG2T,Call Center Internal,7/3/2017,7/8/2017,0,14.99
45843051,Bowflex Max Trainer,Bowflex Max Trainer,Electronic - Short Form,CAM45798 DSEESF14H,Web,7/3/2017,7/8/2017,1,1999.00
45843051,Bowflex Max Trainer,Treadclimber,Electronic - Short Form,CAM45798 DSEESF14H,Web,7/3/2017,7/8/2017,0,.00
45843151,Bowflex Brand,Bowflex Max Trainer,Electronic - UnSourced,CAM16616 DEGBFBHG,Web,7/3/2017,7/8/2017,1,999.00
45843151,Bowflex Brand,Bowflex Max Trainer,Electronic - UnSourced,CAM16616 DEGBFBHG,Web,7/3/2017,7/8/2017,0,169.00
45843351,Bowflex Max Trainer,Bowflex Max Trainer,Online Search,CAM45730 DOSG2ESL7,Web,7/3/2017,7/8/2017,1,1999.00
45843351,Bowflex Max Trainer,Treadclimber,Online Search,CAM45730 DOSG2ESL7,Web,7/3/2017,7/8/2017,0,.00
45843352,Bowflex Brand,Treadclimber,Electronic - UnSourced,CAM16616 DEGBFBHG,Web,7/3/2017,7/8/2017,1,1599.00
45843451,Bowflex Max Trainer,Bowflex Max Trainer,Short Form,CAM51502 GRITN60*M350CTIC,Call Center Internal,7/3/2017,7/8/2017,1,1449.00
45843452,Bowflex Max Trainer,Bowflex Max Trainer,Short Form,CAM51498 DISAN60*M350CTIC,Call Center Internal,7/3/2017,7/8/2017,1,1549.00
45843454,Bowflex Home Gyms,Bowflex HVT,Un-Sourced,CAM40821 1800BOWFLEX,Call Center Internal,7/3/2017,7/8/2017,1,1799.00
45843454,Bowflex Home Gyms,Bowflex HVT,Un-Sourced,CAM40821 1800BOWFLEX,Call Center Internal,7/3/2017,7/8/2017,0,179.00
45843455,Bowflex Max Trainer,Bowflex Max Trainer,Online Search,CAM44497 dosg2esl1,Web,7/3/2017,7/8/2017,1,1449.00
45843655,Bowflex Max Trainer,Bowflex Max Trainer,Short Form,CAM51526 BRNGN60*M350STIC,Call Center Internal,7/3/2017,7/8/2017,1,1449.00
45843655,Bowflex Max Trainer,Treadclimber,Short Form,CAM51526 BRNGN60*M350STIC,Call Center Internal,7/3/2017,7/8/2017,0,.00
45843656,Bowflex Max Trainer,Bowflex Max Trainer,Online Display,CAM50256 DODG2EDL1,Web,7/3/2017,7/8/2017,1,1449.00
45843756,Bowflex Home Gyms,Bowflex Max Trainer,Un-Sourced,CAM28157 SALESFOLLOWUP,Call Center Internal,7/3/2017,7/8/2017,1,1449.00
45843757,Bowflex Home Gyms,Bowflex Home Gyms,Online Shopping,CAM32062 dofg2gfeed1,Web,7/3/2017,7/8/2017,1,1768.99
45843757,Bowflex Home Gyms,Bowflex Home Gyms,Online Shopping,CAM32062 dofg2gfeed1,Web,7/3/2017,7/8/2017,0,229.98
45843757,Bowflex Home Gyms,Bowflex Home Gyms,Online Shopping,CAM32062 dofg2gfeed1,Web,7/3/2017,7/8/2017,0,109.99
45843757,Bowflex Home Gyms,Bowflex Home Gyms,Online Shopping,CAM32062 dofg2gfeed1,Web,7/3/2017,7/8/2017,0,23.98
45843757,Bowflex Home Gyms,Bowflex Home Gyms,Online Shopping,CAM32062 dofg2gfeed1,Web,7/3/2017,7/8/2017,0,164.98
45843757,Bowflex Home Gyms,Bowflex Home Gyms,Online Shopping,CAM32062 dofg2gfeed1,Web,7/3/2017,7/8/2017,0,49.98
45843757,Bowflex Home Gyms,Bowflex Home Gyms,Online Shopping,CAM32062 dofg2gfeed1,Web,7/3/2017,7/8/2017,0,44.98
45843857,Bowflex Selecttech Dumbbells,Bowflex Selecttech Dumbbells,Un-Sourced,CAM40819 1800SELECTTECH,Call Center Internal,7/3/2017,7/8/2017,1,549.00
45843858,Bowflex Selecttech Dumbbells,Bowflex Selecttech Dumbbells,Un-Sourced,CAM40819 1800SELECTTECH,Call Center Internal,7/3/2017,7/8/2017,1,355.40
45843858,Bowflex Selecttech Dumbbells,Bowflex Selecttech Dumbbells,Un-Sourced,CAM40819 1800SELECTTECH,Call Center Internal,7/3/2017,7/8/2017,0,104.30
45843858,Bowflex Selecttech Dumbbells,Bowflex Selecttech Dumbbells,Un-Sourced,CAM40819 1800SELECTTECH,Call Center Internal,7/3/2017,7/8/2017,0,139.30
45843859,Bowflex Brand,Bowflex Max Trainer,Online Search,CAM31081 dosg2gl1,Web,7/3/2017,7/8/2017,1,999.00
45843959,Bowflex Brand,Treadclimber,Online Search,CAM31081 dosg2gl1,Web,7/3/2017,7/8/2017,1,1599.00
45844059,Bowflex Brand,Bowflex Max Trainer,Electronic - UnSourced,CAM49450 BOWWEB800,Call Center Internal,7/3/2017,7/8/2017,1,1999.00
45844059,Bowflex Brand,Treadclimber,Electronic - UnSourced,CAM49450 BOWWEB800,Call Center Internal,7/3/2017,7/8/2017,0,.00
45844060,Treadclimber,Bowflex Max Trainer,Online Search,CAM37440 dosg2tsl21,Web,7/3/2017,7/8/2017,1,1449.00
45844061,Bowflex Max Trainer,Bowflex Max Trainer,Online Search,CAM44497 dosg2esl1,Web,7/3/2017,7/8/2017,1,1999.00
45844061,Bowflex Max Trainer,Treadclimber,Online Search,CAM44497 dosg2esl1,Web,7/3/2017,7/8/2017,0,.00
45844160,Bowflex Max Trainer,Bowflex Max Trainer,Online Search,CAM44223 SAWDOSBIE,Call Center Internal,7/3/2017,7/8/2017,1,1449.00
45844160,Bowflex Max Trainer,Bowflex Max Trainer,Online Search,CAM44223 SAWDOSBIE,Call Center Internal,7/3/2017,7/8/2017,0,169.00
45844162,Bowflex Max Trainer,Bowflex Max Trainer,Online Search,CAM44497 dosg2esl1,Web,7/3/2017,7/8/2017,1,999.00
45844262,Bowflex Max Trainer,Bowflex Max Trainer,Online Search,CAM44497 dosg2esl1,Web,7/3/2017,7/8/2017,1,1449.00
45844262,Bowflex Max Trainer,Bowflex Max Trainer,Online Search,CAM44497 dosg2esl1,Web,7/3/2017,7/8/2017,0,169.00
45844262,Bowflex Max Trainer,Treadclimber,Online Search,CAM44497 dosg2esl1,Web,7/3/2017,7/8/2017,0,99.00
45844462,Bowflex Max Trainer,Bowflex Max Trainer,Online Search,CAM44497 dosg2esl1,Web,7/3/2017,7/8/2017,1,1449.00
45844662,Bowflex Brand,Bowflex Max Trainer,Online Search,CAM31081 dosg2gl1,Web,7/3/2017,7/8/2017,1,1999.00
45844662,Bowflex Brand,Treadclimber,Online Search,CAM31081 dosg2gl1,Web,7/3/2017,7/8/2017,0,.00
45844662,Bowflex Brand,Bowflex Max Trainer,Online Search,CAM31081 dosg2gl1,Web,7/3/2017,7/8/2017,0,169.00
45844762,Bowflex Brand,Bowflex Max Trainer,Electronic - UnSourced,CAM16616 DEGBFBHG,Web,7/3/2017,7/8/2017,1,1449.00
45844763,Bowflex Brand,Bowflex Max Trainer,Electronic - UnSourced,CAM16616 DEGBFBHG,Web,7/3/2017,7/8/2017,1,1449.00
45844862,Bowflex Brand,Bowflex Selecttech Dumbbells,Un-Sourced,CAM49456 BCARECREDIT,Call Center Internal,7/3/2017,7/8/2017,1,299.00
45844862,Bowflex Brand,Bowflex Selecttech Dumbbells,Un-Sourced,CAM49456 BCARECREDIT,Call Center Internal,7/3/2017,7/8/2017,0,139.00
45844863,Bowflex Max Trainer,Bowflex Max Trainer,Un-Sourced,CAM45327 1800MAXTRAINER,Call Center Internal,7/3/2017,7/8/2017,1,1449.00
45844863,Bowflex Max Trainer,Bowflex Max Trainer,Un-Sourced,CAM45327 1800MAXTRAINER,Call Center Internal,7/3/2017,7/8/2017,0,169.00
45844967,Bowflex Max Trainer,Bowflex Max Trainer,Short Form,CAM51523 IFC*N60*M350STIC,Call Center Internal,7/3/2017,7/8/2017,1,1999.00
45844967,Bowflex Max Trainer,Treadclimber,Short Form,CAM51523 IFC*N60*M350STIC,Call Center Internal,7/3/2017,7/8/2017,0,.00
45844967,Bowflex Max Trainer,Bowflex Max Trainer,Short Form,CAM51523 IFC*N60*M350STIC,Call Center Internal,7/3/2017,7/8/2017,0,209.00
45845368,Bowflex Brand,Bowflex Max Trainer,Electronic - UnSourced,CAM49450 BOWWEB800,Call Center Internal,7/3/2017,7/8/2017,1,1449.00
45845769,Bowflex Brand,Bowflex Selecttech Dumbbells,Online Search,CAM31081 dosg2gl1,Web,7/3/2017,7/8/2017,1,355.40
45845769,Bowflex Brand,Bowflex Selecttech Dumbbells,Online Search,CAM31081 dosg2gl1,Web,7/3/2017,7/8/2017,0,139.30
45845769,Bowflex Brand,Bowflex Selecttech Dumbbells,Online Search,CAM31081 dosg2gl1,Web,7/3/2017,7/8/2017,0,104.30
45845869,Bowflex Brand,Results Elliptical,Electronic - UnSourced,CAM16616 DEGBFBHG,Web,7/3/2017,7/8/2017,0,1847.00
45845869,Bowflex Brand,Results Elliptical,Electronic - UnSourced,CAM16616 DEGBFBHG,Web,7/3/2017,7/8/2017,0,169.00
45845969,Treadclimber,Treadclimber,Online Search,CAM49424 DOSG2T,Call Center Internal,7/3/2017,7/8/2017,1,2399.00
45845970,Bowflex Home Gyms,Bowflex Max Trainer,Un-Sourced,CAM28157 SALESFOLLOWUP,Call Center Internal,7/3/2017,7/8/2017,1,1449.00
45845970,Bowflex Home Gyms,Treadclimber,Un-Sourced,CAM28157 SALESFOLLOWUP,Call Center Internal,7/3/2017,7/8/2017,0,.00
45845970,Bowflex Home Gyms,Bowflex Max Trainer,Un-Sourced,CAM28157 SALESFOLLOWUP,Call Center Internal,7/3/2017,7/8/2017,0,169.00
45846071,Bowflex Max Trainer,Bowflex Max Trainer,Online Search,CAM44497 dosg2esl1,Web,7/3/2017,7/8/2017,1,1449.00
45846171,Bowflex Max Trainer,Bowflex Max Trainer,Electronic - UnSourced,CAM44626 1800BOWFLEX_BMT,Call Center Internal,7/3/2017,7/8/2017,1,999.00
45846172,Treadclimber,Treadclimber,Online Search,CAM49424 DOSG2T,Call Center Internal,7/3/2017,7/8/2017,0,14.99
45846173,Bowflex Brand,Bowflex Selecttech Dumbbells,Online Search,CAM39441 dosbigl1,Web,7/3/2017,7/8/2017,1,499.00
45846173,Bowflex Brand,Bowflex Selecttech Dumbbells,Online Search,CAM39441 dosbigl1,Web,7/3/2017,7/8/2017,0,169.00
45846173,Bowflex Brand,Bowflex Selecttech Dumbbells,Online Search,CAM39441 dosbigl1,Web,7/3/2017,7/8/2017,0,228.99
45846273,Bowflex Max Trainer,Bowflex Max Trainer,Online Display,CAM50714 DODG2EDL3,Web,7/3/2017,7/8/2017,1,1449.00
45846273,Bowflex Max Trainer,Bowflex Max Trainer,Online Display,CAM50714 DODG2EDL3,Web,7/3/2017,7/8/2017,0,169.00
45846273,Bowflex Max Trainer,Bowflex Max Trainer,Online Display,CAM50714 DODG2EDL3,Web,7/3/2017,7/8/2017,0,169.00
45846373,Bowflex Home Gyms,Bowflex Max Trainer,Un-Sourced,CAM28157 SALESFOLLOWUP,Call Center Internal,7/3/2017,7/8/2017,1,1449.00
45846373,Bowflex Home Gyms,Bowflex Max Trainer,Un-Sourced,CAM28157 SALESFOLLOWUP,Call Center Internal,7/3/2017,7/8/2017,0,129.00
45846374,Bowflex Max Trainer,Bowflex Max Trainer,Short Form,CAM51523 IFC*N60*M350STIC,Call Center Internal,7/3/2017,7/8/2017,1,1999.00
45846374,Bowflex Max Trainer,Treadclimber,Short Form,CAM51523 IFC*N60*M350STIC,Call Center Internal,7/3/2017,7/8/2017,0,.00
45846374,Bowflex Max Trainer,Bowflex Max Trainer,Short Form,CAM51523 IFC*N60*M350STIC,Call Center Internal,7/3/2017,7/8/2017,0,209.00
45846374,Bowflex Max Trainer,Bowflex Max Trainer,Short Form,CAM51523 IFC*N60*M350STIC,Call Center Internal,7/3/2017,7/8/2017,0,169.00
45846375,Bowflex Max Trainer,Bowflex Max Trainer,Online Search,CAM44497 dosg2esl1,Web,7/3/2017,7/8/2017,1,1449.00
45846376,Bowflex Max Trainer,Bowflex Max Trainer,Electronic - Short Form,CAM45798 DSEESF14H,Web,7/3/2017,7/8/2017,1,1449.00
45846475,Bowflex Brand,Bowflex Max Trainer,Electronic - UnSourced,CAM16616 DEGBFBHG,Web,7/3/2017,7/8/2017,1,1449.00
45846475,Bowflex Brand,Bowflex Max Trainer,Electronic - UnSourced,CAM16616 DEGBFBHG,Web,7/3/2017,7/8/2017,0,169.00
45846675,Bowflex Brand,Bowflex Selecttech Dumbbells,Online Search,CAM31081 dosg2gl1,Web,7/3/2017,7/8/2017,1,549.00
45846775,Bowflex Max Trainer,Bowflex Max Trainer,Online Search,CAM45729 DOSG2ESL6,Web,7/3/2017,7/8/2017,1,999.00
45846775,Bowflex Max Trainer,Bowflex Max Trainer,Online Search,CAM45729 DOSG2ESL6,Web,7/3/2017,7/8/2017,0,79.00
45846775,Bowflex Max Trainer,Bowflex Max Trainer,Online Search,CAM45729 DOSG2ESL6,Web,7/3/2017,7/8/2017,0,169.00
45847080,Bowflex Brand,Bowflex Max Trainer,Electronic - UnSourced,CAM16616 DEGBFBHG,Web,7/3/2017,7/8/2017,1,1449.00
45847080,Bowflex Brand,Bowflex Max Trainer,Electronic - UnSourced,CAM16616 DEGBFBHG,Web,7/3/2017,7/8/2017,0,169.00
45847178,Bowflex Home Gyms,Bowflex Max Trainer,Online Search,CAM30891 SAWICAOSGCW,Call Center Internal,7/3/2017,7/8/2017,1,1999.00
45847178,Bowflex Home Gyms,Treadclimber,Online Search,CAM30891 SAWICAOSGCW,Call Center Internal,7/3/2017,7/8/2017,0,.00
45847179,Bowflex Max Trainer,Bowflex Max Trainer,Online Search,CAM45732 DOSBIESL7,Web,7/3/2017,7/8/2017,1,1449.00
45847179,Bowflex Max Trainer,Bowflex Max Trainer,Online Search,CAM45732 DOSBIESL7,Web,7/3/2017,7/8/2017,0,169.00
45847279,Bowflex Home Gyms,Bowflex Max Trainer,Un-Sourced,CAM28157 SALESFOLLOWUP,Call Center Internal,7/3/2017,7/8/2017,1,1449.00
45847279,Bowflex Home Gyms,Bowflex Max Trainer,Un-Sourced,CAM28157 SALESFOLLOWUP,Call Center Internal,7/3/2017,7/8/2017,0,129.00
45847280,Bowflex Max Trainer,Bowflex Max Trainer,Online Search,CAM45730 DOSG2ESL7,Web,7/3/2017,7/8/2017,1,1449.00
45847281,Bowflex Max Trainer,Bowflex Max Trainer,Online Display,CAM45910 DODADCEDL3,Web,7/3/2017,7/8/2017,1,999.00
45847281,Bowflex Max Trainer,Bowflex Max Trainer,Online Display,CAM45910 DODADCEDL3,Web,7/3/2017,7/8/2017,0,79.00
45847380,Bowflex Max Trainer,Bowflex Max Trainer,Un-Sourced,CAM45327 1800MAXTRAINER,Call Center Internal,7/3/2017,7/8/2017,1,1449.00
45847380,Bowflex Max Trainer,Bowflex Max Trainer,Un-Sourced,CAM45327 1800MAXTRAINER,Call Center Internal,7/3/2017,7/8/2017,0,129.00
45847383,Bowflex Brand,Bowflex Home Gyms,Online Search,CAM31081 dosg2gl1,Web,7/3/2017,7/8/2017,1,1199.00
45847383,Bowflex Brand,Bowflex Home Gyms,Online Search,CAM31081 dosg2gl1,Web,7/3/2017,7/8/2017,0,99.00
45847484,Bowflex Brand,Bowflex Max Trainer,Electronic - UnSourced,CAM16616 DEGBFBHG,Web,7/3/2017,7/8/2017,1,999.00
45847584,Bowflex Brand,Bowflex Max Trainer,Electronic - UnSourced,CAM16616 DEGBFBHG,Web,7/3/2017,7/8/2017,1,999.00
45847684,Bowflex Max Trainer,Bowflex Max Trainer,Short Form,CAM51495 CNN*N60*M350CTIC,Call Center Internal,7/3/2017,7/8/2017,1,1999.00
45847684,Bowflex Max Trainer,Treadclimber,Short Form,CAM51495 CNN*N60*M350CTIC,Call Center Internal,7/3/2017,7/8/2017,0,.00
45847684,Bowflex Max Trainer,Bowflex Max Trainer,Short Form,CAM51495 CNN*N60*M350CTIC,Call Center Internal,7/3/2017,7/8/2017,0,169.00
45847685,Bowflex Max Trainer,Bowflex Max Trainer,Online Search,CAM44497 dosg2esl1,Web,7/3/2017,7/8/2017,1,1999.00
45847685,Bowflex Max Trainer,Treadclimber,Online Search,CAM44497 dosg2esl1,Web,7/3/2017,7/8/2017,0,.00
45847686,Bowflex Brand,Bowflex Home Gyms,Online Search,CAM31081 dosg2gl1,Web,7/3/2017,7/8/2017,1,1199.00
45847785,Bowflex Brand,Bowflex Selecttech Dumbbells,Online Search,CAM39441 dosbigl1,Web,7/3/2017,7/8/2017,1,299.00
45847885,Bowflex Max Trainer,Bowflex Max Trainer,Online Search,CAM48984 DOSG2ESL11,Web,7/3/2017,7/8/2017,1,1999.00
45847885,Bowflex Max Trainer,Treadclimber,Online Search,CAM48984 DOSG2ESL11,Web,7/3/2017,7/8/2017,0,.00
45848085,Bowflex Max Trainer,Bowflex Max Trainer,Short Form,CAM51495 CNN*N60*M350CTIC,Call Center Internal,7/3/2017,7/8/2017,1,1999.00
45848085,Bowflex Max Trainer,Treadclimber,Short Form,CAM51495 CNN*N60*M350CTIC,Call Center Internal,7/3/2017,7/8/2017,0,.00
45848085,Bowflex Max Trainer,Bowflex Max Trainer,Short Form,CAM51495 CNN*N60*M350CTIC,Call Center Internal,7/3/2017,7/8/2017,0,169.00
45848085,Bowflex Max Trainer,Bowflex Max Trainer,Short Form,CAM51495 CNN*N60*M350CTIC,Call Center Internal,7/3/2017,7/8/2017,0,209.00
45848086,Bowflex Brand,Bowflex Max Trainer,Electronic - UnSourced,CAM16616 DEGBFBHG,Web,7/3/2017,7/8/2017,1,1449.00
45848086,Bowflex Brand,Bowflex Max Trainer,Electronic - UnSourced,CAM16616 DEGBFBHG,Web,7/3/2017,7/8/2017,0,169.00
45848086,Bowflex Brand,Treadclimber,Electronic - UnSourced,CAM16616 DEGBFBHG,Web,7/3/2017,7/8/2017,1,2399.00
45848086,Bowflex Brand,Treadclimber,Electronic - UnSourced,CAM16616 DEGBFBHG,Web,7/3/2017,7/8/2017,0,199.00
45848186,Bowflex Brand,Bowflex Selecttech Dumbbells,Electronic - UnSourced,CAM16616 DEGBFBHG,Web,7/3/2017,7/8/2017,1,355.40
45848186,Bowflex Brand,Bowflex Selecttech Dumbbells,Electronic - UnSourced,CAM16616 DEGBFBHG,Web,7/3/2017,7/8/2017,0,139.30
45848186,Bowflex Brand,Bowflex Selecttech Dumbbells,Electronic - UnSourced,CAM16616 DEGBFBHG,Web,7/3/2017,7/8/2017,0,104.29
45848187,Bowflex HVT,Bowflex Catalog,Online Shopping,CAM50808 DOFG2HFEED1,Web,7/3/2017,7/8/2017,0,52.99
45848187,Bowflex HVT,Bowflex Catalog,Online Shopping,CAM50808 DOFG2HFEED1,Web,7/3/2017,7/8/2017,0,35.00
45848188,Bowflex Brand,Bowflex Max Trainer,Electronic - UnSourced,CAM16616 DEGBFBHG,Web,7/3/2017,7/8/2017,1,1449.00
45848387,Bowflex Max Trainer,Bowflex Max Trainer,Online Search,CAM44429 dosbiesl1,Web,7/3/2017,7/8/2017,1,1449.00
45848387,Bowflex Max Trainer,Treadclimber,Online Search,CAM44429 dosbiesl1,Web,7/3/2017,7/8/2017,0,99.00
45848689,Bowflex Brand,Bowflex Max Trainer,Electronic - UnSourced,CAM16616 DEGBFBHG,Web,7/3/2017,7/8/2017,1,999.00
45848789,Bowflex Max Trainer,Bowflex Max Trainer,Online Search,CAM44497 dosg2esl1,Web,7/3/2017,7/8/2017,1,999.00
45848789,Bowflex Max Trainer,Bowflex Max Trainer,Online Search,CAM44497 dosg2esl1,Web,7/3/2017,7/8/2017,0,109.00
45848889,Bowflex Brand,Bowflex Max Trainer,Electronic - UnSourced,CAM16616 DEGBFBHG,Web,7/3/2017,7/8/2017,1,1449.00
45848889,Bowflex Brand,Bowflex Max Trainer,Electronic - UnSourced,CAM16616 DEGBFBHG,Web,7/3/2017,7/8/2017,0,129.00
45848889,Bowflex Brand,Bowflex Max Trainer,Electronic - UnSourced,CAM16616 DEGBFBHG,Web,7/3/2017,7/8/2017,0,169.00
45849089,Bowflex Selecttech Dumbbells,Bowflex Selecttech Dumbbells,Online Search,CAM37741 dosbidsl9,Web,7/3/2017,7/8/2017,1,728.99
45849189,Bowflex Max Trainer,Bowflex Max Trainer,Online Search,CAM44497 dosg2esl1,Web,7/3/2017,7/8/2017,1,1999.00
45849189,Bowflex Max Trainer,Bowflex Max Trainer,Online Search,CAM44497 dosg2esl1,Web,7/3/2017,7/8/2017,0,149.00
45849189,Bowflex Max Trainer,Treadclimber,Online Search,CAM44497 dosg2esl1,Web,7/3/2017,7/8/2017,0,.00
45849489,Bowflex Max Trainer,Bowflex Max Trainer,Online Shopping,CAM44887 dofg2efeed1,Web,7/3/2017,7/8/2017,1,1449.00
45849689,Bowflex Home Gyms,Bowflex Max Trainer,Un-Sourced,CAM40821 1800BOWFLEX,Call Center Internal,7/3/2017,7/8/2017,1,1999.00
45849689,Bowflex Home Gyms,Treadclimber,Un-Sourced,CAM40821 1800BOWFLEX,Call Center Internal,7/3/2017,7/8/2017,0,.00
45849691,Bowflex Brand,Bowflex Max Trainer,Electronic - UnSourced,CAM16616 DEGBFBHG,Web,7/3/2017,7/8/2017,1,1449.00
45849791,Bowflex Selecttech Dumbbells,Bowflex Selecttech Dumbbells,Online Search,CAM37148 dosg2dsl12,Web,7/3/2017,7/8/2017,1,549.00
45849791,Bowflex Selecttech Dumbbells,Bowflex Selecttech Dumbbells,Online Search,CAM37148 dosg2dsl12,Web,7/3/2017,7/8/2017,0,69.00
45849891,Bowflex Max Trainer,Bowflex Max Trainer,Online Search,CAM44223 SAWDOSBIE,Call Center Internal,7/3/2017,7/8/2017,1,1449.00
45849992,Bowflex HVT,Bowflex HVT,Online Shopping,CAM50808 DOFG2HFEED1,Web,7/3/2017,7/8/2017,1,1799.00
45850092,Bowflex Brand,Bowflex Max Trainer,Online Search,CAM31081 dosg2gl1,Web,7/3/2017,7/8/2017,1,999.00
45850092,Bowflex Brand,Bowflex Max Trainer,Online Search,CAM31081 dosg2gl1,Web,7/3/2017,7/8/2017,0,169.00
45850292,Bowflex Brand,Bowflex Max Trainer,Online Search,CAM31081 dosg2gl1,Web,7/3/2017,7/8/2017,1,999.00
45850292,Bowflex Brand,Bowflex Max Trainer,Online Search,CAM31081 dosg2gl1,Web,7/3/2017,7/8/2017,0,169.00
45850392,Bowflex Brand,Treadclimber,Online Search,CAM39441 dosbigl1,Web,7/3/2017,7/8/2017,0,18.98
45850594,Bowflex Max Trainer,Bowflex Max Trainer,Un-Sourced,CAM45327 1800MAXTRAINER,Call Center Internal,7/3/2017,7/8/2017,1,1449.00
45850594,Bowflex Max Trainer,Bowflex Max Trainer,Un-Sourced,CAM45327 1800MAXTRAINER,Call Center Internal,7/3/2017,7/8/2017,0,169.00
45850594,Bowflex Max Trainer,Bowflex Max Trainer,Un-Sourced,CAM45327 1800MAXTRAINER,Call Center Internal,7/3/2017,7/8/2017,0,209.00
45850595,Treadclimber,Bowflex Max Trainer,Online Search,CAM37655 dosbitsl10,Web,7/3/2017,7/8/2017,1,1449.00
45850695,Bowflex Max Trainer,Bowflex Max Trainer,Online Shopping,CAM44887 dofg2efeed1,Web,7/3/2017,7/8/2017,1,1449.00
45851096,Bowflex Brand,Treadclimber,Online Search,CAM31081 dosg2gl1,Web,7/3/2017,7/8/2017,1,2399.00
45851196,Bowflex Max Trainer,Bowflex Max Trainer,Online Shopping,CAM44887 dofg2efeed1,Web,7/3/2017,7/8/2017,1,1449.00
45851196,Bowflex Max Trainer,Bowflex Max Trainer,Online Shopping,CAM44887 dofg2efeed1,Web,7/3/2017,7/8/2017,0,169.00
45851296,Bowflex Brand,Bowflex Max Trainer,Online Search,CAM31081 dosg2gl1,Web,7/3/2017,7/8/2017,1,1449.00
45851396,Bowflex Brand,Bowflex Home Gyms,Electronic - UnSourced,CAM49450 BOWWEB800,Call Center Internal,7/3/2017,7/8/2017,1,1199.00
45851396,Bowflex Brand,Bowflex Home Gyms,Electronic - UnSourced,CAM49450 BOWWEB800,Call Center Internal,7/3/2017,7/8/2017,0,99.00
45851396,Bowflex Brand,Bowflex Home Gyms,Electronic - UnSourced,CAM49450 BOWWEB800,Call Center Internal,7/3/2017,7/8/2017,0,139.99
45851396,Bowflex Brand,Bowflex Home Gyms,Electronic - UnSourced,CAM49450 BOWWEB800,Call Center Internal,7/3/2017,7/8/2017,0,34.99
45851396,Bowflex Brand,Bowflex Home Gyms,Electronic - UnSourced,CAM49450 BOWWEB800,Call Center Internal,7/3/2017,7/8/2017,0,14.99
45851397,Bowflex Brand,Bowflex Max Trainer,Online Search,CAM49688 SAWDOSBI,Call Center Internal,7/3/2017,7/8/2017,1,1449.00
45851397,Bowflex Brand,Bowflex Max Trainer,Online Search,CAM49688 SAWDOSBI,Call Center Internal,7/3/2017,7/8/2017,0,169.00
45851499,Bowflex Max Trainer,Bowflex Max Trainer,Online Search,CAM44497 dosg2esl1,Web,7/3/2017,7/8/2017,1,999.00
45851499,Bowflex Max Trainer,Bowflex Max Trainer,Online Search,CAM44497 dosg2esl1,Web,7/3/2017,7/8/2017,0,169.00
45851700,Bowflex Brand,Bowflex Home Gyms,Online Search,CAM30796 SAWDOSG2G,Call Center Internal,7/3/2017,7/8/2017,1,1199.00
45851700,Bowflex Brand,Bowflex Home Gyms,Online Search,CAM30796 SAWDOSG2G,Call Center Internal,7/3/2017,7/8/2017,0,139.99
45851700,Bowflex Brand,Bowflex Home Gyms,Online Search,CAM30796 SAWDOSG2G,Call Center Internal,7/3/2017,7/8/2017,0,99.00
45851700,Bowflex Brand,Bowflex Home Gyms,Online Search,CAM30796 SAWDOSG2G,Call Center Internal,7/3/2017,7/8/2017,0,99.00
45851701,Bowflex Max Trainer,Bowflex Max Trainer,Online Shopping,CAM44887 dofg2efeed1,Web,7/3/2017,7/8/2017,1,1449.00
45851801,Bowflex Brand,Bowflex Max Trainer,Electronic - UnSourced,CAM16616 DEGBFBHG,Web,7/3/2017,7/8/2017,1,1449.00
45851801,Bowflex Brand,Bowflex Max Trainer,Electronic - UnSourced,CAM16616 DEGBFBHG,Web,7/3/2017,7/8/2017,0,169.00
45852002,Bowflex Max Trainer,Bowflex Max Trainer,Short Form,CAM51523 IFC*N60*M350STIC,Call Center Internal,7/3/2017,7/8/2017,1,1119.30
45852303,Bowflex Brand,Bowflex Max Trainer,Electronic - UnSourced,CAM49450 BOWWEB800,Call Center Internal,7/3/2017,7/8/2017,1,1991.00
45852303,Bowflex Brand,Treadclimber,Electronic - UnSourced,CAM49450 BOWWEB800,Call Center Internal,7/3/2017,7/8/2017,0,.00
45852303,Bowflex Brand,Bowflex Max Trainer,Electronic - UnSourced,CAM49450 BOWWEB800,Call Center Internal,7/3/2017,7/8/2017,0,169.00
45852303,Bowflex Brand,Bowflex Max Trainer,Electronic - UnSourced,CAM49450 BOWWEB800,Call Center Internal,7/3/2017,7/8/2017,0,149.00
45852304,Bowflex Max Trainer,Bowflex Max Trainer,Online Search,CAM47150 DOSG2ESL9,Web,7/3/2017,7/8/2017,1,1449.00
45852404,Bowflex Brand,Bowflex Max Trainer,Electronic - UnSourced,CAM16616 DEGBFBHG,Web,7/3/2017,7/8/2017,1,1999.00
45852404,Bowflex Brand,Treadclimber,Electronic - UnSourced,CAM16616 DEGBFBHG,Web,7/3/2017,7/8/2017,0,.00
45852604,Bowflex Brand,Bowflex Max Trainer,Electronic - UnSourced,CAM16616 DEGBFBHG,Web,7/3/2017,7/8/2017,1,1999.00
45852604,Bowflex Brand,Bowflex Max Trainer,Electronic - UnSourced,CAM16616 DEGBFBHG,Web,7/3/2017,7/8/2017,0,149.00
45852604,Bowflex Brand,Treadclimber,Electronic - UnSourced,CAM16616 DEGBFBHG,Web,7/3/2017,7/8/2017,0,.00
45853004,Bowflex Max Trainer,Bowflex Max Trainer,Online Shopping,CAM44887 dofg2efeed1,Web,7/3/2017,7/8/2017,1,1999.00
45853004,Bowflex Max Trainer,Bowflex Max Trainer,Online Shopping,CAM44887 dofg2efeed1,Web,7/3/2017,7/8/2017,0,209.00
45853004,Bowflex Max Trainer,Treadclimber,Online Shopping,CAM44887 dofg2efeed1,Web,7/3/2017,7/8/2017,0,.00
45853104,Bowflex Max Trainer,Bowflex Max Trainer,Short Form,CAM51536 FOXNN60*M350STIC,Call Center Internal,7/3/2017,7/8/2017,1,999.00
45853105,Bowflex Brand,Bowflex Revolution,Electronic - UnSourced,CAM49450 BOWWEB800,Call Center Internal,7/3/2017,7/8/2017,1,2599.00
45853105,Bowflex Brand,Bowflex Revolution,Electronic - UnSourced,CAM49450 BOWWEB800,Call Center Internal,7/3/2017,7/8/2017,0,99.00
45853106,Bowflex Brand,Bowflex Max Trainer,Electronic - UnSourced,CAM16616 DEGBFBHG,Web,7/3/2017,7/8/2017,1,999.00
45853306,Bowflex Brand,Bowflex HVT,Electronic - UnSourced,CAM16616 DEGBFBHG,Web,7/3/2017,7/8/2017,1,1799.00
45853406,Bowflex Brand,Bowflex Max Trainer,Electronic - UnSourced,CAM16616 DEGBFBHG,Web,7/3/2017,7/8/2017,1,1449.00
45853406,Bowflex Brand,Bowflex Max Trainer,Electronic - UnSourced,CAM16616 DEGBFBHG,Web,7/3/2017,7/8/2017,0,169.00
45853506,Bowflex Max Trainer,Bowflex Max Trainer,Electronic - Short Form,CAM45798 DSEESF14H,Web,7/3/2017,7/8/2017,1,1999.00
45853506,Bowflex Max Trainer,Treadclimber,Electronic - Short Form,CAM45798 DSEESF14H,Web,7/3/2017,7/8/2017,0,.00
45853606,Bowflex Max Trainer,Bowflex Max Trainer,Online Display,CAM50256 DODG2EDL1,Web,7/3/2017,7/8/2017,1,1449.00
45853706,Bowflex Max Trainer,Bowflex HVT,Short Form,CAM51525 LAFFN60*M350STIC,Call Center Internal,7/3/2017,7/8/2017,1,1259.30
45853706,Bowflex Max Trainer,Bowflex HVT,Short Form,CAM51525 LAFFN60*M350STIC,Call Center Internal,7/3/2017,7/8/2017,0,249.00
45853807,Bowflex Max Trainer,Bowflex Max Trainer,Short Form,CAM51526 BRNGN60*M350STIC,Call Center Internal,7/3/2017,7/8/2017,1,1999.00
45853807,Bowflex Max Trainer,Treadclimber,Short Form,CAM51526 BRNGN60*M350STIC,Call Center Internal,7/3/2017,7/8/2017,0,.00
45853807,Bowflex Max Trainer,Bowflex Max Trainer,Short Form,CAM51526 BRNGN60*M350STIC,Call Center Internal,7/3/2017,7/8/2017,0,169.00
45853807,Bowflex Max Trainer,Bowflex Max Trainer,Short Form,CAM51526 BRNGN60*M350STIC,Call Center Internal,7/3/2017,7/8/2017,0,209.00
45853908,Bowflex Brand,Results Treadmill,Electronic - UnSourced,CAM16616 DEGBFBHG,Web,7/3/2017,7/8/2017,0,2048.00
45853909,Bowflex Brand,Bowflex Max Trainer,Electronic - UnSourced,CAM16616 DEGBFBHG,Web,7/3/2017,7/8/2017,1,1449.00
45854008,Bowflex Max Trainer,Bowflex Max Trainer,Online Shopping,CAM44887 dofg2efeed1,Web,7/3/2017,7/8/2017,1,1999.00
45854008,Bowflex Max Trainer,Treadclimber,Online Shopping,CAM44887 dofg2efeed1,Web,7/3/2017,7/8/2017,0,.00
45854208,Bowflex Brand,Bowflex HVT,Electronic - UnSourced,CAM16616 DEGBFBHG,Web,7/3/2017,7/8/2017,1,1799.00
45854208,Bowflex Brand,Bowflex HVT,Electronic - UnSourced,CAM16616 DEGBFBHG,Web,7/3/2017,7/8/2017,0,249.00
45854408,Bowflex Max Trainer,Bowflex Max Trainer,Online Search,CAM45730 DOSG2ESL7,Web,7/3/2017,7/8/2017,1,1449.00
45854508,Bowflex Brand,Bowflex Max Trainer,Electronic - UnSourced,CAM16616 DEGBFBHG,Web,7/3/2017,7/8/2017,1,1449.00
45854608,Bowflex Brand,Bowflex Max Trainer,Electronic - UnSourced,CAM16616 DEGBFBHG,Web,7/3/2017,7/8/2017,1,1999.00
45854608,Bowflex Brand,Bowflex Max Trainer,Electronic - UnSourced,CAM16616 DEGBFBHG,Web,7/3/2017,7/8/2017,0,209.00
45854608,Bowflex Brand,Treadclimber,Electronic - UnSourced,CAM16616 DEGBFBHG,Web,7/3/2017,7/8/2017,0,.00
45854708,Bowflex Max Trainer,Bowflex Max Trainer,Online Shopping,CAM44887 dofg2efeed1,Web,7/3/2017,7/8/2017,1,1449.00
45854808,Bowflex Brand,Bowflex Max Trainer,Online Search,CAM31081 dosg2gl1,Web,7/3/2017,7/8/2017,1,1449.00
45854808,Bowflex Brand,Bowflex Max Trainer,Online Search,CAM31081 dosg2gl1,Web,7/3/2017,7/8/2017,0,169.00
45855008,Bowflex Max Trainer,Bowflex Max Trainer,Online Search,CAM48984 DOSG2ESL11,Web,7/3/2017,7/8/2017,1,1999.00
45855008,Bowflex Max Trainer,Bowflex Max Trainer,Online Search,CAM48984 DOSG2ESL11,Web,7/3/2017,7/8/2017,0,209.00
45855008,Bowflex Max Trainer,Treadclimber,Online Search,CAM48984 DOSG2ESL11,Web,7/3/2017,7/8/2017,0,.00
45855208,Bowflex Brand,Bowflex Home Gyms,Online Search,CAM37117 dosg2gsl27,Web,7/3/2017,7/8/2017,1,1199.00
45855208,Bowflex Brand,Bowflex Home Gyms,Online Search,CAM37117 dosg2gsl27,Web,7/3/2017,7/8/2017,0,14.99
45855308,Treadclimber,Treadclimber,Online Search,CAM37440 dosg2tsl21,Web,7/3/2017,7/8/2017,1,2399.00
45855308,Treadclimber,Bowflex Catalog,Online Search,CAM37440 dosg2tsl21,Web,7/3/2017,7/8/2017,0,13.99
45855308,Treadclimber,Bowflex Catalog,Online Search,CAM37440 dosg2tsl21,Web,7/3/2017,7/8/2017,0,13.99
45855408,Bowflex Max Trainer,Bowflex Max Trainer,Online Shopping,CAM44887 dofg2efeed1,Web,7/3/2017,7/8/2017,1,1449.00
45855508,Bowflex Max Trainer,Bowflex Max Trainer,Online Search,CAM45730 DOSG2ESL7,Web,7/3/2017,7/8/2017,1,1449.00
45855508,Bowflex Max Trainer,Bowflex Max Trainer,Online Search,CAM45730 DOSG2ESL7,Web,7/3/2017,7/8/2017,0,169.00
45855708,Bowflex Brand,Bowflex Max Trainer,Electronic - UnSourced,CAM16616 DEGBFBHG,Web,7/3/2017,7/8/2017,1,1449.00
45855708,Bowflex Brand,Bowflex Max Trainer,Electronic - UnSourced,CAM16616 DEGBFBHG,Web,7/3/2017,7/8/2017,0,169.00
45855908,Bowflex Brand,Bowflex Revolution,Electronic - UnSourced,CAM16616 DEGBFBHG,Web,7/3/2017,7/8/2017,1,2599.00
45855908,Bowflex Brand,Bowflex Revolution,Electronic - UnSourced,CAM16616 DEGBFBHG,Web,7/3/2017,7/8/2017,0,299.00
45856408,Bowflex Max Trainer,Bowflex Max Trainer,Online Search,CAM44497 dosg2esl1,Web,7/3/2017,7/8/2017,1,1999.00
45856408,Bowflex Max Trainer,Bowflex Max Trainer,Online Search,CAM44497 dosg2esl1,Web,7/3/2017,7/8/2017,0,209.00
45856408,Bowflex Max Trainer,Treadclimber,Online Search,CAM44497 dosg2esl1,Web,7/3/2017,7/8/2017,0,.00
45856408,Bowflex Max Trainer,Bowflex Max Trainer,Online Search,CAM44497 dosg2esl1,Web,7/3/2017,7/8/2017,0,169.00
45856508,Bowflex Brand,Bowflex Max Trainer,Electronic - UnSourced,CAM16616 DEGBFBHG,Web,7/3/2017,7/8/2017,1,1999.00
45856508,Bowflex Brand,Treadclimber,Electronic - UnSourced,CAM16616 DEGBFBHG,Web,7/3/2017,7/8/2017,0,.00
45856508,Bowflex Brand,Bowflex Max Trainer,Electronic - UnSourced,CAM16616 DEGBFBHG,Web,7/3/2017,7/8/2017,0,169.00
45856908,Bowflex Max Trainer,Bowflex Max Trainer,Online Search,CAM44429 dosbiesl1,Web,7/3/2017,7/8/2017,1,1999.00
45856908,Bowflex Max Trainer,Bowflex Max Trainer,Online Search,CAM44429 dosbiesl1,Web,7/3/2017,7/8/2017,0,149.00
45856908,Bowflex Max Trainer,Treadclimber,Online Search,CAM44429 dosbiesl1,Web,7/3/2017,7/8/2017,0,.00
45856908,Bowflex Max Trainer,Bowflex Max Trainer,Online Search,CAM44429 dosbiesl1,Web,7/3/2017,7/8/2017,0,169.00
45856909,Bowflex Brand,Bowflex Selecttech Dumbbells,Online Search,CAM31081 dosg2gl1,Web,7/3/2017,7/8/2017,1,549.00
45856909,Bowflex Brand,Bowflex Selecttech Dumbbells,Online Search,CAM31081 dosg2gl1,Web,7/3/2017,7/8/2017,0,69.00
45856909,Bowflex Brand,Bowflex Selecttech Dumbbells,Online Search,CAM31081 dosg2gl1,Web,7/3/2017,7/8/2017,0,139.00
45856909,Bowflex Brand,Bowflex UpperCut,Online Search,CAM31081 dosg2gl1,Web,7/3/2017,7/8/2017,0,14.95
45856909,Bowflex Brand,Bowflex Catalog,Online Search,CAM31081 dosg2gl1,Web,7/3/2017,7/8/2017,0,42.00
45857008,Bowflex Max Trainer,Bowflex Max Trainer,Online Search,CAM44497 dosg2esl1,Web,7/3/2017,7/8/2017,1,1999.00
45857008,Bowflex Max Trainer,Treadclimber,Online Search,CAM44497 dosg2esl1,Web,7/3/2017,7/8/2017,0,.00
45857108,Bowflex Max Trainer,Bowflex Max Trainer,Online Search,CAM44429 dosbiesl1,Web,7/3/2017,7/8/2017,1,1449.00
45857308,Bowflex Max Trainer,Bowflex Max Trainer,Short Form,CAM51536 FOXNN60*M350STIC,Third Party Call Center - Evolve,7/3/2017,7/9/2017,1,1949.00
45857308,Bowflex Max Trainer,Treadclimber,Short Form,CAM51536 FOXNN60*M350STIC,Third Party Call Center - Evolve,7/3/2017,7/9/2017,0,.00
45857408,Bowflex Max Trainer,Bowflex Max Trainer,Online Search,CAM44497 dosg2esl1,Web,7/3/2017,7/9/2017,1,1449.00
45857708,Bowflex HVT,Bowflex Home Gyms,Online Display,CAM51286 DODAMBHDL1,Web,7/3/2017,7/9/2017,0,23.98
45858008,Bowflex Brand,Bowflex Max Trainer,Electronic - UnSourced,CAM16616 DEGBFBHG,Web,7/3/2017,7/9/2017,1,1449.00
45858008,Bowflex Brand,Bowflex Max Trainer,Electronic - UnSourced,CAM16616 DEGBFBHG,Web,7/3/2017,7/9/2017,0,169.00
45858609,Bowflex Max Trainer,Bowflex Max Trainer,Online Search,CAM47150 DOSG2ESL9,Web,7/3/2017,7/9/2017,1,1449.00
45858609,Bowflex Max Trainer,Bowflex Max Trainer,Online Search,CAM47150 DOSG2ESL9,Web,7/3/2017,7/9/2017,0,169.00
45858709,Bowflex Max Trainer,Bowflex Max Trainer,Short Form,CAM51525 LAFFN60*M350STIC,Call Center Internal,7/3/2017,7/9/2017,1,1449.00
45858709,Bowflex Max Trainer,Bowflex Max Trainer,Short Form,CAM51525 LAFFN60*M350STIC,Call Center Internal,7/3/2017,7/9/2017,0,169.00
45858810,Bowflex Max Trainer,Bowflex Max Trainer,Online Shopping,CAM44887 dofg2efeed1,Web,7/3/2017,7/9/2017,1,1449.00
45858910,Treadclimber,Bowflex Max Trainer,Online Shopping,CAM44450 dofbitfeed2,Web,7/3/2017,7/9/2017,1,1449.00
45859110,Bowflex HVT,Bowflex HVT,Un-Sourced,CAM50745 1800HVT,Call Center Internal,7/3/2017,7/9/2017,1,1799.00
45859110,Bowflex HVT,Bowflex HVT,Un-Sourced,CAM50745 1800HVT,Call Center Internal,7/3/2017,7/9/2017,0,179.00
45859111,Bowflex Brand,Bowflex Max Trainer,Online Search,CAM31081 dosg2gl1,Web,7/3/2017,7/9/2017,1,1449.00
45859211,Bowflex Home Gyms,Bowflex Revolution,Un-Sourced,CAM40821 1800BOWFLEX,Call Center Internal,7/3/2017,7/9/2017,1,2599.00
45859211,Bowflex Home Gyms,Bowflex Home Gyms,Un-Sourced,CAM40821 1800BOWFLEX,Call Center Internal,7/3/2017,7/9/2017,0,99.00
45859212,Bowflex Brand,Bowflex HVT,Electronic - UnSourced,CAM49450 BOWWEB800,Call Center Internal,7/3/2017,7/9/2017,1,1259.30
45859212,Bowflex Brand,Bowflex Home Gyms,Electronic - UnSourced,CAM49450 BOWWEB800,Call Center Internal,7/3/2017,7/9/2017,0,279.30
45859212,Bowflex Brand,Bowflex Home Gyms,Electronic - UnSourced,CAM49450 BOWWEB800,Call Center Internal,7/3/2017,7/9/2017,0,69.30
45859212,Bowflex Brand,Bowflex HVT,Electronic - UnSourced,CAM49450 BOWWEB800,Call Center Internal,7/3/2017,7/9/2017,0,69.30
45859212,Bowflex Brand,Bowflex HVT,Electronic - UnSourced,CAM49450 BOWWEB800,Call Center Internal,7/3/2017,7/9/2017,0,179.00
45859513,Bowflex Brand,Bowflex Selecttech Dumbbells,Electronic - UnSourced,CAM16616 DEGBFBHG,Web,7/3/2017,7/9/2017,0,139.30
45859513,Bowflex Brand,Bowflex Selecttech Dumbbells,Electronic - UnSourced,CAM16616 DEGBFBHG,Web,7/3/2017,7/9/2017,1,355.40
45859513,Bowflex Brand,Bowflex Selecttech Dumbbells,Electronic - UnSourced,CAM16616 DEGBFBHG,Web,7/3/2017,7/9/2017,0,104.30
45859514,Treadclimber,Treadclimber,Online Search,CAM37440 dosg2tsl21,Web,7/3/2017,7/9/2017,1,2399.00
45859613,Bowflex Brand,Bowflex Max Trainer,Electronic - UnSourced,CAM16616 DEGBFBHG,Web,7/3/2017,7/9/2017,1,1449.00
45859614,Bowflex Max Trainer,Bowflex Max Trainer,Online Search,CAM44429 dosbiesl1,Web,7/3/2017,7/9/2017,1,1449.00
45859615,Bowflex Brand,Bowflex HVT,Electronic - UnSourced,CAM16616 DEGBFBHG,Web,7/3/2017,7/9/2017,1,1799.00
45859713,Bowflex Max Trainer,Bowflex Max Trainer,Online Shopping,CAM44887 dofg2efeed1,Web,7/3/2017,7/9/2017,1,1999.00
45859713,Bowflex Max Trainer,Treadclimber,Online Shopping,CAM44887 dofg2efeed1,Web,7/3/2017,7/9/2017,0,.00
45859813,Bowflex Brand,Bowflex Max Trainer,Electronic - UnSourced,CAM16616 DEGBFBHG,Web,7/3/2017,7/9/2017,1,1449.00
45859813,Bowflex Brand,Bowflex Max Trainer,Electronic - UnSourced,CAM16616 DEGBFBHG,Web,7/3/2017,7/9/2017,0,169.00
45860013,Bowflex Brand,Bowflex Max Trainer,Online Search,CAM39441 dosbigl1,Web,7/3/2017,7/9/2017,1,1999.00
45860013,Bowflex Brand,Bowflex Selecttech Dumbbells,Online Search,CAM39441 dosbigl1,Web,7/3/2017,7/9/2017,1,299.00
45860013,Bowflex Brand,Treadclimber,Online Search,CAM39441 dosbigl1,Web,7/3/2017,7/9/2017,0,.00
45860113,Bowflex Brand,Treadclimber,Online Search,CAM39441 dosbigl1,Web,7/3/2017,7/9/2017,1,1599.00
45860213,Bowflex Max Trainer,Bowflex Max Trainer,Online Display,CAM50256 DODG2EDL1,Web,7/3/2017,7/9/2017,1,999.00
45860413,Bowflex Max Trainer,Bowflex Max Trainer,Online Search,CAM44497 dosg2esl1,Web,7/3/2017,7/9/2017,1,1449.00
45860513,Bowflex Max Trainer,Bowflex Max Trainer,Online Search,CAM44497 dosg2esl1,Web,7/3/2017,7/9/2017,1,1449.00
45860514,Bowflex Max Trainer,Bowflex Max Trainer,Online Shopping,CAM44887 dofg2efeed1,Web,7/3/2017,7/9/2017,1,1449.00
45860514,Bowflex Max Trainer,Bowflex Max Trainer,Online Shopping,CAM44887 dofg2efeed1,Web,7/3/2017,7/9/2017,0,169.00
45860713,Bowflex Max Trainer,Bowflex Max Trainer,Online Shopping,CAM44887 dofg2efeed1,Web,7/3/2017,7/9/2017,1,1999.00
45860713,Bowflex Max Trainer,Bowflex Max Trainer,Online Shopping,CAM44887 dofg2efeed1,Web,7/3/2017,7/9/2017,0,149.00
45860713,Bowflex Max Trainer,Treadclimber,Online Shopping,CAM44887 dofg2efeed1,Web,7/3/2017,7/9/2017,0,.00
45860813,Bowflex Brand,Bowflex Max Trainer,Electronic - UnSourced,CAM16616 DEGBFBHG,Web,7/3/2017,7/9/2017,1,1449.00
45860913,Bowflex Max Trainer,Bowflex Max Trainer,Short Form,CAM51517 SPKEN60*M350CTIC,Call Center Internal,7/3/2017,7/9/2017,1,1449.00
45860913,Bowflex Max Trainer,Bowflex Max Trainer,Short Form,CAM51517 SPKEN60*M350CTIC,Call Center Internal,7/3/2017,7/9/2017,0,169.00
45860914,Bowflex Max Trainer,Bowflex Selecttech Dumbbells,Short Form,CAM51517 SPKEN60*M350CTIC,Call Center Internal,7/3/2017,7/9/2017,1,399.00
45861017,Bowflex Max Trainer,Bowflex Max Trainer,Online Display,CAM50255 SAWDODG2E,Call Center Internal,7/3/2017,7/9/2017,1,999.00
45861017,Bowflex Max Trainer,Bowflex Max Trainer,Online Display,CAM50255 SAWDODG2E,Call Center Internal,7/3/2017,7/9/2017,0,109.00
45861017,Bowflex Max Trainer,Treadclimber,Online Display,CAM50255 SAWDODG2E,Call Center Internal,7/3/2017,7/9/2017,0,99.00
45861017,Bowflex Max Trainer,Bowflex Home Gyms,Online Display,CAM50255 SAWDODG2E,Call Center Internal,7/3/2017,7/9/2017,0,27.98
45861018,Bowflex Max Trainer,Bowflex Max Trainer,Short Form,CAM51526 BRNGN60*M350STIC,Call Center Internal,7/3/2017,7/9/2017,1,1449.00
45861018,Bowflex Max Trainer,Bowflex Max Trainer,Short Form,CAM51526 BRNGN60*M350STIC,Call Center Internal,7/3/2017,7/9/2017,0,169.00
45861019,Bowflex Max Trainer,Bowflex Max Trainer,Online Search,CAM44497 dosg2esl1,Web,7/3/2017,7/9/2017,1,1449.00
45861219,Bowflex Max Trainer,Bowflex Max Trainer,Online Shopping,CAM44887 dofg2efeed1,Web,7/3/2017,7/9/2017,1,1449.00
45861420,Bowflex Brand,Bowflex Selecttech Dumbbells,Electronic - UnSourced,CAM49450 BOWWEB800,Call Center Internal,7/3/2017,7/9/2017,0,199.00
45861421,Bowflex Max Trainer,Bowflex Max Trainer,Short Form,CAM51536 FOXNN60*M350STIC,Call Center Internal,7/3/2017,7/9/2017,1,1999.00
45861421,Bowflex Max Trainer,Treadclimber,Short Form,CAM51536 FOXNN60*M350STIC,Call Center Internal,7/3/2017,7/9/2017,0,.00
45861421,Bowflex Max Trainer,Bowflex Max Trainer,Short Form,CAM51536 FOXNN60*M350STIC,Call Center Internal,7/3/2017,7/9/2017,0,209.00
45861422,Bowflex Max Trainer,Bowflex Max Trainer,Online Search,CAM44497 dosg2esl1,Web,7/3/2017,7/9/2017,1,1449.00
45861522,Bowflex Brand,Bowflex Max Trainer,Electronic - UnSourced,CAM16616 DEGBFBHG,Web,7/3/2017,7/9/2017,1,1449.00
45861522,Bowflex Brand,Bowflex Max Trainer,Electronic - UnSourced,CAM16616 DEGBFBHG,Web,7/3/2017,7/9/2017,0,169.00
45861622,Bowflex Max Trainer,Bowflex Max Trainer,Online Search,CAM44429 dosbiesl1,Web,7/3/2017,7/9/2017,1,1749.00
45861622,Bowflex Max Trainer,Bowflex Max Trainer,Online Search,CAM44429 dosbiesl1,Web,7/3/2017,7/9/2017,0,129.00
45861723,Bowflex Max Trainer,Bowflex Max Trainer,Un-Sourced,CAM45327 1800MAXTRAINER,Call Center Internal,7/3/2017,7/9/2017,1,1449.00
45861723,Bowflex Max Trainer,Bowflex Max Trainer,Un-Sourced,CAM45327 1800MAXTRAINER,Call Center Internal,7/3/2017,7/9/2017,0,169.00
45861723,Bowflex Max Trainer,Bowflex Max Trainer,Un-Sourced,CAM45327 1800MAXTRAINER,Call Center Internal,7/3/2017,7/9/2017,0,169.00
45861724,Bowflex Max Trainer,Bowflex Max Trainer,Short Form,CAM51526 BRNGN60*M350STIC,Call Center Internal,7/3/2017,7/9/2017,1,1449.00
45861724,Bowflex Max Trainer,Bowflex Max Trainer,Short Form,CAM51526 BRNGN60*M350STIC,Call Center Internal,7/3/2017,7/9/2017,0,129.00
45861726,Bowflex Max Trainer,Bowflex Max Trainer,Online Display,CAM45910 DODADCEDL3,Web,7/3/2017,7/9/2017,1,1449.00
45861826,Bowflex Brand,Bowflex Selecttech Dumbbells,Electronic - UnSourced,CAM16616 DEGBFBHG,Web,7/3/2017,7/9/2017,1,549.00
45862026,Bowflex Brand,Bowflex Max Trainer,Online Search,CAM30796 SAWDOSG2G,Call Center Internal,7/3/2017,7/9/2017,1,1449.00
45862026,Bowflex Brand,Bowflex Max Trainer,Online Search,CAM30796 SAWDOSG2G,Call Center Internal,7/3/2017,7/9/2017,0,129.00
45862027,Bowflex Max Trainer,Bowflex Max Trainer,Online Shopping,CAM44887 dofg2efeed1,Web,7/3/2017,7/9/2017,1,1999.00
45862027,Bowflex Max Trainer,Treadclimber,Online Shopping,CAM44887 dofg2efeed1,Web,7/3/2017,7/9/2017,0,.00
45862127,Bowflex Max Trainer,Bowflex Max Trainer,Online Search,CAM44429 dosbiesl1,Web,7/3/2017,7/9/2017,1,1749.00
45862227,Bowflex Brand,Bowflex HVT,Electronic - UnSourced,CAM49450 BOWWEB800,Call Center Internal,7/3/2017,7/9/2017,1,1744.00
45862228,Bowflex Max Trainer,Bowflex Max Trainer,Online Search,CAM44497 dosg2esl1,Web,7/3/2017,7/9/2017,1,1449.00
45862328,Bowflex Brand,Bowflex HVT,Online Search,CAM30755 dosg2gsl1,Web,7/3/2017,7/9/2017,1,1799.00
45862328,Bowflex Brand,Bowflex HVT,Online Search,CAM30755 dosg2gsl1,Web,7/3/2017,7/9/2017,0,179.00
45862328,Bowflex Brand,Bowflex HVT,Online Search,CAM30755 dosg2gsl1,Web,7/3/2017,7/9/2017,0,249.00
45862429,Bowflex Max Trainer,Bowflex Max Trainer,Online Search,CAM44497 dosg2esl1,Web,7/3/2017,7/9/2017,1,1449.00
45862629,Bowflex Brand,Bowflex Selecttech Dumbbells,Online Search,CAM31081 dosg2gl1,Web,7/3/2017,7/9/2017,1,249.00
45862730,Bowflex Max Trainer,Bowflex Revolution,Short Form,CAM51525 LAFFN60*M350STIC,Call Center Internal,7/3/2017,7/9/2017,1,2599.00
45862730,Bowflex Max Trainer,Bowflex Revolution,Short Form,CAM51525 LAFFN60*M350STIC,Call Center Internal,7/3/2017,7/9/2017,0,99.00
45862730,Bowflex Max Trainer,Bowflex Revolution,Short Form,CAM51525 LAFFN60*M350STIC,Call Center Internal,7/3/2017,7/9/2017,0,299.00
45862732,Bowflex Max Trainer,Bowflex Max Trainer,Online Search,CAM44429 dosbiesl1,Web,7/3/2017,7/9/2017,1,1449.00
45862932,Bowflex Brand,Results Treadmill,Online Search,CAM31081 dosg2gl1,Web,7/3/2017,7/9/2017,0,1799.00
45862932,Bowflex Brand,Bowflex Selecttech Dumbbells,Online Search,CAM31081 dosg2gl1,Web,7/3/2017,7/9/2017,1,355.40
45862932,Bowflex Brand,Bowflex Selecttech Dumbbells,Online Search,CAM31081 dosg2gl1,Web,7/3/2017,7/9/2017,0,139.30
45862932,Bowflex Brand,Bowflex Selecttech Dumbbells,Online Search,CAM31081 dosg2gl1,Web,7/3/2017,7/9/2017,0,104.30
45863032,Bowflex Brand,Bowflex Home Gyms,Electronic - UnSourced,CAM16616 DEGBFBHG,Web,7/3/2017,7/9/2017,0,108.99
45863032,Bowflex Brand,Bowflex Home Gyms,Electronic - UnSourced,CAM16616 DEGBFBHG,Web,7/3/2017,7/9/2017,0,33.96
45863032,Bowflex Brand,Bowflex Home Gyms,Electronic - UnSourced,CAM16616 DEGBFBHG,Web,7/3/2017,7/9/2017,0,33.98
45863033,Bowflex Max Trainer,Bowflex Max Trainer,Online Search,CAM47150 DOSG2ESL9,Web,7/3/2017,7/9/2017,1,1449.00
45863132,Bowflex Max Trainer,Bowflex Max Trainer,Electronic - Short Form,CAM45798 DSEESF14H,Web,7/3/2017,7/9/2017,1,999.00
45863234,Bowflex Brand,Treadclimber,Online Search,CAM31081 dosg2gl1,Web,7/3/2017,7/9/2017,1,2399.00
45863234,Bowflex Brand,Treadclimber,Online Search,CAM31081 dosg2gl1,Web,7/3/2017,7/9/2017,0,249.00
45863235,Bowflex HVT,Bowflex HVT,Online Search,CAM50810 DOSG2HSL1,Web,7/3/2017,7/9/2017,1,1799.00
45863334,Bowflex Max Trainer,Bowflex Max Trainer,Online Search,CAM44497 dosg2esl1,Web,7/3/2017,7/9/2017,1,1999.00
45863334,Bowflex Max Trainer,Treadclimber,Online Search,CAM44497 dosg2esl1,Web,7/3/2017,7/9/2017,0,.00
45863434,Bowflex Brand,Bowflex Home Gyms,Online Search,CAM30755 dosg2gsl1,Web,7/3/2017,7/9/2017,1,1199.00
45863434,Bowflex Brand,Bowflex Home Gyms,Online Search,CAM30755 dosg2gsl1,Web,7/3/2017,7/9/2017,0,99.00
45863434,Bowflex Brand,Bowflex Home Gyms,Online Search,CAM30755 dosg2gsl1,Web,7/3/2017,7/9/2017,0,99.00
45863434,Bowflex Brand,Bowflex Home Gyms,Online Search,CAM30755 dosg2gsl1,Web,7/3/2017,7/9/2017,0,199.99
45863434,Bowflex Brand,Bowflex Home Gyms,Online Search,CAM30755 dosg2gsl1,Web,7/3/2017,7/9/2017,0,139.99
45863434,Bowflex Brand,Bowflex Home Gyms,Online Search,CAM30755 dosg2gsl1,Web,7/3/2017,7/9/2017,0,34.99
45863534,Bowflex Brand,Results Elliptical,Electronic - UnSourced,CAM16616 DEGBFBHG,Web,7/3/2017,7/9/2017,0,1799.00
45863534,Bowflex Brand,Results Elliptical,Electronic - UnSourced,CAM16616 DEGBFBHG,Web,7/3/2017,7/9/2017,0,199.00
45863635,Bowflex Brand,Bowflex Home Gyms,Online Search,CAM31081 dosg2gl1,Web,7/3/2017,7/9/2017,1,1199.00
45863734,Bowflex Brand,Bowflex Max Trainer,Electronic - UnSourced,CAM16616 DEGBFBHG,Web,7/3/2017,7/9/2017,1,1999.00
45863734,Bowflex Brand,Bowflex Max Trainer,Electronic - UnSourced,CAM16616 DEGBFBHG,Web,7/3/2017,7/9/2017,0,209.00
45863734,Bowflex Brand,Treadclimber,Electronic - UnSourced,CAM16616 DEGBFBHG,Web,7/3/2017,7/9/2017,0,.00
45863834,Bowflex Max Trainer,Bowflex Max Trainer,Short Form,CAM51536 FOXNN60*M350STIC,Call Center Internal,7/3/2017,7/9/2017,1,1449.00
45863834,Bowflex Max Trainer,Treadclimber,Short Form,CAM51536 FOXNN60*M350STIC,Call Center Internal,7/3/2017,7/9/2017,0,99.00
45863834,Bowflex Max Trainer,Bowflex Max Trainer,Short Form,CAM51536 FOXNN60*M350STIC,Call Center Internal,7/3/2017,7/9/2017,0,169.00
45863835,Bowflex Brand,Bowflex Max Trainer,Electronic - UnSourced,CAM16616 DEGBFBHG,Web,7/3/2017,7/9/2017,1,1999.00
45863835,Bowflex Brand,Treadclimber,Electronic - UnSourced,CAM16616 DEGBFBHG,Web,7/3/2017,7/9/2017,0,.00
45863836,Bowflex Brand,Bowflex Max Trainer,Electronic - UnSourced,CAM16616 DEGBFBHG,Web,7/3/2017,7/9/2017,1,1449.00
45863836,Bowflex Brand,Bowflex Max Trainer,Electronic - UnSourced,CAM16616 DEGBFBHG,Web,7/3/2017,7/9/2017,0,129.00
45863836,Bowflex Brand,Bowflex Max Trainer,Electronic - UnSourced,CAM16616 DEGBFBHG,Web,7/3/2017,7/9/2017,0,169.00
45863936,Bowflex Brand,Results Treadmill,Online Search,CAM31081 dosg2gl1,Web,7/3/2017,7/9/2017,0,1799.00
45863936,Bowflex Brand,Results Treadmill,Online Search,CAM31081 dosg2gl1,Web,7/3/2017,7/9/2017,0,199.00
45863936,Bowflex Brand,Bowflex Revolution,Online Search,CAM31081 dosg2gl1,Web,7/3/2017,7/9/2017,0,99.00
45863936,Bowflex Brand,Bowflex Revolution,Online Search,CAM31081 dosg2gl1,Web,7/3/2017,7/9/2017,1,2599.00
45863936,Bowflex Brand,Bowflex Selecttech Dumbbells,Online Search,CAM31081 dosg2gl1,Web,7/3/2017,7/9/2017,1,499.00
45863936,Bowflex Brand,Bowflex Selecttech Dumbbells,Online Search,CAM31081 dosg2gl1,Web,7/3/2017,7/9/2017,0,69.00
45863936,Bowflex Brand,Bowflex Revolution,Online Search,CAM31081 dosg2gl1,Web,7/3/2017,7/9/2017,0,299.00
45864036,Bowflex Max Trainer,Bowflex Max Trainer,Online Display,CAM50714 DODG2EDL3,Web,7/3/2017,7/9/2017,1,999.00
45864236,Bowflex Brand,Bowflex Selecttech Dumbbells,Online Search,CAM31081 dosg2gl1,Web,7/3/2017,7/9/2017,1,549.00
45864437,Bowflex Max Trainer,Bowflex Max Trainer,Online Search,CAM45729 DOSG2ESL6,Web,7/3/2017,7/9/2017,1,1449.00
45864537,Bowflex Brand,Bowflex Max Trainer,Online Search,CAM31081 dosg2gl1,Web,7/3/2017,7/9/2017,1,1999.00
45864537,Bowflex Brand,Treadclimber,Online Search,CAM31081 dosg2gl1,Web,7/3/2017,7/9/2017,0,.00
45864637,Bowflex Max Trainer,Bowflex Max Trainer,Online Search,CAM44497 dosg2esl1,Web,7/3/2017,7/9/2017,1,1449.00
45864637,Bowflex Max Trainer,Bowflex Max Trainer,Online Search,CAM44497 dosg2esl1,Web,7/3/2017,7/9/2017,0,169.00
45864737,Bowflex HVT,Bowflex HVT,Online Shopping,CAM50808 DOFG2HFEED1,Web,7/3/2017,7/9/2017,1,1699.00
45864738,Bowflex Max Trainer,Bowflex Max Trainer,Online Search,CAM45730 DOSG2ESL7,Web,7/3/2017,7/9/2017,1,1449.00
45864738,Bowflex Max Trainer,Bowflex Max Trainer,Online Search,CAM45730 DOSG2ESL7,Web,7/3/2017,7/9/2017,0,169.00
45864738,Bowflex Max Trainer,Treadclimber,Online Search,CAM45730 DOSG2ESL7,Web,7/3/2017,7/9/2017,0,99.00
45864738,Bowflex Max Trainer,Bowflex Max Trainer,Online Search,CAM45730 DOSG2ESL7,Web,7/3/2017,7/9/2017,0,169.00
45864837,Bowflex Home Gyms,Bowflex HVT,Un-Sourced,CAM40821 1800BOWFLEX,Call Center Internal,7/3/2017,7/9/2017,1,1799.00
45864837,Bowflex Home Gyms,Bowflex HVT,Un-Sourced,CAM40821 1800BOWFLEX,Call Center Internal,7/3/2017,7/9/2017,0,99.00
45864838,Bowflex Brand,Treadclimber,Online Search,CAM30796 SAWDOSG2G,Call Center Internal,7/3/2017,7/9/2017,1,1599.00
45864838,Bowflex Brand,Treadclimber,Online Search,CAM30796 SAWDOSG2G,Call Center Internal,7/3/2017,7/9/2017,0,249.00
45864838,Bowflex Brand,Treadclimber,Online Search,CAM30796 SAWDOSG2G,Call Center Internal,7/3/2017,7/9/2017,0,199.00
45864838,Bowflex Brand,,Online Search,CAM30796 SAWDOSG2G,Call Center Internal,7/3/2017,7/9/2017,0,99.00
45864838,Bowflex Brand,Treadclimber,Online Search,CAM30796 SAWDOSG2G,Call Center Internal,7/3/2017,7/9/2017,0,.00
45864839,Bowflex Max Trainer,Bowflex Max Trainer,Online Search,CAM45729 DOSG2ESL6,Web,7/3/2017,7/9/2017,1,999.00
45864939,Bowflex Max Trainer,Bowflex Max Trainer,Online Search,CAM48984 DOSG2ESL11,Web,7/3/2017,7/9/2017,1,1999.00
45864939,Bowflex Max Trainer,Treadclimber,Online Search,CAM48984 DOSG2ESL11,Web,7/3/2017,7/9/2017,0,.00
45865039,Bowflex Brand,Bowflex Max Trainer,Online Search,CAM30796 SAWDOSG2G,Call Center Internal,7/3/2017,7/9/2017,1,1449.00
45865040,Bowflex Selecttech Dumbbells,Bowflex Selecttech Dumbbells,Online Search,CAM36882 dosbidsl1,Web,7/3/2017,7/9/2017,1,355.40
45865040,Bowflex Selecttech Dumbbells,Bowflex Selecttech Dumbbells,Online Search,CAM36882 dosbidsl1,Web,7/3/2017,7/9/2017,0,139.30
45865040,Bowflex Selecttech Dumbbells,Bowflex Selecttech Dumbbells,Online Search,CAM36882 dosbidsl1,Web,7/3/2017,7/9/2017,0,104.30
45865140,Bowflex Max Trainer,Bowflex Max Trainer,Online Shopping,CAM44887 dofg2efeed1,Web,7/3/2017,7/9/2017,1,999.00
45865240,Bowflex Brand,Bowflex Max Trainer,Electronic - UnSourced,CAM16616 DEGBFBHG,Web,7/3/2017,7/9/2017,1,1449.00
45865240,Bowflex Brand,Bowflex Max Trainer,Electronic - UnSourced,CAM16616 DEGBFBHG,Web,7/3/2017,7/9/2017,0,129.00
45865240,Bowflex Brand,Bowflex Max Trainer,Electronic - UnSourced,CAM16616 DEGBFBHG,Web,7/3/2017,7/9/2017,0,169.00
45865340,Bowflex Max Trainer,Bowflex Max Trainer,Online Search,CAM44223 SAWDOSBIE,Call Center Internal,7/3/2017,7/9/2017,1,1999.00
45865340,Bowflex Max Trainer,Treadclimber,Online Search,CAM44223 SAWDOSBIE,Call Center Internal,7/3/2017,7/9/2017,0,.00
45865341,Bowflex Brand,Results Treadmill,Electronic - UnSourced,CAM16616 DEGBFBHG,Web,7/3/2017,7/9/2017,0,1799.00
45865442,Bowflex Brand,Bowflex Max Trainer,Online Search,CAM30755 dosg2gsl1,Web,7/3/2017,7/9/2017,1,1449.00
45865442,Bowflex Brand,Bowflex Max Trainer,Online Search,CAM30755 dosg2gsl1,Web,7/3/2017,7/9/2017,0,169.00
45865542,Bowflex Brand,Treadclimber,Electronic - UnSourced,CAM16616 DEGBFBHG,Web,7/3/2017,7/9/2017,1,2399.00
45865542,Bowflex Brand,Treadclimber,Electronic - UnSourced,CAM16616 DEGBFBHG,Web,7/3/2017,7/9/2017,0,299.00
45865542,Bowflex Brand,Treadclimber,Electronic - UnSourced,CAM16616 DEGBFBHG,Web,7/3/2017,7/9/2017,0,99.00
45865542,Bowflex Brand,Treadclimber,Electronic - UnSourced,CAM16616 DEGBFBHG,Web,7/3/2017,7/9/2017,0,249.00
45865543,Bowflex Brand,Bowflex Max Trainer,Online Search,CAM31081 dosg2gl1,Web,7/3/2017,7/9/2017,1,1449.00
45865642,Bowflex Selecttech Dumbbells,Bowflex Selecttech Dumbbells,Un-Sourced,CAM40819 1800SELECTTECH,Call Center Internal,7/3/2017,7/9/2017,1,421.99
45865643,Bowflex Brand,Bowflex Max Trainer,Electronic - UnSourced,CAM16616 DEGBFBHG,Web,7/3/2017,7/9/2017,1,1999.00
45865643,Bowflex Brand,Bowflex Max Trainer,Electronic - UnSourced,CAM16616 DEGBFBHG,Web,7/3/2017,7/9/2017,0,209.00
45865643,Bowflex Brand,Treadclimber,Electronic - UnSourced,CAM16616 DEGBFBHG,Web,7/3/2017,7/9/2017,0,.00
45865644,Bowflex Brand,Bowflex Max Trainer,Electronic - UnSourced,CAM16616 DEGBFBHG,Web,7/3/2017,7/9/2017,1,1449.00
45865743,Bowflex Brand,Bowflex Max Trainer,Electronic - UnSourced,CAM49450 BOWWEB800,Call Center Internal,7/3/2017,7/9/2017,1,1119.30
45865743,Bowflex Brand,Treadclimber,Electronic - UnSourced,CAM49450 BOWWEB800,Call Center Internal,7/3/2017,7/9/2017,0,69.30
45865744,Bowflex Brand,Bowflex Catalog,Online Search,CAM30796 SAWDOSG2G,Call Center Internal,7/3/2017,7/9/2017,0,40.00
45865744,Bowflex Brand,Bowflex Catalog,Online Search,CAM30796 SAWDOSG2G,Call Center Internal,7/3/2017,7/9/2017,0,49.99
45865744,Bowflex Brand,Treadclimber,Online Search,CAM30796 SAWDOSG2G,Call Center Internal,7/3/2017,7/9/2017,0,99.00
45865745,Bowflex Brand,Bowflex Selecttech Dumbbells,Online Search,CAM39441 dosbigl1,Web,7/3/2017,7/9/2017,1,355.40
45865745,Bowflex Brand,Bowflex Selecttech Dumbbells,Online Search,CAM39441 dosbigl1,Web,7/3/2017,7/9/2017,0,139.30
45865745,Bowflex Brand,Bowflex Selecttech Dumbbells,Online Search,CAM39441 dosbigl1,Web,7/3/2017,7/9/2017,0,104.30
45865845,Bowflex Max Trainer,Bowflex Max Trainer,Online Search,CAM47150 DOSG2ESL9,Web,7/3/2017,7/9/2017,1,1449.00
45866045,Bowflex Brand,Bowflex Home Gyms,Online Search,CAM49688 SAWDOSBI,Call Center Internal,7/3/2017,7/9/2017,0,279.30
45866047,Bowflex Brand,Bowflex Max Trainer,Un-Sourced,CAM49456 BCARECREDIT,Call Center Internal,7/3/2017,7/9/2017,1,1999.00
45866047,Bowflex Brand,Bowflex Max Trainer,Un-Sourced,CAM49456 BCARECREDIT,Call Center Internal,7/3/2017,7/9/2017,0,169.00
45866047,Bowflex Brand,Treadclimber,Un-Sourced,CAM49456 BCARECREDIT,Call Center Internal,7/3/2017,7/9/2017,0,.00
45866048,Bowflex Brand,Bowflex Home Gyms,Electronic - UnSourced,CAM49450 BOWWEB800,Call Center Internal,7/3/2017,7/9/2017,1,1199.00
45866048,Bowflex Brand,Bowflex Home Gyms,Electronic - UnSourced,CAM49450 BOWWEB800,Call Center Internal,7/3/2017,7/9/2017,0,99.00
45866049,Bowflex Max Trainer,Bowflex Max Trainer,Un-Sourced,CAM45327 1800MAXTRAINER,Call Center Internal,7/3/2017,7/9/2017,1,1999.00
45866049,Bowflex Max Trainer,Treadclimber,Un-Sourced,CAM45327 1800MAXTRAINER,Call Center Internal,7/3/2017,7/9/2017,0,.00
45866049,Bowflex Max Trainer,Bowflex Max Trainer,Un-Sourced,CAM45327 1800MAXTRAINER,Call Center Internal,7/3/2017,7/9/2017,0,169.00
45866150,Bowflex Brand,Bowflex Selecttech Dumbbells,Electronic - UnSourced,CAM49450 BOWWEB800,Call Center Internal,7/3/2017,7/9/2017,1,549.00
45866150,Bowflex Brand,Bowflex Selecttech Dumbbells,Electronic - UnSourced,CAM49450 BOWWEB800,Call Center Internal,7/3/2017,7/9/2017,0,139.00
45866150,Bowflex Brand,Bowflex Selecttech Dumbbells,Electronic - UnSourced,CAM49450 BOWWEB800,Call Center Internal,7/3/2017,7/9/2017,0,199.00
45866151,Bowflex Home Gyms,Bowflex Max Trainer,Un-Sourced,CAM40821 1800BOWFLEX,Call Center Internal,7/3/2017,7/9/2017,1,1999.00
45866151,Bowflex Home Gyms,Bowflex Max Trainer,Un-Sourced,CAM40821 1800BOWFLEX,Call Center Internal,7/3/2017,7/9/2017,0,169.00
45866151,Bowflex Home Gyms,Treadclimber,Un-Sourced,CAM40821 1800BOWFLEX,Call Center Internal,7/3/2017,7/9/2017,0,.00
45866152,Bowflex Home Gyms,Bowflex Revolution,Online Shopping,CAM32062 dofg2gfeed1,Web,7/3/2017,7/9/2017,1,2599.00
45866252,Treadclimber,Treadclimber,Online Search,CAM37440 dosg2tsl21,Web,7/3/2017,7/9/2017,1,1599.00
45866252,Treadclimber,Treadclimber,Online Search,CAM37440 dosg2tsl21,Web,7/3/2017,7/9/2017,0,99.00
45866252,Treadclimber,Treadclimber,Online Search,CAM37440 dosg2tsl21,Web,7/3/2017,7/9/2017,0,249.00
45866353,Bowflex Max Trainer,Bowflex Max Trainer,Online Search,CAM47150 DOSG2ESL9,Web,7/3/2017,7/9/2017,1,999.00
45866353,Bowflex Max Trainer,Bowflex Max Trainer,Online Search,CAM47150 DOSG2ESL9,Web,7/3/2017,7/9/2017,0,79.00
45866453,Bowflex Brand,Bowflex Max Trainer,Electronic - UnSourced,CAM16616 DEGBFBHG,Web,7/3/2017,7/9/2017,1,1449.00
45866453,Bowflex Brand,Bowflex Max Trainer,Electronic - UnSourced,CAM16616 DEGBFBHG,Web,7/3/2017,7/9/2017,0,129.00
45866653,Bowflex Brand,Bowflex Selecttech Dumbbells,Online Search,CAM31081 dosg2gl1,Web,7/3/2017,7/9/2017,1,299.00
45866753,Bowflex Max Trainer,Bowflex Max Trainer,Un-Sourced,CAM45327 1800MAXTRAINER,Call Center Internal,7/3/2017,7/9/2017,1,1449.00
45866753,Bowflex Max Trainer,Bowflex Max Trainer,Un-Sourced,CAM45327 1800MAXTRAINER,Call Center Internal,7/3/2017,7/9/2017,0,169.00
45866754,Bowflex Max Trainer,Bowflex Max Trainer,Online Display,CAM50256 DODG2EDL1,Web,7/3/2017,7/9/2017,1,1449.00
45866855,Bowflex Max Trainer,Bowflex Max Trainer,Online Search,CAM44497 dosg2esl1,Web,7/3/2017,7/9/2017,1,1449.00
45866955,Bowflex Brand,Bowflex Max Trainer,Electronic - UnSourced,CAM16616 DEGBFBHG,Web,7/3/2017,7/9/2017,1,1449.00
45866956,Bowflex Max Trainer,Bowflex Max Trainer,Online Search,CAM44497 dosg2esl1,Web,7/3/2017,7/9/2017,1,999.00
45867156,Bowflex Max Trainer,Bowflex Max Trainer,Online Shopping,CAM44887 dofg2efeed1,Web,7/3/2017,7/9/2017,1,1449.00
45867156,Bowflex Max Trainer,Bowflex Max Trainer,Online Shopping,CAM44887 dofg2efeed1,Web,7/3/2017,7/9/2017,0,169.00
45867157,Bowflex Brand,Bowflex Max Trainer,Electronic - UnSourced,CAM16616 DEGBFBHG,Web,7/3/2017,7/9/2017,1,1449.00
45867256,Bowflex Brand,Bowflex Max Trainer,Online Search,CAM31081 dosg2gl1,Web,7/3/2017,7/9/2017,1,1999.00
45867256,Bowflex Brand,Treadclimber,Online Search,CAM31081 dosg2gl1,Web,7/3/2017,7/9/2017,0,.00
45867458,Bowflex Max Trainer,Bowflex Max Trainer,Online Search,CAM45730 DOSG2ESL7,Web,7/3/2017,7/9/2017,1,1449.00
45867458,Bowflex Max Trainer,Bowflex Max Trainer,Online Search,CAM45730 DOSG2ESL7,Web,7/3/2017,7/9/2017,0,169.00
45867558,Bowflex Max Trainer,Bowflex Max Trainer,Online Search,CAM44551 dosg2esl4,Web,7/3/2017,7/9/2017,1,1449.00
45867858,Bowflex Max Trainer,Bowflex Max Trainer,Short Form,CAM51536 FOXNN60*M350STIC,Call Center Internal,7/3/2017,7/9/2017,1,999.00
45867858,Bowflex Max Trainer,Treadclimber,Short Form,CAM51536 FOXNN60*M350STIC,Call Center Internal,7/3/2017,7/9/2017,0,99.00
45867858,Bowflex Max Trainer,Bowflex Max Trainer,Short Form,CAM51536 FOXNN60*M350STIC,Call Center Internal,7/3/2017,7/9/2017,0,109.00
45867858,Bowflex Max Trainer,Bowflex Catalog,Short Form,CAM51536 FOXNN60*M350STIC,Call Center Internal,7/3/2017,7/9/2017,0,13.99
45867858,Bowflex Max Trainer,Bowflex Catalog,Short Form,CAM51536 FOXNN60*M350STIC,Call Center Internal,7/3/2017,7/9/2017,0,13.99
45867959,Bowflex Brand,Bowflex Max Trainer,Electronic - UnSourced,CAM16616 DEGBFBHG,Web,7/3/2017,7/9/2017,1,2349.00
45868059,Results Treadmill,Results Treadmill,Online Search,CAM50819 DOSBIBXTSL1,Web,7/3/2017,7/9/2017,0,1799.00
45868359,Bowflex Brand,Bowflex Max Trainer,Online Search,CAM39441 dosbigl1,Web,7/3/2017,7/9/2017,1,1449.00
45868559,Bowflex Brand,Bowflex Selecttech Dumbbells,Electronic - UnSourced,CAM49450 BOWWEB800,Call Center Internal,7/3/2017,7/9/2017,1,549.00
45868559,Bowflex Brand,Bowflex Selecttech Dumbbells,Electronic - UnSourced,CAM49450 BOWWEB800,Call Center Internal,7/3/2017,7/9/2017,0,139.00
45868660,Bowflex Home Gyms,Bowflex Max Trainer,Un-Sourced,CAM28157 SALESFOLLOWUP,Call Center Internal,7/3/2017,7/9/2017,1,1999.00
45868660,Bowflex Home Gyms,Bowflex Max Trainer,Un-Sourced,CAM28157 SALESFOLLOWUP,Call Center Internal,7/3/2017,7/9/2017,0,169.00
45868660,Bowflex Home Gyms,Treadclimber,Un-Sourced,CAM28157 SALESFOLLOWUP,Call Center Internal,7/3/2017,7/9/2017,0,.00
45868761,Bowflex Brand,Bowflex Home Gyms,Electronic - UnSourced,CAM49450 BOWWEB800,Call Center Internal,7/3/2017,7/9/2017,1,1399.00
45868761,Bowflex Brand,Bowflex Home Gyms,Electronic - UnSourced,CAM49450 BOWWEB800,Call Center Internal,7/3/2017,7/9/2017,0,.00
45868762,Bowflex Max Trainer,Bowflex Max Trainer,Un-Sourced,CAM45327 1800MAXTRAINER,Call Center Internal,7/3/2017,7/9/2017,1,1999.00
45868762,Bowflex Max Trainer,Treadclimber,Un-Sourced,CAM45327 1800MAXTRAINER,Call Center Internal,7/3/2017,7/9/2017,0,.00
45868762,Bowflex Max Trainer,Bowflex Max Trainer,Un-Sourced,CAM45327 1800MAXTRAINER,Call Center Internal,7/3/2017,7/9/2017,0,149.00
45868763,Bowflex Brand,Bowflex Max Trainer,Online Search,CAM31081 dosg2gl1,Web,7/3/2017,7/9/2017,1,1999.00
45868763,Bowflex Brand,Treadclimber,Online Search,CAM31081 dosg2gl1,Web,7/3/2017,7/9/2017,0,.00
45868863,Bowflex Max Trainer,Bowflex Max Trainer,Online Search,CAM44551 dosg2esl4,Web,7/3/2017,7/9/2017,1,1449.00
45868863,Bowflex Max Trainer,Bowflex Max Trainer,Online Search,CAM44551 dosg2esl4,Web,7/3/2017,7/9/2017,0,129.00
45868963,Bowflex Brand,Bowflex Home Gyms,Electronic - UnSourced,CAM16616 DEGBFBHG,Web,7/3/2017,7/9/2017,1,1199.00
45869063,Treadclimber,Treadclimber,Online Search,CAM48472 DOSG2TSL38,Web,7/3/2017,7/9/2017,1,1599.00
45869163,Bowflex Max Trainer,Bowflex Max Trainer,Online Search,CAM47150 DOSG2ESL9,Web,7/3/2017,7/9/2017,1,1449.00
45869163,Bowflex Max Trainer,Bowflex Selecttech Dumbbells,Online Search,CAM47150 DOSG2ESL9,Web,7/3/2017,7/9/2017,1,299.00
45869263,Bowflex Max Trainer,Bowflex Max Trainer,Online Search,CAM45732 DOSBIESL7,Web,7/3/2017,7/9/2017,1,1449.00
45869364,Bowflex Brand,Bowflex Max Trainer,Electronic - UnSourced,CAM49450 BOWWEB800,Call Center Internal,7/3/2017,7/9/2017,1,1449.00
45869364,Bowflex Brand,Bowflex Max Trainer,Electronic - UnSourced,CAM49450 BOWWEB800,Call Center Internal,7/3/2017,7/9/2017,0,169.00
45869364,Bowflex Brand,Bowflex Max Trainer,Electronic - UnSourced,CAM49450 BOWWEB800,Call Center Internal,7/3/2017,7/9/2017,0,169.00
45869364,Bowflex Brand,Treadclimber,Electronic - UnSourced,CAM49450 BOWWEB800,Call Center Internal,7/3/2017,7/9/2017,0,.00
45869568,Bowflex Home Gyms,Bowflex Max Trainer,Un-Sourced,CAM40821 1800BOWFLEX,Call Center Internal,7/3/2017,7/9/2017,1,999.00
45869568,Bowflex Home Gyms,Bowflex Max Trainer,Un-Sourced,CAM40821 1800BOWFLEX,Call Center Internal,7/3/2017,7/9/2017,0,109.00
45869571,Bowflex Brand,Bowflex Max Trainer,Electronic - UnSourced,CAM16616 DEGBFBHG,Web,7/3/2017,7/9/2017,1,1449.00
45869572,Bowflex Brand,Bowflex Max Trainer,Electronic - UnSourced,CAM16616 DEGBFBHG,Web,7/3/2017,7/9/2017,1,1449.00
45869671,Bowflex Brand,Bowflex Max Trainer,Electronic - UnSourced,CAM16616 DEGBFBHG,Web,7/3/2017,7/9/2017,1,1449.00
45869672,Bowflex Brand,Bowflex Selecttech Dumbbells,Electronic - UnSourced,CAM16616 DEGBFBHG,Web,7/3/2017,7/9/2017,1,249.00
45869672,Bowflex Brand,Bowflex Selecttech Dumbbells,Electronic - UnSourced,CAM16616 DEGBFBHG,Web,7/3/2017,7/9/2017,0,139.00
45869771,Bowflex Max Trainer,Bowflex Max Trainer,Online Search,CAM48984 DOSG2ESL11,Web,7/3/2017,7/9/2017,1,1449.00
45869771,Bowflex Max Trainer,Bowflex Max Trainer,Online Search,CAM48984 DOSG2ESL11,Web,7/3/2017,7/9/2017,0,129.00
45869771,Bowflex Max Trainer,Bowflex Max Trainer,Online Search,CAM48984 DOSG2ESL11,Web,7/3/2017,7/9/2017,0,169.00
45870071,Bowflex Max Trainer,Bowflex Max Trainer,Short Form,CAM51521 WGNAN60*M350CTIC,Call Center Internal,7/3/2017,7/9/2017,1,1999.00
45870071,Bowflex Max Trainer,Treadclimber,Short Form,CAM51521 WGNAN60*M350CTIC,Call Center Internal,7/3/2017,7/9/2017,0,.00
45870071,Bowflex Max Trainer,Bowflex Max Trainer,Short Form,CAM51521 WGNAN60*M350CTIC,Call Center Internal,7/3/2017,7/9/2017,0,169.00
45870071,Bowflex Max Trainer,Bowflex Max Trainer,Short Form,CAM51521 WGNAN60*M350CTIC,Call Center Internal,7/3/2017,7/9/2017,0,149.00
45870273,Bowflex Max Trainer,Bowflex Max Trainer,Online Search,CAM44497 dosg2esl1,Web,7/3/2017,7/9/2017,1,1449.00
45870273,Bowflex Max Trainer,Bowflex Max Trainer,Online Search,CAM44497 dosg2esl1,Web,7/3/2017,7/9/2017,0,169.00
45870373,Bowflex Brand,Bowflex Max Trainer,Electronic - UnSourced,CAM16616 DEGBFBHG,Web,7/3/2017,7/9/2017,1,2349.00
45870373,Bowflex Brand,Bowflex Max Trainer,Electronic - UnSourced,CAM16616 DEGBFBHG,Web,7/3/2017,7/9/2017,0,169.00
45870673,Bowflex Max Trainer,Bowflex Max Trainer,Online Search,CAM47150 DOSG2ESL9,Web,7/3/2017,7/9/2017,1,1099.00
45870873,Bowflex Max Trainer,Bowflex Max Trainer,Short Form,CAM51521 WGNAN60*M350CTIC,Call Center Internal,7/3/2017,7/9/2017,1,1449.00
45870873,Bowflex Max Trainer,Treadclimber,Short Form,CAM51521 WGNAN60*M350CTIC,Call Center Internal,7/3/2017,7/9/2017,0,.00
45870873,Bowflex Max Trainer,Bowflex Max Trainer,Short Form,CAM51521 WGNAN60*M350CTIC,Call Center Internal,7/3/2017,7/9/2017,0,169.00
45870873,Bowflex Max Trainer,Bowflex Max Trainer,Short Form,CAM51521 WGNAN60*M350CTIC,Call Center Internal,7/3/2017,7/9/2017,0,169.00
45870874,Bowflex Max Trainer,Bowflex Max Trainer,Online Display,CAM50714 DODG2EDL3,Web,7/3/2017,7/9/2017,1,1449.00
45870974,Bowflex Brand,Treadclimber,Electronic - UnSourced,CAM49450 BOWWEB800,Call Center Internal,7/3/2017,7/9/2017,1,1599.00
45870974,Bowflex Brand,Treadclimber,Electronic - UnSourced,CAM49450 BOWWEB800,Call Center Internal,7/3/2017,7/9/2017,0,249.00
45870975,Bowflex Brand,Bowflex Max Trainer,Electronic - UnSourced,CAM16616 DEGBFBHG,Web,7/3/2017,7/9/2017,1,1999.00
45870975,Bowflex Brand,Treadclimber,Electronic - UnSourced,CAM16616 DEGBFBHG,Web,7/3/2017,7/9/2017,0,.00
45871075,Bowflex Max Trainer,Bowflex Max Trainer,Online Search,CAM45730 DOSG2ESL7,Web,7/3/2017,7/9/2017,1,1449.00
45871075,Bowflex Max Trainer,Treadclimber,Online Search,CAM45730 DOSG2ESL7,Web,7/3/2017,7/9/2017,0,99.00
45871275,Bowflex Selecttech Dumbbells,Bowflex Selecttech Dumbbells,Online Search,CAM37428 dosg2dsl14,Web,7/3/2017,7/9/2017,0,139.30
45871275,Bowflex Selecttech Dumbbells,Bowflex Selecttech Dumbbells,Online Search,CAM37428 dosg2dsl14,Web,7/3/2017,7/9/2017,1,355.40
45871275,Bowflex Selecttech Dumbbells,Bowflex Selecttech Dumbbells,Online Search,CAM37428 dosg2dsl14,Web,7/3/2017,7/9/2017,0,104.30
45871375,Treadclimber,Treadclimber,Online Search,CAM49424 DOSG2T,Call Center Internal,7/3/2017,7/9/2017,1,2399.00
45871375,Treadclimber,Treadclimber,Online Search,CAM49424 DOSG2T,Call Center Internal,7/3/2017,7/9/2017,0,.00
45871375,Treadclimber,Treadclimber,Online Search,CAM49424 DOSG2T,Call Center Internal,7/3/2017,7/9/2017,0,249.00
45871375,Treadclimber,Treadclimber,Online Search,CAM49424 DOSG2T,Call Center Internal,7/3/2017,7/9/2017,0,199.00
45871377,Bowflex Brand,Bowflex Max Trainer,Online Search,CAM31081 dosg2gl1,Web,7/3/2017,7/9/2017,1,1449.00
45871377,Bowflex Brand,Treadclimber,Online Search,CAM31081 dosg2gl1,Web,7/3/2017,7/9/2017,0,99.00
45871377,Bowflex Brand,Bowflex Selecttech Dumbbells,Online Search,CAM31081 dosg2gl1,Web,7/3/2017,7/9/2017,1,299.00
45871377,Bowflex Brand,Bowflex Catalog,Online Search,CAM31081 dosg2gl1,Web,7/3/2017,7/9/2017,0,13.99
45871377,Bowflex Brand,Bowflex Home Gyms,Online Search,CAM31081 dosg2gl1,Web,7/3/2017,7/9/2017,0,27.98
45871476,Bowflex Selecttech Dumbbells,Bowflex Selecttech Dumbbells,Online Search,CAM37103 dosbidsl2,Web,7/3/2017,7/9/2017,1,355.40
45871476,Bowflex Selecttech Dumbbells,Bowflex Selecttech Dumbbells,Online Search,CAM37103 dosbidsl2,Web,7/3/2017,7/9/2017,0,104.30
45871476,Bowflex Selecttech Dumbbells,Bowflex Selecttech Dumbbells,Online Search,CAM37103 dosbidsl2,Web,7/3/2017,7/9/2017,0,139.30
45871576,Bowflex HVT,Bowflex HVT,Online Shopping,CAM50808 DOFG2HFEED1,Web,7/3/2017,7/9/2017,1,1799.00
45871676,Bowflex Brand,Bowflex HVT,Electronic - UnSourced,CAM16616 DEGBFBHG,Web,7/3/2017,7/9/2017,1,1799.00
45871776,Bowflex Brand,Bowflex Selecttech Dumbbells,Electronic - UnSourced,CAM16616 DEGBFBHG,Web,7/3/2017,7/9/2017,0,158.99
45871776,Bowflex Brand,Bowflex Selecttech Dumbbells,Electronic - UnSourced,CAM16616 DEGBFBHG,Web,7/3/2017,7/9/2017,1,299.00
45871876,Bowflex Home Gyms,Bowflex Home Gyms,Online Shopping,CAM32062 dofg2gfeed1,Web,7/3/2017,7/9/2017,1,1199.00
45871977,Bowflex Max Trainer,Bowflex Max Trainer,Online Display,CAM50714 DODG2EDL3,Web,7/3/2017,7/9/2017,1,1449.00
45872376,Bowflex Brand,Bowflex Max Trainer,Electronic - UnSourced,CAM49450 BOWWEB800,Call Center Internal,7/3/2017,7/9/2017,1,1999.00
45872376,Bowflex Brand,Treadclimber,Electronic - UnSourced,CAM49450 BOWWEB800,Call Center Internal,7/3/2017,7/9/2017,0,.00
45872376,Bowflex Brand,Bowflex Catalog,Electronic - UnSourced,CAM49450 BOWWEB800,Call Center Internal,7/3/2017,7/9/2017,0,.00
45872376,Bowflex Brand,Bowflex Catalog,Electronic - UnSourced,CAM49450 BOWWEB800,Call Center Internal,7/3/2017,7/9/2017,0,.00
45872678,Bowflex Max Trainer,Bowflex Max Trainer,Online Search,CAM44497 dosg2esl1,Web,7/3/2017,7/9/2017,1,1449.00
45872778,Bowflex Brand,Bowflex Selecttech Dumbbells,Electronic - UnSourced,CAM16616 DEGBFBHG,Web,7/3/2017,7/9/2017,1,355.40
45872778,Bowflex Brand,Bowflex Selecttech Dumbbells,Electronic - UnSourced,CAM16616 DEGBFBHG,Web,7/3/2017,7/9/2017,0,104.30
45872778,Bowflex Brand,Bowflex Selecttech Dumbbells,Electronic - UnSourced,CAM16616 DEGBFBHG,Web,7/3/2017,7/9/2017,0,139.30
45872878,Bowflex HVT,Bowflex HVT,Un-Sourced,CAM50745 1800HVT,Call Center Internal,7/3/2017,7/9/2017,1,1799.00
45872878,Bowflex HVT,Bowflex HVT,Un-Sourced,CAM50745 1800HVT,Call Center Internal,7/3/2017,7/9/2017,0,.00
45872878,Bowflex HVT,Bowflex HVT,Un-Sourced,CAM50745 1800HVT,Call Center Internal,7/3/2017,7/9/2017,0,139.00
45872879,Bowflex Brand,Bowflex Max Trainer,Online Search,CAM31081 dosg2gl1,Web,7/3/2017,7/9/2017,1,1999.00
45872879,Bowflex Brand,Treadclimber,Online Search,CAM31081 dosg2gl1,Web,7/3/2017,7/9/2017,0,.00
45872880,Bowflex Brand,Bowflex Max Trainer,Online Search,CAM31081 dosg2gl1,Web,7/3/2017,7/9/2017,1,1449.00
45872880,Bowflex Brand,Bowflex Max Trainer,Online Search,CAM31081 dosg2gl1,Web,7/3/2017,7/9/2017,0,169.00
45872979,Bowflex Max Trainer,Bowflex Max Trainer,Online Search,CAM44497 dosg2esl1,Web,7/3/2017,7/9/2017,1,1449.00
45872979,Bowflex Max Trainer,Bowflex Max Trainer,Online Search,CAM44497 dosg2esl1,Web,7/3/2017,7/9/2017,0,169.00
45872979,Bowflex Max Trainer,Bowflex Max Trainer,Online Search,CAM44497 dosg2esl1,Web,7/3/2017,7/9/2017,0,169.00
45873079,Bowflex Max Trainer,Bowflex Max Trainer,Online Search,CAM44497 dosg2esl1,Web,7/3/2017,7/9/2017,1,999.00
45873179,Bowflex Max Trainer,Bowflex Max Trainer,Online Shopping,CAM44887 dofg2efeed1,Web,7/3/2017,7/9/2017,1,1449.00
45873280,Bowflex Selecttech Dumbbells,Bowflex Selecttech Dumbbells,Online Search,CAM37432 dosg2dsl18,Web,7/3/2017,7/9/2017,1,355.40
45873280,Bowflex Selecttech Dumbbells,Bowflex Selecttech Dumbbells,Online Search,CAM37432 dosg2dsl18,Web,7/3/2017,7/9/2017,0,104.30
45873280,Bowflex Selecttech Dumbbells,Bowflex Selecttech Dumbbells,Online Search,CAM37432 dosg2dsl18,Web,7/3/2017,7/9/2017,0,139.30
45873280,Bowflex Selecttech Dumbbells,Bowflex Selecttech Dumbbells,Online Search,CAM37432 dosg2dsl18,Web,7/3/2017,7/9/2017,0,69.00
45873480,Bowflex Brand,Bowflex Max Trainer,Electronic - UnSourced,CAM16616 DEGBFBHG,Web,7/3/2017,7/9/2017,1,1999.00
45873480,Bowflex Brand,Treadclimber,Electronic - UnSourced,CAM16616 DEGBFBHG,Web,7/3/2017,7/9/2017,0,.00
45873480,Bowflex Brand,Bowflex UpperCut,Electronic - UnSourced,CAM16616 DEGBFBHG,Web,7/3/2017,7/9/2017,0,14.95
45873480,Bowflex Brand,Bowflex Catalog,Electronic - UnSourced,CAM16616 DEGBFBHG,Web,7/3/2017,7/9/2017,0,49.99
45873480,Bowflex Brand,Bowflex Catalog,Electronic - UnSourced,CAM16616 DEGBFBHG,Web,7/3/2017,7/9/2017,0,40.00
45873480,Bowflex Brand,Bowflex Max Trainer,Electronic - UnSourced,CAM16616 DEGBFBHG,Web,7/3/2017,7/9/2017,0,169.00
45873580,Bowflex HVT,Bowflex HVT,Online Search,CAM50810 DOSG2HSL1,Web,7/3/2017,7/9/2017,1,1799.00
45873780,Treadclimber,Treadclimber,Online Search,CAM37440 dosg2tsl21,Web,7/3/2017,7/9/2017,1,1599.00
45874180,Bowflex Brand,Bowflex Max Trainer,Electronic - UnSourced,CAM49450 BOWWEB800,Call Center Internal,7/3/2017,7/9/2017,1,1449.00
45874180,Bowflex Brand,Bowflex Max Trainer,Electronic - UnSourced,CAM49450 BOWWEB800,Call Center Internal,7/3/2017,7/9/2017,0,169.00
45874282,Bowflex Max Trainer,Bowflex Max Trainer,Online Search,CAM44497 dosg2esl1,Web,7/3/2017,7/9/2017,1,999.00
45874282,Bowflex Max Trainer,Bowflex Max Trainer,Online Search,CAM44497 dosg2esl1,Web,7/3/2017,7/9/2017,0,109.00
45874282,Bowflex Max Trainer,Treadclimber,Online Search,CAM44497 dosg2esl1,Web,7/3/2017,7/9/2017,0,99.00
45874382,Bowflex Max Trainer,Bowflex Max Trainer,Online Shopping,CAM44887 dofg2efeed1,Web,7/3/2017,7/9/2017,1,1449.00
45874382,Bowflex Max Trainer,Bowflex Max Trainer,Online Shopping,CAM44887 dofg2efeed1,Web,7/3/2017,7/9/2017,0,129.00
45874582,Bowflex Max Trainer,Bowflex Max Trainer,Online Display,CAM49580 DODTABOOLAEDL2,Web,7/3/2017,7/9/2017,1,1449.00
45874682,Bowflex Brand,Bowflex Max Trainer,Online Search,CAM30796 SAWDOSG2G,Call Center Internal,7/3/2017,7/9/2017,1,1999.00
45874682,Bowflex Brand,Treadclimber,Online Search,CAM30796 SAWDOSG2G,Call Center Internal,7/3/2017,7/9/2017,0,.00
45874682,Bowflex Brand,Bowflex Catalog,Online Search,CAM30796 SAWDOSG2G,Call Center Internal,7/3/2017,7/9/2017,0,40.00
45874682,Bowflex Brand,Bowflex Home Gyms,Online Search,CAM30796 SAWDOSG2G,Call Center Internal,7/3/2017,7/9/2017,0,13.99
45874682,Bowflex Brand,Bowflex Catalog,Online Search,CAM30796 SAWDOSG2G,Call Center Internal,7/3/2017,7/9/2017,0,40.00
45874682,Bowflex Brand,Bowflex Catalog,Online Search,CAM30796 SAWDOSG2G,Call Center Internal,7/3/2017,7/9/2017,0,13.99
45874682,Bowflex Brand,Bowflex Catalog,Online Search,CAM30796 SAWDOSG2G,Call Center Internal,7/3/2017,7/9/2017,0,13.99
45874682,Bowflex Brand,Bowflex Home Gyms,Online Search,CAM30796 SAWDOSG2G,Call Center Internal,7/3/2017,7/9/2017,0,13.99
45874682,Bowflex Brand,Bowflex Catalog,Online Search,CAM30796 SAWDOSG2G,Call Center Internal,7/3/2017,7/9/2017,0,49.99
45874682,Bowflex Brand,Bowflex HVT,Online Search,CAM30796 SAWDOSG2G,Call Center Internal,7/3/2017,7/9/2017,1,1799.00
45874682,Bowflex Brand,Bowflex HVT,Online Search,CAM30796 SAWDOSG2G,Call Center Internal,7/3/2017,7/9/2017,0,99.00
45874684,Bowflex Home Gyms,Bowflex Selecttech Dumbbells,Un-Sourced,CAM40821 1800BOWFLEX,Call Center Internal,7/3/2017,7/9/2017,1,355.40
45874684,Bowflex Home Gyms,Bowflex Selecttech Dumbbells,Un-Sourced,CAM40821 1800BOWFLEX,Call Center Internal,7/3/2017,7/9/2017,0,104.30
45874684,Bowflex Home Gyms,Bowflex Selecttech Dumbbells,Un-Sourced,CAM40821 1800BOWFLEX,Call Center Internal,7/3/2017,7/9/2017,0,139.30
45874685,Bowflex Brand,Bowflex Selecttech Dumbbells,Electronic - UnSourced,CAM16616 DEGBFBHG,Web,7/3/2017,7/9/2017,1,299.00
45874785,Bowflex Max Trainer,Bowflex Max Trainer,Online Search,CAM45730 DOSG2ESL7,Web,7/3/2017,7/9/2017,1,1449.00
45874785,Bowflex Max Trainer,Treadclimber,Online Search,CAM45730 DOSG2ESL7,Web,7/3/2017,7/9/2017,0,99.00
45874786,Bowflex Max Trainer,Bowflex Max Trainer,Online Search,CAM44497 dosg2esl1,Web,7/3/2017,7/9/2017,1,1999.00
45874786,Bowflex Max Trainer,Treadclimber,Online Search,CAM44497 dosg2esl1,Web,7/3/2017,7/9/2017,0,.00
45874786,Bowflex Max Trainer,Bowflex Max Trainer,Online Search,CAM44497 dosg2esl1,Web,7/3/2017,7/9/2017,0,169.00
45874885,Bowflex Brand,Bowflex Max Trainer,Electronic - UnSourced,CAM16616 DEGBFBHG,Web,7/3/2017,7/9/2017,1,1449.00
45874885,Bowflex Brand,Bowflex Max Trainer,Electronic - UnSourced,CAM16616 DEGBFBHG,Web,7/3/2017,7/9/2017,0,169.00
45874985,Bowflex Brand,Bowflex Max Trainer,Electronic - UnSourced,CAM16616 DEGBFBHG,Web,7/3/2017,7/9/2017,1,1999.00
45874985,Bowflex Brand,Bowflex Max Trainer,Electronic - UnSourced,CAM16616 DEGBFBHG,Web,7/3/2017,7/9/2017,0,149.00
45874985,Bowflex Brand,Treadclimber,Electronic - UnSourced,CAM16616 DEGBFBHG,Web,7/3/2017,7/9/2017,0,.00
45875185,Bowflex Max Trainer,Bowflex Max Trainer,Un-Sourced,CAM45327 1800MAXTRAINER,Call Center Internal,7/3/2017,7/9/2017,1,999.00
45875286,Bowflex Home Gyms,Bowflex Max Trainer,Un-Sourced,CAM28157 SALESFOLLOWUP,Call Center Internal,7/3/2017,7/9/2017,1,1449.00
45875286,Bowflex Home Gyms,Treadclimber,Un-Sourced,CAM28157 SALESFOLLOWUP,Call Center Internal,7/3/2017,7/9/2017,0,99.00
45875387,Bowflex Brand,Bowflex Max Trainer,Electronic - UnSourced,CAM16616 DEGBFBHG,Web,7/3/2017,7/9/2017,1,1449.00
45875387,Bowflex Brand,Bowflex Max Trainer,Electronic - UnSourced,CAM16616 DEGBFBHG,Web,7/3/2017,7/9/2017,0,169.00
45875488,Bowflex Max Trainer,Bowflex Max Trainer,Short Form,CAM51502 GRITN60*M350CTIC,Call Center Internal,7/3/2017,7/9/2017,1,1449.00
45875488,Bowflex Max Trainer,Bowflex Max Trainer,Short Form,CAM51502 GRITN60*M350CTIC,Call Center Internal,7/3/2017,7/9/2017,0,129.00
45875488,Bowflex Max Trainer,Bowflex Max Trainer,Short Form,CAM51502 GRITN60*M350CTIC,Call Center Internal,7/3/2017,7/9/2017,0,169.00
45875789,Bowflex Max Trainer,Bowflex Max Trainer,Un-Sourced,CAM45327 1800MAXTRAINER,Call Center Internal,7/3/2017,7/9/2017,1,1449.00
45875790,Bowflex Brand,Bowflex Max Trainer,Online Search,CAM39441 dosbigl1,Web,7/3/2017,7/9/2017,1,1099.00
45875891,Bowflex Max Trainer,Bowflex Max Trainer,Short Form,CAM51526 BRNGN60*M350STIC,Call Center Internal,7/3/2017,7/9/2017,1,1449.00
45875891,Bowflex Max Trainer,Treadclimber,Short Form,CAM51526 BRNGN60*M350STIC,Call Center Internal,7/3/2017,7/9/2017,0,99.00
45875892,Bowflex Max Trainer,Bowflex Max Trainer,Online Display,CAM50714 DODG2EDL3,Web,7/3/2017,7/9/2017,1,1999.00
45875892,Bowflex Max Trainer,Treadclimber,Online Display,CAM50714 DODG2EDL3,Web,7/3/2017,7/9/2017,0,.00
45876192,Bowflex Max Trainer,Bowflex Max Trainer,Online Search,CAM45730 DOSG2ESL7,Web,7/3/2017,7/9/2017,1,1449.00
45876193,Bowflex Max Trainer,Bowflex Max Trainer,Online Display,CAM50714 DODG2EDL3,Web,7/3/2017,7/9/2017,1,1449.00
45876292,Bowflex Max Trainer,Bowflex Max Trainer,Online Search,CAM44497 dosg2esl1,Web,7/3/2017,7/9/2017,1,999.00
45876392,Bowflex Brand,Bowflex Max Trainer,Online Search,CAM31081 dosg2gl1,Web,7/3/2017,7/9/2017,1,1999.00
45876392,Bowflex Brand,Treadclimber,Online Search,CAM31081 dosg2gl1,Web,7/3/2017,7/9/2017,0,.00
45876492,Bowflex Brand,Bowflex HVT,Electronic - UnSourced,CAM16616 DEGBFBHG,Web,7/3/2017,7/9/2017,1,1799.00
45876692,Bowflex Max Trainer,Bowflex Max Trainer,Un-Sourced,CAM45327 1800MAXTRAINER,Call Center Internal,7/3/2017,7/9/2017,1,1449.00
45876692,Bowflex Max Trainer,Treadclimber,Un-Sourced,CAM45327 1800MAXTRAINER,Call Center Internal,7/3/2017,7/9/2017,0,99.00
45876693,Bowflex Brand,Bowflex Revolution,Online Search,CAM30755 dosg2gsl1,Web,7/3/2017,7/9/2017,0,238.99
45876793,Bowflex Max Trainer,Bowflex Max Trainer,Online Shopping,CAM44887 dofg2efeed1,Web,7/3/2017,7/9/2017,1,1999.00
45876793,Bowflex Max Trainer,Treadclimber,Online Shopping,CAM44887 dofg2efeed1,Web,7/3/2017,7/9/2017,0,.00
45876793,Bowflex Max Trainer,Bowflex Max Trainer,Online Shopping,CAM44887 dofg2efeed1,Web,7/3/2017,7/9/2017,0,169.00
45876794,Bowflex Brand,Bowflex HVT,Online Search,CAM31081 dosg2gl1,Web,7/3/2017,7/9/2017,0,108.99
45876993,Bowflex Max Trainer,Bowflex Max Trainer,Short Form,CAM51536 FOXNN60*M350STIC,Call Center Internal,7/3/2017,7/9/2017,1,1999.00
45876993,Bowflex Max Trainer,Treadclimber,Short Form,CAM51536 FOXNN60*M350STIC,Call Center Internal,7/3/2017,7/9/2017,0,.00
45876993,Bowflex Max Trainer,Bowflex Max Trainer,Short Form,CAM51536 FOXNN60*M350STIC,Call Center Internal,7/3/2017,7/9/2017,0,209.00
45877096,Bowflex Brand,Bowflex Max Trainer,Online Search,CAM31081 dosg2gl1,Web,7/3/2017,7/9/2017,1,1449.00
45877398,Results Treadmill,Results Treadmill,Online Search,CAM50818 DOSG2BXTSL1,Web,7/3/2017,7/9/2017,0,1799.00
45877498,Bowflex Brand,Bowflex Revolution,Electronic - UnSourced,CAM49450 BOWWEB800,Call Center Internal,7/3/2017,7/9/2017,1,2599.00
45877498,Bowflex Brand,Bowflex Revolution,Electronic - UnSourced,CAM49450 BOWWEB800,Call Center Internal,7/3/2017,7/9/2017,0,299.00
45877498,Bowflex Brand,Bowflex Revolution,Electronic - UnSourced,CAM49450 BOWWEB800,Call Center Internal,7/3/2017,7/9/2017,0,199.00
45877498,Bowflex Brand,Bowflex Home Gyms,Electronic - UnSourced,CAM49450 BOWWEB800,Call Center Internal,7/3/2017,7/9/2017,0,.00
45877600,Bowflex Max Trainer,Bowflex Max Trainer,Online Shopping,CAM44887 dofg2efeed1,Web,7/3/2017,7/9/2017,1,1449.00
45877600,Bowflex Max Trainer,Bowflex Max Trainer,Online Shopping,CAM44887 dofg2efeed1,Web,7/3/2017,7/9/2017,0,169.00
45877600,Bowflex Max Trainer,Treadclimber,Online Shopping,CAM44887 dofg2efeed1,Web,7/3/2017,7/9/2017,0,99.00
45877700,Bowflex Max Trainer,Treadclimber,Online Search,CAM45729 DOSG2ESL6,Web,7/3/2017,7/9/2017,0,99.00
45877700,Bowflex Max Trainer,Bowflex Max Trainer,Online Search,CAM45729 DOSG2ESL6,Web,7/3/2017,7/9/2017,1,999.00
45877700,Bowflex Max Trainer,Bowflex Max Trainer,Online Search,CAM45729 DOSG2ESL6,Web,7/3/2017,7/9/2017,0,109.00
45877900,Bowflex HVT,Bowflex HVT,Online Shopping,CAM50808 DOFG2HFEED1,Web,7/3/2017,7/9/2017,1,1799.00
45878000,Bowflex Max Trainer,Bowflex Max Trainer,Electronic - Short Form,CAM45798 DSEESF14H,Web,7/3/2017,7/9/2017,1,1449.00
45878503,Bowflex Max Trainer,Bowflex Max Trainer,Online Shopping,CAM44948 dofbiefeed1,Web,7/3/2017,7/9/2017,1,1449.00
45878603,Bowflex Max Trainer,Bowflex Max Trainer,Online Search,CAM44497 dosg2esl1,Web,7/3/2017,7/9/2017,1,1449.00
45878903,Bowflex Max Trainer,Bowflex Max Trainer,Online Search,CAM48984 DOSG2ESL11,Web,7/3/2017,7/9/2017,1,1999.00
45878903,Bowflex Max Trainer,Treadclimber,Online Search,CAM48984 DOSG2ESL11,Web,7/3/2017,7/9/2017,0,.00
45879003,Bowflex Max Trainer,Bowflex Max Trainer,Online Search,CAM45730 DOSG2ESL7,Web,7/3/2017,7/9/2017,1,1449.00
45879103,Bowflex Selecttech Dumbbells,Bowflex Max Trainer,Online Search,CAM37112 dosg2dsl11,Web,7/3/2017,7/9/2017,1,1449.00
45879203,Bowflex Brand,Bowflex Max Trainer,Electronic - UnSourced,CAM16616 DEGBFBHG,Web,7/3/2017,7/9/2017,1,1449.00
45879403,Bowflex Brand,Bowflex Max Trainer,Electronic - UnSourced,CAM16616 DEGBFBHG,Web,7/3/2017,7/9/2017,1,1442.83
45879403,Bowflex Brand,Bowflex Max Trainer,Electronic - UnSourced,CAM16616 DEGBFBHG,Web,7/3/2017,7/9/2017,0,169.00
45879503,Bowflex Max Trainer,Bowflex Max Trainer,Online Search,CAM44497 dosg2esl1,Web,7/3/2017,7/9/2017,1,1999.00
45879503,Bowflex Max Trainer,Bowflex Max Trainer,Online Search,CAM44497 dosg2esl1,Web,7/3/2017,7/9/2017,0,209.00
45879503,Bowflex Max Trainer,Treadclimber,Online Search,CAM44497 dosg2esl1,Web,7/3/2017,7/9/2017,0,.00
45879603,Bowflex Brand,Bowflex Max Trainer,Electronic - UnSourced,CAM16616 DEGBFBHG,Web,7/3/2017,7/9/2017,1,1999.00
45879603,Bowflex Brand,Bowflex Max Trainer,Electronic - UnSourced,CAM16616 DEGBFBHG,Web,7/3/2017,7/9/2017,0,209.00
45879603,Bowflex Brand,Treadclimber,Electronic - UnSourced,CAM16616 DEGBFBHG,Web,7/3/2017,7/9/2017,0,.00
45879603,Bowflex Brand,Bowflex Max Trainer,Electronic - UnSourced,CAM16616 DEGBFBHG,Web,7/3/2017,7/9/2017,0,169.00
45879604,Bowflex Selecttech Dumbbells,Bowflex Selecttech Dumbbells,Online Search,CAM37148 dosg2dsl12,Web,7/3/2017,7/9/2017,1,549.00
45879703,Bowflex Max Trainer,Bowflex HVT,Online Search,CAM44497 dosg2esl1,Web,7/3/2017,7/9/2017,1,1799.00
45879704,Treadclimber,Treadclimber,Online Search,CAM37440 dosg2tsl21,Web,7/3/2017,7/9/2017,1,1599.00
45879803,Bowflex Max Trainer,Bowflex Max Trainer,Online Search,CAM47150 DOSG2ESL9,Web,7/3/2017,7/9/2017,1,1749.00
45879803,Bowflex Max Trainer,Bowflex Max Trainer,Online Search,CAM47150 DOSG2ESL9,Web,7/3/2017,7/9/2017,0,169.00
45880003,Bowflex Max Trainer,Bowflex Max Trainer,Online Search,CAM44497 dosg2esl1,Web,7/3/2017,7/9/2017,1,1999.00
45880003,Bowflex Max Trainer,Treadclimber,Online Search,CAM44497 dosg2esl1,Web,7/3/2017,7/9/2017,0,.00
45880103,Bowflex Brand,Bowflex Selecttech Dumbbells,Electronic - UnSourced,CAM16616 DEGBFBHG,Web,7/3/2017,7/9/2017,1,355.40
45880103,Bowflex Brand,Bowflex Selecttech Dumbbells,Electronic - UnSourced,CAM16616 DEGBFBHG,Web,7/3/2017,7/9/2017,0,139.30
45880103,Bowflex Brand,Bowflex Selecttech Dumbbells,Electronic - UnSourced,CAM16616 DEGBFBHG,Web,7/3/2017,7/9/2017,0,104.30
45880203,Bowflex Brand,Bowflex Max Trainer,Online Search,CAM39441 dosbigl1,Web,7/3/2017,7/9/2017,1,1449.00
45880303,Bowflex Brand,Bowflex Revolution,Online Search,CAM31081 dosg2gl1,Web,7/3/2017,7/9/2017,1,2599.00
45880404,Bowflex Home Gyms,Bowflex Home Gyms,Online Shopping,CAM32062 dofg2gfeed1,Web,7/3/2017,7/9/2017,1,1199.00
45880405,Treadclimber,Treadclimber,Online Search,CAM37440 dosg2tsl21,Web,7/3/2017,7/9/2017,1,1599.00
45880405,Treadclimber,Treadclimber,Online Search,CAM37440 dosg2tsl21,Web,7/3/2017,7/9/2017,0,249.00
45880504,Bowflex Brand,Bowflex Max Trainer,Electronic - UnSourced,CAM16616 DEGBFBHG,Web,7/3/2017,7/9/2017,1,1449.00
45880904,Bowflex Max Trainer,Bowflex Max Trainer,Online Shopping,CAM44887 dofg2efeed1,Web,7/3/2017,7/9/2017,1,1449.00
45881304,Bowflex Home Gyms,Bowflex Home Gyms,Online Search,CAM49655 SAWDOSG2GSL,Call Center Internal,7/3/2017,7/9/2017,1,1199.00
45881304,Bowflex Home Gyms,Bowflex Home Gyms,Online Search,CAM49655 SAWDOSG2GSL,Call Center Internal,7/3/2017,7/9/2017,0,14.99
45881304,Bowflex Home Gyms,Bowflex Home Gyms,Online Search,CAM49655 SAWDOSG2GSL,Call Center Internal,7/3/2017,7/9/2017,0,199.99
45881304,Bowflex Home Gyms,Bowflex Home Gyms,Online Search,CAM49655 SAWDOSG2GSL,Call Center Internal,7/3/2017,7/9/2017,0,24.99
45881304,Bowflex Home Gyms,Bowflex Home Gyms,Online Search,CAM49655 SAWDOSG2GSL,Call Center Internal,7/3/2017,7/9/2017,0,34.99
45881305,Bowflex Brand,Bowflex Max Trainer,Online Search,CAM31081 dosg2gl1,Web,7/3/2017,7/9/2017,1,1449.00
45881505,Bowflex Brand,Bowflex Selecttech Dumbbells,Electronic - UnSourced,CAM16616 DEGBFBHG,Web,7/3/2017,7/9/2017,1,499.00
45881605,Bowflex Brand,Bowflex Max Trainer,Online Search,CAM39441 dosbigl1,Web,7/3/2017,7/9/2017,1,999.00
45881606,Bowflex Brand,Bowflex Max Trainer,Online Search,CAM31081 dosg2gl1,Web,7/3/2017,7/9/2017,1,1449.00
45881705,Bowflex Max Trainer,Bowflex Max Trainer,Online Shopping,CAM44887 dofg2efeed1,Web,7/3/2017,7/9/2017,1,1449.00
45881805,Bowflex Max Trainer,Bowflex Max Trainer,Online Display,CAM50714 DODG2EDL3,Web,7/3/2017,7/9/2017,1,1999.00
45881805,Bowflex Max Trainer,Bowflex Max Trainer,Online Display,CAM50714 DODG2EDL3,Web,7/3/2017,7/9/2017,0,209.00
45881805,Bowflex Max Trainer,Treadclimber,Online Display,CAM50714 DODG2EDL3,Web,7/3/2017,7/9/2017,0,.00
45881905,Bowflex Max Trainer,Bowflex Max Trainer,Online Display,CAM50256 DODG2EDL1,Web,7/3/2017,7/9/2017,1,1449.00
45881905,Bowflex Max Trainer,Bowflex Max Trainer,Online Display,CAM50256 DODG2EDL1,Web,7/3/2017,7/9/2017,0,169.00
45882005,Bowflex Max Trainer,Bowflex Max Trainer,Online Search,CAM44497 dosg2esl1,Web,7/3/2017,7/9/2017,1,1449.00
45882105,Bowflex Brand,Bowflex Max Trainer,Electronic - UnSourced,CAM16616 DEGBFBHG,Web,7/3/2017,7/9/2017,1,1999.00
45882105,Bowflex Brand,Treadclimber,Electronic - UnSourced,CAM16616 DEGBFBHG,Web,7/3/2017,7/9/2017,0,.00
45882205,Bowflex Max Trainer,Bowflex Max Trainer,Online Search,CAM44551 dosg2esl4,Web,7/3/2017,7/9/2017,1,1449.00
45882205,Bowflex Max Trainer,Treadclimber,Online Search,CAM44551 dosg2esl4,Web,7/3/2017,7/9/2017,0,14.99
45882205,Bowflex Max Trainer,Treadclimber,Online Search,CAM44551 dosg2esl4,Web,7/3/2017,7/9/2017,0,99.00
45882405,Bowflex Brand,Treadclimber,Online Search,CAM31081 dosg2gl1,Web,7/3/2017,7/9/2017,1,1599.00
45882405,Bowflex Brand,Treadclimber,Online Search,CAM31081 dosg2gl1,Web,7/3/2017,7/9/2017,0,99.00
45882505,Bowflex Max Trainer,Bowflex Max Trainer,Online Search,CAM44497 dosg2esl1,Web,7/3/2017,7/9/2017,1,1749.00
45882505,Bowflex Max Trainer,Bowflex Max Trainer,Online Search,CAM44497 dosg2esl1,Web,7/3/2017,7/9/2017,0,169.00
45882806,Bowflex Brand,Treadclimber,Electronic - UnSourced,CAM16616 DEGBFBHG,Web,7/3/2017,7/9/2017,1,2399.00
45883006,Bowflex Max Trainer,Bowflex Max Trainer,Online Shopping,CAM44887 dofg2efeed1,Web,7/3/2017,7/9/2017,1,1449.00
45883006,Bowflex Max Trainer,Bowflex Max Trainer,Online Shopping,CAM44887 dofg2efeed1,Web,7/3/2017,7/9/2017,0,129.00
45883206,Bowflex Brand,Bowflex Selecttech Dumbbells,Electronic - UnSourced,CAM16616 DEGBFBHG,Web,7/3/2017,7/9/2017,1,499.00
45883306,Bowflex Max Trainer,Bowflex Max Trainer,Online Display,CAM50256 DODG2EDL1,Web,7/3/2017,7/9/2017,1,1449.00
45883306,Bowflex Max Trainer,Bowflex Max Trainer,Online Display,CAM50256 DODG2EDL1,Web,7/3/2017,7/9/2017,0,129.00
45883406,Bowflex Brand,Bowflex Max Trainer,Online Search,CAM39441 dosbigl1,Web,7/3/2017,7/9/2017,1,1449.00
45883706,Bowflex Max Trainer,Bowflex Max Trainer,Online Shopping,CAM44887 dofg2efeed1,Web,7/3/2017,7/9/2017,1,1449.00
45883806,Bowflex Max Trainer,Bowflex Max Trainer,Online Search,CAM45730 DOSG2ESL7,Web,7/3/2017,7/9/2017,1,1449.00
45883806,Bowflex Max Trainer,Bowflex Selecttech Dumbbells,Online Search,CAM45730 DOSG2ESL7,Web,7/3/2017,7/9/2017,1,299.00
45883806,Bowflex Max Trainer,Bowflex Max Trainer,Online Search,CAM45730 DOSG2ESL7,Web,7/3/2017,7/9/2017,0,169.00
45883906,Bowflex Brand,Treadclimber,Electronic - UnSourced,CAM16616 DEGBFBHG,Web,7/3/2017,7/9/2017,1,2399.00
45883906,Bowflex Brand,Treadclimber,Electronic - UnSourced,CAM16616 DEGBFBHG,Web,7/3/2017,7/9/2017,0,299.00
45883906,Bowflex Brand,Treadclimber,Electronic - UnSourced,CAM16616 DEGBFBHG,Web,7/3/2017,7/9/2017,0,99.00
45883906,Bowflex Brand,Treadclimber,Electronic - UnSourced,CAM16616 DEGBFBHG,Web,7/3/2017,7/9/2017,0,249.00
45884108,Bowflex Home Gyms,Bowflex Max Trainer,Online Display,CAM34645 dodg2gdl2,Web,7/3/2017,7/9/2017,1,1999.00
45884108,Bowflex Home Gyms,Treadclimber,Online Display,CAM34645 dodg2gdl2,Web,7/3/2017,7/9/2017,0,.00
45884208,Bowflex Max Trainer,Bowflex Max Trainer,Online Search,CAM48985 DOSBIESL10,Web,7/3/2017,7/9/2017,1,1999.00
45884208,Bowflex Max Trainer,Treadclimber,Online Search,CAM48985 DOSBIESL10,Web,7/3/2017,7/9/2017,0,.00
45884208,Bowflex Max Trainer,Bowflex Max Trainer,Online Search,CAM48985 DOSBIESL10,Web,7/3/2017,7/9/2017,0,169.00
45884308,Bowflex Brand,Bowflex Selecttech Dumbbells,Online Search,CAM31081 dosg2gl1,Web,7/3/2017,7/9/2017,1,355.40
45884308,Bowflex Brand,Bowflex Selecttech Dumbbells,Online Search,CAM31081 dosg2gl1,Web,7/3/2017,7/9/2017,0,139.30
45884308,Bowflex Brand,Bowflex Selecttech Dumbbells,Online Search,CAM31081 dosg2gl1,Web,7/3/2017,7/9/2017,0,104.30
45884609,Bowflex Brand,Bowflex Max Trainer,Electronic - UnSourced,CAM16616 DEGBFBHG,Web,7/3/2017,7/9/2017,1,1999.00
45884609,Bowflex Brand,Treadclimber,Electronic - UnSourced,CAM16616 DEGBFBHG,Web,7/3/2017,7/9/2017,0,.00
45884609,Bowflex Brand,Bowflex Max Trainer,Electronic - UnSourced,CAM16616 DEGBFBHG,Web,7/3/2017,7/9/2017,0,169.00
45884809,Bowflex Max Trainer,Bowflex Max Trainer,Online Shopping,CAM44887 dofg2efeed1,Web,7/3/2017,7/9/2017,1,1999.00
45884809,Bowflex Max Trainer,Treadclimber,Online Shopping,CAM44887 dofg2efeed1,Web,7/3/2017,7/9/2017,0,.00
45884909,Bowflex Max Trainer,Bowflex Max Trainer,Online Shopping,CAM44887 dofg2efeed1,Web,7/3/2017,7/9/2017,1,1449.00
45885109,Bowflex Brand,Bowflex Home Gyms,Electronic - UnSourced,CAM16616 DEGBFBHG,Web,7/3/2017,7/9/2017,0,23.98
45885209,Bowflex HVT,Bowflex Home Gyms,Online Search,CAM50810 DOSG2HSL1,Web,7/3/2017,7/9/2017,1,1199.00
45885209,Bowflex HVT,Bowflex Home Gyms,Online Search,CAM50810 DOSG2HSL1,Web,7/3/2017,7/9/2017,0,99.00
45885309,Bowflex Max Trainer,Bowflex Max Trainer,Online Search,CAM48984 DOSG2ESL11,Web,7/3/2017,7/9/2017,1,1999.00
45885309,Bowflex Max Trainer,Treadclimber,Online Search,CAM48984 DOSG2ESL11,Web,7/3/2017,7/9/2017,0,.00
45885409,Bowflex Max Trainer,Bowflex Max Trainer,Online Shopping,CAM44887 dofg2efeed1,Web,7/3/2017,7/9/2017,1,1999.00
45885409,Bowflex Max Trainer,Bowflex Max Trainer,Online Shopping,CAM44887 dofg2efeed1,Web,7/3/2017,7/9/2017,0,149.00
45885409,Bowflex Max Trainer,Treadclimber,Online Shopping,CAM44887 dofg2efeed1,Web,7/3/2017,7/9/2017,0,.00
45885409,Bowflex Max Trainer,Bowflex Max Trainer,Online Shopping,CAM44887 dofg2efeed1,Web,7/3/2017,7/9/2017,0,169.00
45885509,Bowflex Brand,Bowflex Max Trainer,Online Search,CAM31081 dosg2gl1,Web,7/3/2017,7/9/2017,1,1449.00
45886610,Bowflex Max Trainer,Bowflex Max Trainer,Online Display,CAM50256 DODG2EDL1,Web,7/3/2017,7/9/2017,1,999.00
45887310,Bowflex Max Trainer,Bowflex Max Trainer,Online Search,CAM47150 DOSG2ESL9,Web,7/3/2017,7/9/2017,1,999.00
45887310,Bowflex Max Trainer,Bowflex Max Trainer,Online Search,CAM47150 DOSG2ESL9,Web,7/3/2017,7/9/2017,0,109.00
45887311,Bowflex Max Trainer,Bowflex Max Trainer,Online Search,CAM44497 dosg2esl1,Web,7/3/2017,7/9/2017,1,1449.00
45887311,Bowflex Max Trainer,Treadclimber,Online Search,CAM44497 dosg2esl1,Web,7/3/2017,7/9/2017,0,99.00
45888811,Bowflex Max Trainer,Bowflex Max Trainer,Online Search,CAM44497 dosg2esl1,Web,7/10/2017,7/10/2017,1,999.00
45888811,Bowflex Max Trainer,Bowflex Max Trainer,Online Search,CAM44497 dosg2esl1,Web,7/10/2017,7/10/2017,0,169.00
45888910,Bowflex Brand,Bowflex Max Trainer,Online Search,CAM31081 dosg2gl1,Web,7/10/2017,7/10/2017,1,1999.00
45888910,Bowflex Brand,Treadclimber,Online Search,CAM31081 dosg2gl1,Web,7/10/2017,7/10/2017,0,.00
45890610,Bowflex Max Trainer,Bowflex Max Trainer,Electronic - Short Form,CAM45798 DSEESF14H,Web,7/10/2017,7/10/2017,1,1449.00
45890710,Bowflex Brand,Bowflex Max Trainer,Electronic - UnSourced,CAM16616 DEGBFBHG,Web,7/10/2017,7/10/2017,1,1449.00
45890710,Bowflex Brand,Bowflex Max Trainer,Electronic - UnSourced,CAM16616 DEGBFBHG,Web,7/10/2017,7/10/2017,0,129.00
45890810,Bowflex Brand,Bowflex Home Gyms,Electronic - UnSourced,CAM16616 DEGBFBHG,Web,7/10/2017,7/10/2017,1,1199.00
45891010,Bowflex Max Trainer,Bowflex Max Trainer,Online Display,CAM50256 DODG2EDL1,Web,7/10/2017,7/10/2017,1,1449.00
45891210,Bowflex Max Trainer,Bowflex Max Trainer,Electronic - Short Form,CAM45798 DSEESF14H,Web,7/10/2017,7/10/2017,1,1449.00
45891413,Bowflex Brand,Bowflex Home Gyms,Online Search,CAM37110 dosbigsl4,Web,7/10/2017,7/10/2017,1,1199.00
45891514,Bowflex Max Trainer,Bowflex Max Trainer,Online Search,CAM48985 DOSBIESL10,Web,7/10/2017,7/10/2017,1,1999.00
45891514,Bowflex Max Trainer,Treadclimber,Online Search,CAM48985 DOSBIESL10,Web,7/10/2017,7/10/2017,0,.00
45891616,Bowflex Brand,Bowflex Max Trainer,Electronic - UnSourced,CAM16616 DEGBFBHG,Web,7/10/2017,7/10/2017,1,1999.00
45891616,Bowflex Brand,Treadclimber,Electronic - UnSourced,CAM16616 DEGBFBHG,Web,7/10/2017,7/10/2017,0,.00
45891716,Treadclimber,Treadclimber,Online Search,CAM37440 dosg2tsl21,Web,7/10/2017,7/10/2017,1,1599.00
45891716,Treadclimber,Treadclimber,Online Search,CAM37440 dosg2tsl21,Web,7/10/2017,7/10/2017,0,249.00
45892016,Bowflex Brand,Bowflex Selecttech Dumbbells,Electronic - UnSourced,CAM16616 DEGBFBHG,Web,7/10/2017,7/10/2017,0,139.30
45892016,Bowflex Brand,Bowflex Selecttech Dumbbells,Electronic - UnSourced,CAM16616 DEGBFBHG,Web,7/10/2017,7/10/2017,0,104.30
45892016,Bowflex Brand,Bowflex Selecttech Dumbbells,Electronic - UnSourced,CAM16616 DEGBFBHG,Web,7/10/2017,7/10/2017,1,355.40
45892129,Bowflex Max Trainer,Bowflex Max Trainer,Online Search,CAM44497 dosg2esl1,Web,7/10/2017,7/10/2017,1,1449.00
45892330,Bowflex HVT,Bowflex HVT,Online Display,CAM50802 DODG2HDL2,Web,7/10/2017,7/10/2017,1,1999.00
45892540,Bowflex Brand,Bowflex Selecttech Dumbbells,Electronic - UnSourced,CAM16616 DEGBFBHG,Web,7/10/2017,7/10/2017,0,139.30
45892540,Bowflex Brand,Bowflex Selecttech Dumbbells,Electronic - UnSourced,CAM16616 DEGBFBHG,Web,7/10/2017,7/10/2017,0,104.30
45892540,Bowflex Brand,Bowflex Selecttech Dumbbells,Electronic - UnSourced,CAM16616 DEGBFBHG,Web,7/10/2017,7/10/2017,1,355.40
45892540,Bowflex Brand,Bowflex Selecttech Dumbbells,Electronic - UnSourced,CAM16616 DEGBFBHG,Web,7/10/2017,7/10/2017,0,39.00
45892647,Bowflex Brand,Bowflex Max Trainer,Un-Sourced,CAM49456 BCARECREDIT,Call Center Internal,7/10/2017,7/10/2017,1,1449.00
45893252,Bowflex Max Trainer,Bowflex Max Trainer,Online Search,CAM44497 dosg2esl1,Web,7/10/2017,7/10/2017,1,999.00
45893554,Bowflex Max Trainer,Bowflex Max Trainer,Online Search,CAM44429 dosbiesl1,Web,7/10/2017,7/10/2017,1,999.00
45893661,Bowflex Home Gyms,Bowflex Max Trainer,Un-Sourced,CAM28157 SALESFOLLOWUP,Call Center Internal,7/10/2017,7/10/2017,1,1449.00
45893662,Bowflex Brand,Bowflex Max Trainer,Online Search,CAM31081 dosg2gl1,Web,7/10/2017,7/10/2017,1,1999.00
45893662,Bowflex Brand,Bowflex Max Trainer,Online Search,CAM31081 dosg2gl1,Web,7/10/2017,7/10/2017,0,209.00
45893662,Bowflex Brand,Treadclimber,Online Search,CAM31081 dosg2gl1,Web,7/10/2017,7/10/2017,0,.00
45894076,Bowflex Max Trainer,Bowflex Max Trainer,Online Search,CAM44429 dosbiesl1,Web,7/10/2017,7/10/2017,1,1449.00
45894076,Bowflex Max Trainer,Bowflex Max Trainer,Online Search,CAM44429 dosbiesl1,Web,7/10/2017,7/10/2017,0,169.00
45894319,Treadclimber,Bowflex Max Trainer,Digital - Info Kit,CAM51276 DEDIKT2017Q2,Call Center Internal,7/10/2017,7/10/2017,1,1999.00
45894319,Treadclimber,Bowflex Max Trainer,Digital - Info Kit,CAM51276 DEDIKT2017Q2,Call Center Internal,7/10/2017,7/10/2017,0,169.00
45894319,Treadclimber,Bowflex Max Trainer,Digital - Info Kit,CAM51276 DEDIKT2017Q2,Call Center Internal,7/10/2017,7/10/2017,0,209.00
45894319,Treadclimber,Treadclimber,Digital - Info Kit,CAM51276 DEDIKT2017Q2,Call Center Internal,7/10/2017,7/10/2017,0,.00
45894617,Bowflex Home Gyms,Bowflex Home Gyms,Online Shopping,CAM32062 dofg2gfeed1,Web,7/10/2017,7/10/2017,1,1199.00
45895034,Bowflex Brand,Bowflex Max Trainer,Un-Sourced,CAM49456 BCARECREDIT,Call Center Internal,7/10/2017,7/10/2017,1,1119.30
45895034,Bowflex Brand,Bowflex Max Trainer,Un-Sourced,CAM49456 BCARECREDIT,Call Center Internal,7/10/2017,7/10/2017,0,169.00
45895139,Bowflex Max Trainer,Bowflex Max Trainer,Un-Sourced,CAM45327 1800MAXTRAINER,Call Center Internal,7/10/2017,7/10/2017,1,1449.00
45895244,Bowflex Brand,Bowflex Max Trainer,Electronic - UnSourced,CAM16616 DEGBFBHG,Web,7/10/2017,7/10/2017,1,1449.00
45895545,Bowflex Brand,Bowflex Selecttech Dumbbells,Electronic - UnSourced,CAM16616 DEGBFBHG,Web,7/10/2017,7/10/2017,1,499.00
45895645,Bowflex Max Trainer,Bowflex Max Trainer,Online Search,CAM44497 dosg2esl1,Web,7/10/2017,7/10/2017,1,1999.00
45895645,Bowflex Max Trainer,Treadclimber,Online Search,CAM44497 dosg2esl1,Web,7/10/2017,7/10/2017,0,.00
45895746,Bowflex Brand,Bowflex Home Gyms,Electronic - UnSourced,CAM49449 BOWWEB800CA,Call Center Internal,7/10/2017,7/10/2017,1,1199.00
45895746,Bowflex Brand,Bowflex Home Gyms,Electronic - UnSourced,CAM49449 BOWWEB800CA,Call Center Internal,7/10/2017,7/10/2017,0,99.00
45895747,Bowflex HVT,Bowflex HVT,Online Shopping,CAM50808 DOFG2HFEED1,Web,7/10/2017,7/10/2017,1,1799.00
45895847,Bowflex Max Trainer,Bowflex Max Trainer,Electronic - Short Form,CAM45798 DSEESF14H,Web,7/10/2017,7/10/2017,1,999.00
45895847,Bowflex Max Trainer,Bowflex Max Trainer,Electronic - Short Form,CAM45798 DSEESF14H,Web,7/10/2017,7/10/2017,0,169.00
45895848,Bowflex Brand,Bowflex Selecttech Dumbbells,Online Search,CAM31081 dosg2gl1,Web,7/10/2017,7/10/2017,1,355.40
45895848,Bowflex Brand,Bowflex Selecttech Dumbbells,Online Search,CAM31081 dosg2gl1,Web,7/10/2017,7/10/2017,0,139.30
45895848,Bowflex Brand,Bowflex Selecttech Dumbbells,Online Search,CAM31081 dosg2gl1,Web,7/10/2017,7/10/2017,0,104.30
45895849,Bowflex Max Trainer,Bowflex Max Trainer,Online Search,CAM44497 dosg2esl1,Web,7/10/2017,7/10/2017,1,1449.00
45895849,Bowflex Max Trainer,Bowflex Max Trainer,Online Search,CAM44497 dosg2esl1,Web,7/10/2017,7/10/2017,0,169.00
45895947,Bowflex Max Trainer,Bowflex Max Trainer,Online Search,CAM45730 DOSG2ESL7,Web,7/10/2017,7/10/2017,1,1449.00
45896048,Bowflex Brand,Results Treadmill,Electronic - UnSourced,CAM49450 BOWWEB800,Call Center Internal,7/10/2017,7/10/2017,0,1799.00
45896049,Bowflex Catalog,Bowflex Max Trainer,Electronic - UnSourced,CAM127 1800BOWFLEX_BFC,Call Center Internal,7/10/2017,7/10/2017,1,1999.00
45896049,Bowflex Catalog,Treadclimber,Electronic - UnSourced,CAM127 1800BOWFLEX_BFC,Call Center Internal,7/10/2017,7/10/2017,0,.00
45896049,Bowflex Catalog,Bowflex Max Trainer,Electronic - UnSourced,CAM127 1800BOWFLEX_BFC,Call Center Internal,7/10/2017,7/10/2017,0,169.00
45896050,Bowflex Brand,Bowflex Max Trainer,Online Search,CAM31081 dosg2gl1,Web,7/10/2017,7/10/2017,1,1999.00
45896050,Bowflex Brand,Treadclimber,Online Search,CAM31081 dosg2gl1,Web,7/10/2017,7/10/2017,0,.00
45896051,Bowflex Max Trainer,Bowflex Max Trainer,Electronic - Short Form,CAM45798 DSEESF14H,Web,7/10/2017,7/10/2017,1,1999.00
45896051,Bowflex Max Trainer,Bowflex Max Trainer,Electronic - Short Form,CAM45798 DSEESF14H,Web,7/10/2017,7/10/2017,0,149.00
45896051,Bowflex Max Trainer,Treadclimber,Electronic - Short Form,CAM45798 DSEESF14H,Web,7/10/2017,7/10/2017,0,.00
45896051,Bowflex Max Trainer,Bowflex Max Trainer,Electronic - Short Form,CAM45798 DSEESF14H,Web,7/10/2017,7/10/2017,0,169.00
45896154,Bowflex Catalog,Bowflex HVT,Electronic - UnSourced,CAM127 1800BOWFLEX_BFC,Call Center Internal,7/10/2017,7/10/2017,1,1774.00
45896154,Bowflex Catalog,Bowflex HVT,Electronic - UnSourced,CAM127 1800BOWFLEX_BFC,Call Center Internal,7/10/2017,7/10/2017,0,249.00
45896357,Bowflex Catalog,Bowflex Selecttech Dumbbells,Electronic - UnSourced,CAM127 1800BOWFLEX_BFC,Call Center Internal,7/10/2017,7/10/2017,1,355.40
45896357,Bowflex Catalog,Bowflex Selecttech Dumbbells,Electronic - UnSourced,CAM127 1800BOWFLEX_BFC,Call Center Internal,7/10/2017,7/10/2017,0,104.30
45896357,Bowflex Catalog,Bowflex Selecttech Dumbbells,Electronic - UnSourced,CAM127 1800BOWFLEX_BFC,Call Center Internal,7/10/2017,7/10/2017,0,139.30
45896361,Bowflex Brand,Bowflex Max Trainer,Online Search,CAM31081 dosg2gl1,Web,7/10/2017,7/10/2017,1,1999.00
45896361,Bowflex Brand,Bowflex Selecttech Dumbbells,Online Search,CAM31081 dosg2gl1,Web,7/10/2017,7/10/2017,1,549.00
45896361,Bowflex Brand,Treadclimber,Online Search,CAM31081 dosg2gl1,Web,7/10/2017,7/10/2017,0,.00
45896361,Bowflex Brand,Bowflex Max Trainer,Online Search,CAM31081 dosg2gl1,Web,7/10/2017,7/10/2017,0,169.00
45896565,Bowflex Brand,Bowflex Selecttech Dumbbells,Online Search,CAM30796 SAWDOSG2G,Call Center Internal,7/10/2017,7/10/2017,0,.00
45896671,Bowflex Brand,Treadclimber,Electronic - UnSourced,CAM16616 DEGBFBHG,Web,7/10/2017,7/10/2017,1,2399.00
45896671,Bowflex Brand,Treadclimber,Electronic - UnSourced,CAM16616 DEGBFBHG,Web,7/10/2017,7/10/2017,0,249.00
45896877,Bowflex Max Trainer,Bowflex Max Trainer,Un-Sourced,CAM45327 1800MAXTRAINER,Call Center Internal,7/10/2017,7/10/2017,1,1449.00
45896880,Bowflex Brand,Treadclimber,Electronic - UnSourced,CAM16616 DEGBFBHG,Web,7/10/2017,7/10/2017,1,2399.00
45896980,Bowflex Max Trainer,Bowflex Max Trainer,Online Search,CAM44497 dosg2esl1,Web,7/10/2017,7/10/2017,1,1999.00
45896980,Bowflex Max Trainer,Treadclimber,Online Search,CAM44497 dosg2esl1,Web,7/10/2017,7/10/2017,0,.00
45897086,Bowflex Brand,Bowflex Max Trainer,Electronic - UnSourced,CAM49450 BOWWEB800,Call Center Internal,7/10/2017,7/10/2017,1,1999.00
45897086,Bowflex Brand,Treadclimber,Electronic - UnSourced,CAM49450 BOWWEB800,Call Center Internal,7/10/2017,7/10/2017,0,.00
45897297,Bowflex Brand,Results Treadmill,Online Search,CAM30796 SAWDOSG2G,Call Center Internal,7/10/2017,7/10/2017,0,249.00
45897404,Bowflex Max Trainer,Bowflex Max Trainer,Online Search,CAM45732 DOSBIESL7,Web,7/10/2017,7/10/2017,1,1449.00
45897507,Bowflex Max Trainer,Bowflex Max Trainer,Un-Sourced,CAM45327 1800MAXTRAINER,Call Center Internal,7/10/2017,7/10/2017,0,179.00
45897517,Bowflex Max Trainer,Bowflex Max Trainer,Short Form,CAM51529 BLOON60*M350STIC,Call Center Internal,7/10/2017,7/10/2017,1,1449.00
45897517,Bowflex Max Trainer,Bowflex Max Trainer,Short Form,CAM51529 BLOON60*M350STIC,Call Center Internal,7/10/2017,7/10/2017,0,169.00
45898028,Bowflex Brand,Bowflex Selecttech Dumbbells,Online Search,CAM39441 dosbigl1,Web,7/10/2017,7/10/2017,1,299.00
45898128,Treadclimber,Treadclimber,Un-Sourced,CAM40825 1800TREADCLIMBER,Call Center Internal,7/10/2017,7/10/2017,1,1599.00
45898128,Treadclimber,Treadclimber,Un-Sourced,CAM40825 1800TREADCLIMBER,Call Center Internal,7/10/2017,7/10/2017,0,199.00
45898128,Treadclimber,Treadclimber,Un-Sourced,CAM40825 1800TREADCLIMBER,Call Center Internal,7/10/2017,7/10/2017,0,14.99
45898540,Bowflex Brand,Bowflex Max Trainer,Un-Sourced,CAM49456 BCARECREDIT,Call Center Internal,7/10/2017,7/10/2017,1,999.00
45898540,Bowflex Brand,Treadclimber,Un-Sourced,CAM49456 BCARECREDIT,Call Center Internal,7/10/2017,7/10/2017,0,99.00
45898540,Bowflex Brand,Bowflex Max Trainer,Un-Sourced,CAM49456 BCARECREDIT,Call Center Internal,7/10/2017,7/10/2017,0,79.00
45898856,Bowflex Brand,Treadclimber,Online Search,CAM30796 SAWDOSG2G,Call Center Internal,7/10/2017,7/10/2017,1,2399.00
45898856,Bowflex Brand,Treadclimber,Online Search,CAM30796 SAWDOSG2G,Call Center Internal,7/10/2017,7/10/2017,0,14.99
45898856,Bowflex Brand,Treadclimber,Online Search,CAM30796 SAWDOSG2G,Call Center Internal,7/10/2017,7/10/2017,0,299.00
45898857,Bowflex Brand,Treadclimber,Electronic - UnSourced,CAM16616 DEGBFBHG,Web,7/10/2017,7/10/2017,0,18.98
45899058,Bowflex Brand,Bowflex Home Gyms,Online Search,CAM30755 dosg2gsl1,Web,7/10/2017,7/10/2017,1,1199.00
45899058,Bowflex Brand,Bowflex Home Gyms,Online Search,CAM30755 dosg2gsl1,Web,7/10/2017,7/10/2017,0,14.99
45899158,Bowflex Home Gyms,Bowflex Max Trainer,Electronic - Short Form,CAM27401 DEFAULTADID,Call Center Internal,7/10/2017,7/10/2017,1,1539.30
45899158,Bowflex Home Gyms,Treadclimber,Electronic - Short Form,CAM27401 DEFAULTADID,Call Center Internal,7/10/2017,7/10/2017,0,69.30
45899158,Bowflex Home Gyms,Bowflex Max Trainer,Electronic - Short Form,CAM27401 DEFAULTADID,Call Center Internal,7/10/2017,7/10/2017,0,149.00
45899159,Bowflex Max Trainer,Bowflex Max Trainer,Online Shopping,CAM44887 dofg2efeed1,Web,7/10/2017,7/10/2017,1,1999.00
45899159,Bowflex Max Trainer,Treadclimber,Online Shopping,CAM44887 dofg2efeed1,Web,7/10/2017,7/10/2017,0,.00
45899159,Bowflex Max Trainer,Bowflex Max Trainer,Online Shopping,CAM44887 dofg2efeed1,Web,7/10/2017,7/10/2017,0,169.00
45899259,Bowflex Max Trainer,Bowflex Max Trainer,Online Display,CAM50255 SAWDODG2E,Call Center Internal,7/10/2017,7/10/2017,1,1449.00
45899361,Bowflex Brand,Bowflex Max Trainer,Online Search,CAM39441 dosbigl1,Web,7/10/2017,7/10/2017,1,1999.00
45899361,Bowflex Brand,Treadclimber,Online Search,CAM39441 dosbigl1,Web,7/10/2017,7/10/2017,0,.00
45899461,Bowflex Home Gyms,Bowflex Max Trainer,Un-Sourced,CAM28157 SALESFOLLOWUP,Call Center Internal,7/10/2017,7/10/2017,1,1999.00
45899461,Bowflex Home Gyms,Treadclimber,Un-Sourced,CAM28157 SALESFOLLOWUP,Call Center Internal,7/10/2017,7/10/2017,0,.00
45899461,Bowflex Home Gyms,Bowflex Max Trainer,Un-Sourced,CAM28157 SALESFOLLOWUP,Call Center Internal,7/10/2017,7/10/2017,0,209.00
45899471,Bowflex Brand,Bowflex Max Trainer,Electronic - UnSourced,CAM16616 DEGBFBHG,Web,7/10/2017,7/10/2017,1,1999.00
45899471,Bowflex Brand,Bowflex Max Trainer,Electronic - UnSourced,CAM16616 DEGBFBHG,Web,7/10/2017,7/10/2017,0,209.00
45899471,Bowflex Brand,Treadclimber,Electronic - UnSourced,CAM16616 DEGBFBHG,Web,7/10/2017,7/10/2017,0,.00
45899777,Bowflex Brand,Results Treadmill,Electronic - UnSourced,CAM49450 BOWWEB800,Call Center Internal,7/10/2017,7/10/2017,0,1799.00
45899777,Bowflex Brand,Bowflex HVT,Electronic - UnSourced,CAM49450 BOWWEB800,Call Center Internal,7/10/2017,7/10/2017,0,.00
45899777,Bowflex Brand,Bowflex Selecttech Dumbbells,Electronic - UnSourced,CAM49450 BOWWEB800,Call Center Internal,7/10/2017,7/10/2017,1,299.00
45899779,Bowflex Brand,Bowflex Max Trainer,Online Search,CAM39441 dosbigl1,Web,7/10/2017,7/10/2017,1,1449.00
45899779,Bowflex Brand,Bowflex Max Trainer,Online Search,CAM39441 dosbigl1,Web,7/10/2017,7/10/2017,0,169.00
45899779,Bowflex Brand,Bowflex Max Trainer,Online Search,CAM39441 dosbigl1,Web,7/10/2017,7/10/2017,0,169.00
45899879,Bowflex Brand,Bowflex Revolution,Electronic - UnSourced,CAM16616 DEGBFBHG,Web,7/10/2017,7/10/2017,1,2599.00
45899879,Bowflex Brand,Bowflex Revolution,Electronic - UnSourced,CAM16616 DEGBFBHG,Web,7/10/2017,7/10/2017,0,299.00
45899988,Bowflex Max Trainer,Bowflex Max Trainer,Online Shopping,CAM45042 SAWDOFBIE,Call Center Internal,7/10/2017,7/10/2017,1,999.00
45899988,Bowflex Max Trainer,Bowflex Max Trainer,Online Shopping,CAM45042 SAWDOFBIE,Call Center Internal,7/10/2017,7/10/2017,0,79.00
45899996,Treadclimber,Treadclimber,Online Search,CAM49424 DOSG2T,Call Center Internal,7/10/2017,7/10/2017,1,2399.00
45899996,Treadclimber,Treadclimber,Online Search,CAM49424 DOSG2T,Call Center Internal,7/10/2017,7/10/2017,0,249.00
45900099,Bowflex Brand,Bowflex Revolution,Electronic - UnSourced,CAM49450 BOWWEB800,Call Center Internal,7/10/2017,7/10/2017,0,199.00
45900110,Bowflex Max Trainer,Bowflex Max Trainer,Short Form,CAM51536 FOXNN60*M350STIC,Call Center Internal,7/10/2017,7/10/2017,1,1999.00
45900110,Bowflex Max Trainer,Treadclimber,Short Form,CAM51536 FOXNN60*M350STIC,Call Center Internal,7/10/2017,7/10/2017,0,.00
45900211,Treadclimber,Treadclimber,Online Search,CAM49424 DOSG2T,Call Center Internal,7/10/2017,7/10/2017,0,199.00
45900211,Treadclimber,Treadclimber,Online Search,CAM49424 DOSG2T,Call Center Internal,7/10/2017,7/10/2017,0,14.99
45900211,Treadclimber,Treadclimber,Online Search,CAM49424 DOSG2T,Call Center Internal,7/10/2017,7/10/2017,0,99.00
45900215,Bowflex Max Trainer,Bowflex Max Trainer,Online Search,CAM45730 DOSG2ESL7,Web,7/10/2017,7/10/2017,1,1449.00
45900527,Treadclimber,Treadclimber,Online Search,CAM32595 SAWDOSBIT,Call Center Internal,7/10/2017,7/10/2017,1,1599.00
45900527,Treadclimber,Treadclimber,Online Search,CAM32595 SAWDOSBIT,Call Center Internal,7/10/2017,7/10/2017,0,199.00
45900527,Treadclimber,Treadclimber,Online Search,CAM32595 SAWDOSBIT,Call Center Internal,7/10/2017,7/10/2017,0,99.00
45900527,Treadclimber,Treadclimber,Online Search,CAM32595 SAWDOSBIT,Call Center Internal,7/10/2017,7/10/2017,0,14.99
45900571,Bowflex Brand,Bowflex Home Gyms,Electronic - UnSourced,CAM16616 DEGBFBHG,Web,7/10/2017,7/10/2017,1,1199.00
45900589,Bowflex Brand,Bowflex Max Trainer,Electronic - UnSourced,CAM16616 DEGBFBHG,Web,7/10/2017,7/10/2017,1,1999.00
45900589,Bowflex Brand,Treadclimber,Electronic - UnSourced,CAM16616 DEGBFBHG,Web,7/10/2017,7/10/2017,0,.00
45900635,Bowflex Brand,Bowflex Max Trainer,Electronic - UnSourced,CAM16616 DEGBFBHG,Web,7/10/2017,7/10/2017,1,2349.00
45900635,Bowflex Brand,Treadclimber,Electronic - UnSourced,CAM16616 DEGBFBHG,Web,7/10/2017,7/10/2017,0,108.99
45900635,Bowflex Brand,Bowflex Catalog,Electronic - UnSourced,CAM16616 DEGBFBHG,Web,7/10/2017,7/10/2017,0,49.99
45900635,Bowflex Brand,Bowflex Max Trainer,Electronic - UnSourced,CAM16616 DEGBFBHG,Web,7/10/2017,7/10/2017,0,169.00
45900840,Bowflex Brand,Bowflex Max Trainer,Electronic - UnSourced,CAM49450 BOWWEB800,Call Center Internal,7/10/2017,7/10/2017,1,1449.00
45900842,Bowflex Brand,Bowflex Max Trainer,Online Search,CAM31081 dosg2gl1,Web,7/10/2017,7/10/2017,1,1449.00
45901047,Bowflex Max Trainer,Bowflex Max Trainer,Un-Sourced,CAM45327 1800MAXTRAINER,Call Center Internal,7/10/2017,7/10/2017,1,1999.00
45901047,Bowflex Max Trainer,Treadclimber,Un-Sourced,CAM45327 1800MAXTRAINER,Call Center Internal,7/10/2017,7/10/2017,0,.00
45901054,Results Treadmill,Results Treadmill,Un-Sourced,CAM50746 1800RESULTSTREADMILL,Call Center Internal,7/10/2017,7/10/2017,0,1799.00
45901057,Bowflex Max Trainer,Bowflex Max Trainer,Short Form,CAM51536 FOXNN60*M350STIC,Call Center Internal,7/10/2017,7/10/2017,1,1449.00
45901057,Bowflex Max Trainer,Bowflex Max Trainer,Short Form,CAM51536 FOXNN60*M350STIC,Call Center Internal,7/10/2017,7/10/2017,0,129.00
45901574,Bowflex Max Trainer,Bowflex Max Trainer,Online Search,CAM44497 dosg2esl1,Web,7/10/2017,7/10/2017,1,1449.00
45901574,Bowflex Max Trainer,Bowflex Max Trainer,Online Search,CAM44497 dosg2esl1,Web,7/10/2017,7/10/2017,0,169.00
45901779,Bowflex Brand,Bowflex Max Trainer,Electronic - UnSourced,CAM16616 DEGBFBHG,Web,7/10/2017,7/10/2017,1,1449.00
45901779,Bowflex Brand,Bowflex Max Trainer,Electronic - UnSourced,CAM16616 DEGBFBHG,Web,7/10/2017,7/10/2017,0,129.00
45901881,Treadclimber,Treadclimber,Online Display,CAM35313 dodg2tdl1,Web,7/10/2017,7/10/2017,1,1599.00
45901881,Treadclimber,Treadclimber,Online Display,CAM35313 dodg2tdl1,Web,7/10/2017,7/10/2017,0,199.00
45901881,Treadclimber,Treadclimber,Online Display,CAM35313 dodg2tdl1,Web,7/10/2017,7/10/2017,0,249.00
45901987,Bowflex Max Trainer,Bowflex Max Trainer,Online Search,CAM45730 DOSG2ESL7,Web,7/10/2017,7/10/2017,1,1999.00
45901987,Bowflex Max Trainer,Treadclimber,Online Search,CAM45730 DOSG2ESL7,Web,7/10/2017,7/10/2017,0,.00
