12/28/2010,"100026 BFX Xtreme SE, Multipack",1709161,F
12/28/2010,"100122 Kit,BFX TC5000, 2008",1709154,F
12/28/2010,"700005 Kit, BFX 2-in-1 Stand",1709203,F
12/28/2010,710000 BFX 1090 Dumbbell Kit,1709203,F
12/28/2010,001-3683 Lumbar Support Pad,1709157,F
12/28/2010,160000 BFX Revolution,1709157,F
12/28/2010,001-3660 E-Z Curl Bar,1709157,F
12/28/2010,001-3661 Tricep Rope,1709157,F
12/28/2010,000-4275 BFX Revo 80# Resistance Upgrade,1709157,F
12/28/2010,001-7476 Revolution Accessory Rack,1709157,F
12/28/2010,140003 BFX 3.1 SelectTech Bench SinglePack,1709171,F
12/28/2010,"700005 Kit, BFX 2-in-1 Stand",1709171,F
12/28/2010,710000 BFX 1090 Dumbbell Kit,1709171,F
12/28/2010,"100026 BFX Xtreme SE, Multipack",1709163,F
12/28/2010,"100026 BFX Xtreme SE, Multipack",1709166,F
12/28/2010,100150 TC5500,1709191,F
12/28/2010,100150 TC5500,1709189,F
12/28/2010,001-3381 Preacher Curl Attach  Xtr X2,1709198,F
12/28/2010,001-3649 BFX Rod Rjuvnatr w mini 410 add-on,1709198,F
12/28/2010,001-3661 Tricep Rope,1709198,F
12/28/2010,95146 BFX 310# Rod Upgrade,1709198,F
12/28/2010,001-3660 E-Z Curl Bar,1709198,F
12/28/2010,"100026 BFX Xtreme SE, Multipack",1709198,F
12/28/2010,93067 LUBE N WALK TREAD LUBE KIT,1709120,F
12/28/2010,"100120 Kit,BFX TC1000, 2008",1709120,F
12/28/2010,100131 BFX 552 Dumbbell Kit,1709196,F
12/28/2010,"700005 Kit, BFX 2-in-1 Stand",1709196,F
12/28/2010,"100120 Kit,BFX TC1000, 2008",1709187,F
12/28/2010,"700005 Kit, BFX 2-in-1 Stand",1709118,F
12/28/2010,710000 BFX 1090 Dumbbell Kit,1709118,F
12/28/2010,000-4275 BFX Revo 80# Resistance Upgrade,1709149,F
12/28/2010,160000 BFX Revolution,1709149,F
12/28/2010,10293 TRC Machine Mat,1709123,F
12/28/2010,10293 TRC Machine Mat,1709195,F
12/28/2010,100150 TC5500,1709195,F
12/28/2010,"100026 BFX Xtreme SE, Multipack",1709177,F
12/28/2010,100131 BFX 552 Dumbbell Kit,1709147,F
12/28/2010,"700005 Kit, BFX 2-in-1 Stand",1709200,F
12/28/2010,140004 BFX 5.1 SelectTech Bench SinglePack,1709200,F
12/28/2010,710000 BFX 1090 Dumbbell Kit,1709200,F
12/28/2010,"100120 Kit,BFX TC1000, 2008",1709168,F
12/28/2010,"100026 BFX Xtreme SE, Multipack",1709193,F
12/28/2010,"100122 Kit,BFX TC5000, 2008",1709197,F
12/28/2010,"700005 Kit, BFX 2-in-1 Stand",1709174,F
12/28/2010,100131 BFX 552 Dumbbell Kit,1709174,F
12/28/2010,"100026 BFX Xtreme SE, Multipack",1709126,F
12/28/2010,"100120 Kit,BFX TC1000, 2008",1709152,F
10/4/2010,100089 BFX Revo XP w/ Lat Tower Assembly,1707855,F
10/4/2010,000-4275 BFX Revo 80# Resistance Upgrade,1707855,F
10/4/2010,000-7262 Xtreme 60x48 Mat Boxed,1707855,F
10/4/2010,710000 BFX 1090 Dumbbell Kit,1707832,F
10/4/2010,"700005 Kit, BFX 2-in-1 Stand",1707832,F
10/4/2010,710000 BFX 1090 Dumbbell Kit,1707843,F
10/4/2010,"700005 Kit, BFX 2-in-1 Stand",1707843,F
10/4/2010,"100122 Kit,BFX TC5000, 2008",1707873,F
10/4/2010,"700005 Kit, BFX 2-in-1 Stand",1707857,F
10/4/2010,100131 BFX 552 Dumbbell Kit,1707857,F
10/4/2010,140004 BFX 5.1 SelectTech Bench SinglePack,1707857,F
10/4/2010,95146 BFX 310# Rod Upgrade,1707872,F
10/4/2010,"100026 BFX Xtreme SE, Multipack",1707872,F
10/4/2010,000-7262 Xtreme 60x48 Mat Boxed,1707872,F
10/4/2010,100089 BFX Revo XP w/ Lat Tower Assembly,1707853,F
10/4/2010,000-4275 BFX Revo 80# Resistance Upgrade,1707853,F
10/4/2010,000-7262 Xtreme 60x48 Mat Boxed,1707853,F
10/4/2010,100131 BFX 552 Dumbbell Kit,1707831,F
10/4/2010,"700005 Kit, BFX 2-in-1 Stand",1707831,F
10/4/2010,"100120 Kit,BFX TC1000, 2008",1707828,F
10/4/2010,100150 TC5500,1707819,F
10/4/2010,100150 TC5500,1707825,F
10/4/2010,"100122 Kit,BFX TC5000, 2008",1707882,F
10/4/2010,001-7476 Revolution Accessory Rack,1707895,F
10/4/2010,000-4275 BFX Revo 80# Resistance Upgrade,1707895,F
10/4/2010,160000 BFX Revolution,1707895,F
10/4/2010,"700005 Kit, BFX 2-in-1 Stand",1707876,F
10/4/2010,710000 BFX 1090 Dumbbell Kit,1707876,F
10/4/2010,"700005 Kit, BFX 2-in-1 Stand",1707870,F
10/4/2010,100131 BFX 552 Dumbbell Kit,1707870,F
10/4/2010,000-3158 U2 Ab Attachment Box,1707847,F
10/4/2010,95146 BFX 310# Rod Upgrade,1707891,F
10/4/2010,12838 BFX Body Building DVD,1707838,F
10/4/2010,710000 BFX 1090 Dumbbell Kit,1707836,F
10/4/2010,710000 BFX 1090 Dumbbell Kit,1707889,F
10/4/2010,"100120 Kit,BFX TC1000, 2008",1707885,F
10/4/2010,100150 TC5500,1707830,F
10/4/2010,001-3649 BFX Rod Rjuvnatr w mini 410 add-on,1707887,F
10/4/2010,"100121 Kit,BFX TC3000, 2008",1707849,F
10/4/2010,710000 BFX 1090 Dumbbell Kit,1707871,F
10/4/2010,"700005 Kit, BFX 2-in-1 Stand",1707871,F
10/4/2010,710000 BFX 1090 Dumbbell Kit,1707845,F
10/4/2010,100150 TC5500,1707851,F
10/4/2010,"100121 Kit,BFX TC3000, 2008",1707823,F
10/4/2010,10293 TRC Machine Mat,1707823,F
10/4/2010,100153 Bowflex Classic,1707840,F
10/4/2010,"100122 Kit,BFX TC5000, 2008",1707833,F
10/4/2010,"100026 BFX Xtreme SE, Multipack",1707878,F
10/4/2010,710000 BFX 1090 Dumbbell Kit,1707859,F
8/4/2010,710000 BFX 1090 Dumbbell Kit,1709375,F
8/4/2010,"700005 Kit, BFX 2-in-1 Stand",1709375,F
8/4/2010,140004 BFX 5.1 SelectTech Bench SinglePack,1709375,F
8/4/2010,001-7476 Revolution Accessory Rack,1709379,F
8/4/2010,001-5131 CD-ROM  Revo XP I-Trainer,1709379,F
8/4/2010,004-0588 Whey 100 - Chocolate 5lb,1709376,T
8/4/2010,004-0578 PureSport Workout Can - Grape,1709376,T
8/4/2010,100088 SCH 431 Elliptical,1709364,F
8/4/2010,100131 BFX 552 Dumbbell Kit,1709368,F
8/4/2010,3550012 SCH Airdyne-Charcoal,1709373,F
8/4/2010,3550012 SCH Airdyne-Charcoal,1709377,F
8/4/2010,100131 BFX 552 Dumbbell Kit,1709366,F
8/4/2010,100131 BFX 552 Dumbbell Kit,1709378,F
8/4/2010,"700005 Kit, BFX 2-in-1 Stand",1709378,F
8/3/2010,100131 BFX 552 Dumbbell Kit,1706957,F
8/3/2010,"700005 Kit, BFX 2-in-1 Stand",1706957,F
8/3/2010,100153 Bowflex Classic,1707002,F
8/3/2010,004-0597 Gaiam Strong Knees Video,1707009,T
8/3/2010,10071 Rod Pack  410# upgrade,1706968,F
8/3/2010,001-3649 BFX Rod Rjuvnatr w mini 410 add-on,1706968,F
8/3/2010,710000 BFX 1090 Dumbbell Kit,1706962,F
8/3/2010,001-7477 Ultimate 2 Accessory Rack,1706962,T
8/3/2010,"700005 Kit, BFX 2-in-1 Stand",1706962,F
8/3/2010,"000-3667 BFX Machine Mat 37.5 x 99.5""",1706962,F
8/3/2010,100153 Bowflex Classic,1706953,F
8/3/2010,003-9573 BFX Trn Plus-Heart Mon Ped-Reg,1707005,T
8/3/2010,003-9573 BFX Trn Plus-Heart Mon Ped-Reg,1709358,T
8/3/2010,003-4172 Bfx Camelbak Btl (BPA Free)red,1709355,F
8/3/2010,003-4173 Bfx Camelbak Btl (BPA Free)blk,1709355,F
8/3/2010,004-0600 Omron Body Fat Monitor,1709355,T
8/3/2010,001-3661 Tricep Rope,1709355,F
8/3/2010,001-3660 E-Z Curl Bar,1709355,F
8/3/2010,140004 BFX 5.1 SelectTech Bench SinglePack,1709350,F
8/3/2010,002-4629 NLS Push Up Bars,1709350,T
8/3/2010,001-3649 BFX Rod Rjuvnatr w mini 410 add-on,1707004,F
8/3/2010,95146 BFX 310# Rod Upgrade,1707004,F
8/3/2010,004-4525 XL - M Short w Pocket Slate Or,1707003,F
8/3/2010,004-4458 XL - NLS White M Sleeveless T-,1707003,F
8/3/2010,004-4484 XL - Bowflex White M Sleeveles,1707003,F
8/3/2010,004-4501 XL - Schwinn Gray M Sleeveless,1707003,F
8/3/2010,11608 BFX Body Plan Book,1706971,F
8/3/2010,002-4634 NLS AntiBurst Ball 65cm,1706939,T
8/3/2010,004-0632 NLS Heart Rate Monitor - reg,1706939,T
8/3/2010,100145 SCH 460 Var. Stride Elliptical,1709361,F
8/3/2010,710000 BFX 1090 Dumbbell Kit,1707016,F
8/3/2010,"700005 Kit, BFX 2-in-1 Stand",1707016,F
8/3/2010,140003 BFX 3.1 SelectTech Bench SinglePack,1707016,F
8/3/2010,95146 BFX 310# Rod Upgrade,1706949,F
8/3/2010,001-3649 BFX Rod Rjuvnatr w mini 410 add-on,1706949,F
8/3/2010,"100122 Kit,BFX TC5000, 2008",1707008,F
8/3/2010,10293 TRC Machine Mat,1707008,F
8/3/2010,"700005 Kit, BFX 2-in-1 Stand",1706943,F
8/3/2010,710000 BFX 1090 Dumbbell Kit,1706943,F
8/3/2010,100145 SCH 460 Var. Stride Elliptical,1706945,F
8/3/2010,100150 TC5500,1706951,F
8/3/2010,140003 BFX 3.1 SelectTech Bench SinglePack,1706965,F
8/3/2010,000-7262 Xtreme 60x48 Mat Boxed,1707001,F
8/3/2010,100070 BFX Xtreme 2 SE,1707001,F
8/3/2010,95146 BFX 310# Rod Upgrade,1707001,F
8/3/2010,100190 UNI KBK1020,1706984,F
8/3/2010,003-3157 Providence Beginner Kettlebell,1706984,F
8/3/2010,001-3649 BFX Rod Rjuvnatr w mini 410 add-on,1707012,F
8/3/2010,001-3649 BFX Rod Rjuvnatr w mini 410 add-on,1707007,F
8/3/2010,3530012 SCH Airdyne Evo-Comp,1707010,F
8/3/2010,001-5131 CD-ROM  Revo XP I-Trainer,1707011,F
8/3/2010,10071 Rod Pack  410# upgrade,1707006,F
8/3/2010,100145 SCH 460 Var. Stride Elliptical,1706980,F
6/20/2010,710000 BFX 1090 Dumbbell Kit,1707435,F
6/20/2010,140004 BFX 5.1 SelectTech Bench SinglePack,1707435,F
6/20/2010,"700005 Kit, BFX 2-in-1 Stand",1707435,F
6/20/2010,"10172 BFX 79x37"" Mat",1707435,F
6/20/2010,100153 Bowflex Classic,1707446,F
6/20/2010,"700005 Kit, BFX 2-in-1 Stand",1707448,F
6/20/2010,710000 BFX 1090 Dumbbell Kit,1707448,F
6/20/2010,140004 BFX 5.1 SelectTech Bench SinglePack,1707517,F
6/20/2010,"700005 Kit, BFX 2-in-1 Stand",1707517,F
6/20/2010,710000 BFX 1090 Dumbbell Kit,1707517,F
6/20/2010,100131 BFX 552 Dumbbell Kit,1707427,F
6/20/2010,100150 TC5500,1707495,F
6/20/2010,100183 NLS Mobia,1707488,F
6/20/2010,"002-6898 BOXED MAT  43"" X 76"" NAUTILUS",1707488,T
6/20/2010,100070 BFX Xtreme 2 SE,1707486,F
6/20/2010,"115000 Kit, U2 310#",1707498,F
6/20/2010,000-3158 U2 Ab Attachment Box,1707498,F
6/20/2010,"000-3667 BFX Machine Mat 37.5 x 99.5""",1707498,F
6/20/2010,95146 BFX 310# Rod Upgrade,1707475,F
6/20/2010,95146 BFX 310# Rod Upgrade,1707510,F
6/20/2010,100070 BFX Xtreme 2 SE,1707510,F
6/20/2010,001-3649 BFX Rod Rjuvnatr w mini 410 add-on,1707510,F
6/20/2010,000-7262 Xtreme 60x48 Mat Boxed,1707510,F
6/20/2010,100131 BFX 552 Dumbbell Kit,1707492,F
6/20/2010,100131 BFX 552 Dumbbell Kit,1707433,F
6/20/2010,"115000 Kit, U2 310#",1707480,F
6/20/2010,10293 TRC Machine Mat,1707429,F
6/20/2010,"100122 Kit,BFX TC5000, 2008",1707429,F
6/20/2010,001-3649 BFX Rod Rjuvnatr w mini 410 add-on,1707496,F
6/20/2010,100131 BFX 552 Dumbbell Kit,1707425,F
6/20/2010,100153 Bowflex Classic,1707428,F
6/20/2010,"700005 Kit, BFX 2-in-1 Stand",1707494,F
6/20/2010,100131 BFX 552 Dumbbell Kit,1707494,F
6/20/2010,001-7477 Ultimate 2 Accessory Rack,1707494,T
6/20/2010,95146 BFX 310# Rod Upgrade,1707497,F
6/20/2010,100131 BFX 552 Dumbbell Kit,1707431,F
6/20/2010,"115000 Kit, U2 310#",1707490,F
6/20/2010,100070 BFX Xtreme 2 SE,1707442,F
6/20/2010,001-7476 Revolution Accessory Rack,1707423,F
6/20/2010,001-7477 Ultimate 2 Accessory Rack,1707440,T
6/20/2010,001-3649 BFX Rod Rjuvnatr w mini 410 add-on,1707440,F
6/20/2010,"100026 BFX Xtreme SE, Multipack",1707514,F
6/20/2010,"100120 Kit,BFX TC1000, 2008",1707419,F
6/20/2010,100183 NLS Mobia,1707472,F
6/20/2010,"115000 Kit, U2 310#",1707482,F
6/20/2010,100153 Bowflex Classic,1707484,F
3/24/2010,002-3741 BFX TC Box 2  ALL  2008,1708549,F
3/24/2010,000-4275 BFX Revo 80# Resistance Upgrade,1708576,F
3/24/2010,002-3741 BFX TC Box 2  ALL  2008,1708571,F
3/24/2010,140004 BFX 5.1 SelectTech Bench SinglePack,1708538,F
3/24/2010,140004 BFX 5.1 SelectTech Bench SinglePack,1708598,F
3/24/2010,002-6841 BFX 552 Dumbbell Single,1708534,F
3/24/2010,PK1096 H/R Transmitter Kit,1708613,F
2/9/2010,10071 Rod Pack  410# upgrade,1706947,F
10/9/2009,000-4275 BFX Revo 80# Resistance Upgrade,1708235,F
10/9/2009,000-7262 Xtreme 60x48 Mat Boxed,1708235,F
10/9/2009,001-6393 Revolution XP Accessory Rack,1708235,F
10/9/2009,100070 BFX Xtreme 2 SE,1708301,F
10/9/2009,"100122 Kit,BFX TC5000, 2008",1708292,F
10/9/2009,"700002 Kit, BFX 552 / 2-in-1 Stand",1708237,F
10/9/2009,000-3158 U2 Ab Attachment Box,1708296,F
10/9/2009,"115000 Kit, U2 310#",1708296,F
10/9/2009,001-7477 Ultimate 2 Accessory Rack,1708296,T
10/9/2009,100131 BFX 552 Dumbbell Kit,1708317,F
10/9/2009,"700005 Kit, BFX 2-in-1 Stand",1708317,F
10/9/2009,100070 BFX Xtreme 2 SE,1708303,F
10/9/2009,001-3649 BFX Rod Rjuvnatr w mini 410 add-on,1708303,F
10/9/2009,100070 BFX Xtreme 2 SE,1708289,F
10/9/2009,100070 BFX Xtreme 2 SE,1708291,F
10/9/2009,100070 BFX Xtreme 2 SE,1708313,F
10/9/2009,"700005 Kit, BFX 2-in-1 Stand",1708310,F
10/9/2009,100073 BFX 5.1 Bench & 1090 DB Kit,1708310,F
10/9/2009,140004 BFX 5.1 SelectTech Bench SinglePack,1708239,F
10/9/2009,"10172 BFX 79x37"" Mat",1708239,F
10/9/2009,710000 BFX 1090 Dumbbell Kit,1708239,F
10/9/2009,"700005 Kit, BFX 2-in-1 Stand",1708239,F
10/9/2009,"100121 Kit,BFX TC3000, 2008",1708247,F
10/9/2009,"100121 Kit,BFX TC3000, 2008",1708294,F
10/9/2009,710000 BFX 1090 Dumbbell Kit,1708307,F
10/9/2009,"100120 Kit,BFX TC1000, 2008",1708218,F
10/9/2009,"100120 Kit,BFX TC1000, 2008",1708223,F
10/9/2009,"115000 Kit, U2 310#",1708250,F
10/9/2009,001-3649 BFX Rod Rjuvnatr w mini 410 add-on,1708250,F
10/9/2009,001-7477 Ultimate 2 Accessory Rack,1708250,T
10/9/2009,160000 BFX Revolution,1708232,F
10/9/2009,140004 BFX 5.1 SelectTech Bench SinglePack,1708293,F
10/9/2009,710000 BFX 1090 Dumbbell Kit,1708295,F
10/9/2009,"100120 Kit,BFX TC1000, 2008",1708221,F
10/9/2009,100150 TC5500,1708228,F
10/9/2009,100070 BFX Xtreme 2 SE,1708220,F
10/9/2009,"700005 Kit, BFX 2-in-1 Stand",1708243,F
10/9/2009,710000 BFX 1090 Dumbbell Kit,1708243,F
10/9/2009,140004 BFX 5.1 SelectTech Bench SinglePack,1708243,F
10/9/2009,"100121 Kit,BFX TC3000, 2008",1708253,F
10/9/2009,10293 TRC Machine Mat,1708253,F
10/9/2009,100131 BFX 552 Dumbbell Kit,1708230,F
10/9/2009,"700005 Kit, BFX 2-in-1 Stand",1708230,F
10/9/2009,100150 TC5500,1708297,F
10/9/2009,100070 BFX Xtreme 2 SE,1708226,F
10/9/2009,100070 BFX Xtreme 2 SE,1708299,F
5/12/2009,"115000 Kit, U2 310#",1708758,F
5/12/2009,001-3649 BFX Rod Rjuvnatr w mini 410 add-on,1708758,F
5/12/2009,"000-3667 BFX Machine Mat 37.5 x 99.5""",1708758,F
5/12/2009,10071 Rod Pack  410# upgrade,1708758,F
5/12/2009,000-4275 BFX Revo 80# Resistance Upgrade,1708788,F
5/12/2009,"000-3667 BFX Machine Mat 37.5 x 99.5""",1708788,F
5/12/2009,001-7476 Revolution Accessory Rack,1708788,F
5/12/2009,160000 BFX Revolution,1708788,F
5/12/2009,95146 BFX 310# Rod Upgrade,1708813,F
5/12/2009,"100026 BFX Xtreme SE, Multipack",1708813,F
5/12/2009,003-3148 Oregon Scientific AnyWear 3D P,1708782,T
5/12/2009,10293 TRC Machine Mat,1708782,F
5/12/2009,"100122 Kit,BFX TC5000, 2008",1708782,F
5/12/2009,"100121 Kit,BFX TC3000, 2008",1708746,F
5/12/2009,001-7476 Revolution Accessory Rack,1708746,F
5/12/2009,160000 BFX Revolution,1708746,F
5/12/2009,"100120 Kit,BFX TC1000, 2008",1708724,F
5/12/2009,"100120 Kit,BFX TC1000, 2008",1708734,F
5/12/2009,"100075 BFX 1090DB, 2.1Stnd,5.1 Bench Mat",1708802,F
5/12/2009,"100122 Kit,BFX TC5000, 2008",1708743,F
5/12/2009,160000 BFX Revolution,1708798,F
5/12/2009,"000-3667 BFX Machine Mat 37.5 x 99.5""",1708798,F
5/12/2009,160000 BFX Revolution,1708742,F
5/12/2009,001-5131 CD-ROM  Revo XP I-Trainer,1708742,F
5/12/2009,000-4275 BFX Revo 80# Resistance Upgrade,1708742,F
5/12/2009,"000-3667 BFX Machine Mat 37.5 x 99.5""",1708736,F
5/12/2009,160000 BFX Revolution,1708736,F
5/12/2009,"100122 Kit,BFX TC5000, 2008",1708748,F
5/12/2009,001-3660 E-Z Curl Bar,1708728,F
5/12/2009,95145 410 Power Rod Upgrade (PP Mot),1708728,T
5/12/2009,"100122 Kit,BFX TC5000, 2008",1708810,F
5/12/2009,"700002 Kit, BFX 552 / 2-in-1 Stand",1708784,F
5/12/2009,"700002 Kit, BFX 552 / 2-in-1 Stand",1708796,F
5/12/2009,10071 Rod Pack  410# upgrade,1708776,F
5/12/2009,95146 BFX 310# Rod Upgrade,1708776,F
5/12/2009,100074 BFX 5.1 Bench 1090 DB  2.1 Stand,1708792,F
5/12/2009,"100120 Kit,BFX TC1000, 2008",1708808,F
5/12/2009,"100122 Kit,BFX TC5000, 2008",1708790,F
5/12/2009,"000-3667 BFX Machine Mat 37.5 x 99.5""",1708794,F
5/12/2009,160000 BFX Revolution,1708794,F
5/12/2009,100131 BFX 552 Dumbbell Kit,1708753,F
5/12/2009,"100120 Kit,BFX TC1000, 2008",1708778,F
5/12/2009,100153 Bowflex Classic,1708756,F
5/12/2009,"100122 Kit,BFX TC5000, 2008",1708732,F
5/12/2009,10293 TRC Machine Mat,1708732,F
5/12/2009,"700008 Kit, BFX 552 / 5.1 Bench",1708751,F
5/12/2009,10293 TRC Machine Mat,1708745,F
5/12/2009,"100120 Kit,BFX TC1000, 2008",1708745,F
5/12/2009,"100026 BFX Xtreme SE, Multipack",1708744,F
5/12/2009,003-4182 Bowflex Towel,1708786,F
5/12/2009,10293 TRC Machine Mat,1708786,F
5/12/2009,"100120 Kit,BFX TC1000, 2008",1708741,F
5/12/2009,"100120 Kit,BFX TC1000, 2008",1708780,F
5/12/2009,"100120 Kit,BFX TC1000, 2008",1708750,F
5/12/2009,"100122 Kit,BFX TC5000, 2008",1708805,F
5/12/2009,"100122 Kit,BFX TC5000, 2008",1708739,F
3/11/2009,000-4275 BFX Revo 80# Resistance Upgrade,1707927,F
3/11/2009,"000-3667 BFX Machine Mat 37.5 x 99.5""",1707927,F
3/11/2009,160000 BFX Revolution,1707927,F
12/5/2008,10071 Rod Pack  410# upgrade,1708427,F
12/5/2008,001-3649 BFX Rod Rjuvnatr w mini 410 add-on,1708473,F
12/5/2008,001-3649 BFX Rod Rjuvnatr w mini 410 add-on,1708418,F
12/5/2008,001-3649 BFX Rod Rjuvnatr w mini 410 add-on,1708513,F
12/5/2008,95146 BFX 310# Rod Upgrade,1708513,F
12/5/2008,001-3660 E-Z Curl Bar,1708448,F
12/5/2008,"90849 SCH Windscreen Airdyne,Chrome",1708475,T
12/5/2008,95146 BFX 310# Rod Upgrade,1708421,F
12/5/2008,001-3649 BFX Rod Rjuvnatr w mini 410 add-on,1708439,F
12/5/2008,000-7262 Xtreme 60x48 Mat Boxed,1708493,F
11/8/2008,10293 TRC Machine Mat,1708021,F
11/8/2008,"100122 Kit,BFX TC5000, 2008",1708021,F
11/8/2008,"115000 Kit, U2 310#",1708025,F
11/8/2008,"115000 Kit, U2 310#",1708112,F
11/8/2008,001-3683 Lumbar Support Pad,1708112,F
11/8/2008,"000-3667 BFX Machine Mat 37.5 x 99.5""",1708112,F
11/8/2008,"000-3667 BFX Machine Mat 37.5 x 99.5""",1708106,F
11/8/2008,160000 BFX Revolution,1708106,F
11/8/2008,001-3683 Lumbar Support Pad,1708039,F
11/8/2008,001-3660 E-Z Curl Bar,1708039,F
11/8/2008,000-7262 Xtreme 60x48 Mat Boxed,1708039,F
11/8/2008,001-3661 Tricep Rope,1708039,F
11/8/2008,"100026 BFX Xtreme SE, Multipack",1708039,F
11/8/2008,001-7477 Ultimate 2 Accessory Rack,1708034,T
11/8/2008,"115000 Kit, U2 310#",1708034,F
11/8/2008,000-3158 U2 Ab Attachment Box,1708034,F
11/8/2008,001-3660 E-Z Curl Bar,1708034,F
11/8/2008,001-3661 Tricep Rope,1708034,F
11/8/2008,001-3683 Lumbar Support Pad,1708034,F
11/8/2008,95146 BFX 310# Rod Upgrade,1708084,F
11/8/2008,000-7262 Xtreme 60x48 Mat Boxed,1708084,F
11/8/2008,100070 BFX Xtreme 2 SE,1708084,F
11/8/2008,001-3660 E-Z Curl Bar,1708070,F
11/8/2008,001-3683 Lumbar Support Pad,1708070,F
11/8/2008,100070 BFX Xtreme 2 SE,1708070,F
11/8/2008,001-3661 Tricep Rope,1708070,F
11/8/2008,340001 BFX Blaze Multi Pack,1708036,F
11/8/2008,100070 BFX Xtreme 2 SE,1708094,F
11/8/2008,100070 BFX Xtreme 2 SE,1708081,F
11/8/2008,100070 BFX Xtreme 2 SE,1708087,F
11/8/2008,"100122 Kit,BFX TC5000, 2008",1708060,F
11/8/2008,"100122 Kit,BFX TC5000, 2008",1708053,F
11/8/2008,"100122 Kit,BFX TC5000, 2008",1708090,F
11/8/2008,"115000 Kit, U2 310#",1708080,F
11/8/2008,160000 BFX Revolution,1708018,F
11/8/2008,000-3158 U2 Ab Attachment Box,1708058,F
11/8/2008,"000-3667 BFX Machine Mat 37.5 x 99.5""",1708058,F
11/8/2008,"115000 Kit, U2 310#",1708058,F
11/8/2008,"000-3667 BFX Machine Mat 37.5 x 99.5""",1708103,F
11/8/2008,"115001 Kit, U2 w/Ab Attachment",1708103,F
11/8/2008,001-3660 E-Z Curl Bar,1708092,F
11/8/2008,340001 BFX Blaze Multi Pack,1708092,F
11/8/2008,001-3683 Lumbar Support Pad,1708101,F
11/8/2008,001-3661 Tricep Rope,1708101,F
11/8/2008,001-3660 E-Z Curl Bar,1708101,F
11/8/2008,100070 BFX Xtreme 2 SE,1708101,F
11/8/2008,710000 BFX 1090 Dumbbell Kit,1708031,F
11/8/2008,160000 BFX Revolution,1708062,F
11/8/2008,160000 BFX Revolution,1708076,F
11/8/2008,000-3158 U2 Ab Attachment Box,1708110,F
11/8/2008,10071 Rod Pack  410# upgrade,1708072,F
11/8/2008,"10172 BFX 79x37"" Mat",1708079,F
11/8/2008,"10172 BFX 79x37"" Mat",1708085,F
11/8/2008,000-4275 BFX Revo 80# Resistance Upgrade,1708083,F
11/8/2008,"700002 Kit, BFX 552 / 2-in-1 Stand",1708027,F
11/8/2008,000-3158 U2 Ab Attachment Box,1708065,F
11/8/2008,95146 BFX 310# Rod Upgrade,1708074,F
11/8/2008,10293 TRC Machine Mat,1708108,F
11/8/2008,"100122 Kit,BFX TC5000, 2008",1708108,F
11/8/2008,"100121 Kit,BFX TC3000, 2008",1708098,F
11/8/2008,340001 BFX Blaze Multi Pack,1708078,F
11/8/2008,100070 BFX Xtreme 2 SE,1708096,F
11/8/2008,"100122 Kit,BFX TC5000, 2008",1708056,F
11/8/2008,001-3660 E-Z Curl Bar,1708067,F
11/8/2008,001-3683 Lumbar Support Pad,1708067,F
11/8/2008,100070 BFX Xtreme 2 SE,1708067,F
11/8/2008,001-3661 Tricep Rope,1708067,F
11/8/2008,"SM00110-001 TREADCLIMBER,TC6000,DOM,110V",1708082,T
11/8/2008,"100120 Kit,BFX TC1000, 2008",1708023,F
11/8/2008,"700002 Kit, BFX 552 / 2-in-1 Stand",1708020,F
7/19/2008,002-4637 Pilates Soft Weight Balls-4lbs,1708208,F
7/19/2008,002-4632 NLS Club Workout Mat,1708208,F
7/19/2008,000-0002 Nautilus U-Mix NutriBottle,1708208,T
7/19/2008,002-4634 NLS AntiBurst Ball 65cm,1708208,T
7/19/2008,"100120 Kit,BFX TC1000, 2008",1708208,F
7/19/2008,002-4629 NLS Push Up Bars,1708208,T
7/19/2008,"100026 BFX Xtreme SE, Multipack",1708139,F
7/19/2008,001-3649 BFX Rod Rjuvnatr w mini 410 add-on,1708139,F
7/19/2008,95146 BFX 310# Rod Upgrade,1708139,F
7/19/2008,001-3660 E-Z Curl Bar,1708197,F
7/19/2008,001-3661 Tricep Rope,1708197,F
7/19/2008,000-0310 BFX Multi-point Foot Harness,1708197,T
7/19/2008,100070 BFX Xtreme 2 SE,1708197,F
7/19/2008,001-3683 Lumbar Support Pad,1708197,F
7/19/2008,"100026 BFX Xtreme SE, Multipack",1708141,F
7/19/2008,10071 Rod Pack  410# upgrade,1708141,F
7/19/2008,"100026 BFX Xtreme SE, Multipack",1708204,F
7/19/2008,000-4275 BFX Revo 80# Resistance Upgrade,1708154,F
7/19/2008,160000 BFX Revolution,1708154,F
7/19/2008,001-3683 Lumbar Support Pad,1708131,F
7/19/2008,001-3661 Tricep Rope,1708131,F
7/19/2008,100070 BFX Xtreme 2 SE,1708131,F
7/19/2008,001-3660 E-Z Curl Bar,1708131,F
7/19/2008,340001 BFX Blaze Multi Pack,1708178,F
7/19/2008,001-3683 Lumbar Support Pad,1708178,F
7/19/2008,95146 BFX 310# Rod Upgrade,1708178,F
7/19/2008,"10172 BFX 79x37"" Mat",1708178,F
7/19/2008,000-4275 BFX Revo 80# Resistance Upgrade,1708160,F
7/19/2008,002-0283 Revolution I-Trainer CD-ROM,1708160,F
7/19/2008,160000 BFX Revolution,1708160,F
7/19/2008,"000-3667 BFX Machine Mat 37.5 x 99.5""",1708160,F
7/19/2008,001-7476 Revolution Accessory Rack,1708160,F
7/19/2008,001-3649 BFX Rod Rjuvnatr w mini 410 add-on,1708137,F
7/19/2008,001-7477 Ultimate 2 Accessory Rack,1708137,T
7/19/2008,000-4275 BFX Revo 80# Resistance Upgrade,1708135,F
7/19/2008,160000 BFX Revolution,1708135,F
7/19/2008,001-3683 Lumbar Support Pad,1708148,F
7/19/2008,001-3660 E-Z Curl Bar,1708148,F
7/19/2008,100070 BFX Xtreme 2 SE,1708148,F
7/19/2008,001-3661 Tricep Rope,1708148,F
7/19/2008,95146 BFX 310# Rod Upgrade,1708185,F
7/19/2008,"100026 BFX Xtreme SE, Multipack",1708185,F
7/19/2008,340001 BFX Blaze Multi Pack,1708191,F
7/19/2008,160000 BFX Revolution,1708133,F
7/19/2008,001-3661 Tricep Rope,1708133,F
7/19/2008,001-3660 E-Z Curl Bar,1708133,F
7/19/2008,100070 BFX Xtreme 2 SE,1708188,F
7/19/2008,"100121 Kit,BFX TC3000, 2008",1708182,F
7/19/2008,10293 TRC Machine Mat,1708182,F
7/19/2008,"100122 Kit,BFX TC5000, 2008",1708158,F
7/19/2008,"100120 Kit,BFX TC1000, 2008",1708201,F
7/19/2008,100070 BFX Xtreme 2 SE,1708194,F
7/19/2008,10071 Rod Pack  410# upgrade,1708194,F
7/19/2008,"100026 BFX Xtreme SE, Multipack",1708151,F
7/19/2008,"100026 BFX Xtreme SE, Multipack",1708145,F
7/19/2008,95146 BFX 310# Rod Upgrade,1708143,F
6/13/2008,002-4629 NLS Push Up Bars,1708759,T
6/13/2008,002-4634 NLS AntiBurst Ball 65cm,1708759,T
6/13/2008,002-4632 NLS Club Workout Mat,1708759,F
6/13/2008,001-3649 BFX Rod Rjuvnatr w mini 410 add-on,1708759,F
6/13/2008,100071 BFX 1090 Dumbbells & 21 Stand Kit,1708759,F
6/13/2008,000-0002 Nautilus U-Mix NutriBottle,1708759,T
6/13/2008,200020-R TRC Model TC1000 REFURB,1708722,F
6/13/2008,95146 BFX 310# Rod Upgrade,1708727,F
6/13/2008,002-3399 Gaiam Abs Ball Kit 8 lb,1708735,T
6/13/2008,002-4635 NLS AntiBurst Ball 75cm,1708735,T
6/13/2008,002-4633 NLS AntiBurst Ball 55cm,1708735,F
6/13/2008,700000 BFX 552 Dumbbell Kit,1708735,F
6/13/2008,003-3154 Kettlebell- Yellow 8 kg (17.6),1708735,T
6/13/2008,001-3649 BFX Rod Rjuvnatr w mini 410 add-on,1708735,F
6/13/2008,002-2678 Gaiam Power Breathe Blue,1708735,T
6/13/2008,140004 BFX 5.1 SelectTech Bench SinglePack,1708735,F
6/13/2008,003-3162 SlastixBands - heavy,1708816,F
6/13/2008,003-3154 Kettlebell- Yellow 8 kg (17.6),1708816,T
6/13/2008,140004 BFX 5.1 SelectTech Bench SinglePack,1708811,F
6/13/2008,002-2678 Gaiam Power Breathe Blue,1708811,T
6/13/2008,002-3399 Gaiam Abs Ball Kit 8 lb,1708811,T
6/13/2008,"100122 Kit,BFX TC5000, 2008",1708803,F
6/13/2008,001-3661 Tricep Rope,1708787,F
6/13/2008,10071 Rod Pack  410# upgrade,1708799,F
6/13/2008,250004 T514 LE Treadmill Combo,1708757,F
6/13/2008,100014 NLS NE3000 Elliptical 07,1708757,F
6/13/2008,000-0310 BFX Multi-point Foot Harness,1708795,T
6/13/2008,001-5131 CD-ROM  Revo XP I-Trainer,1708793,F
6/13/2008,11608 BFX Body Plan Book,1708801,F
6/13/2008,001-3649 BFX Rod Rjuvnatr w mini 410 add-on,1708801,F
6/13/2008,002-5175 Gaiam Balanceball Beginner Kit,1708801,T
6/13/2008,003-3148 Oregon Scientific AnyWear 3D P,1708718,T
6/13/2008,700000 BFX 552 Dumbbell Kit,1708807,F
6/13/2008,001-3649 BFX Rod Rjuvnatr w mini 410 add-on,1708797,F
6/13/2008,000-6527 BFX Heart Rate Monitor,1708814,T
6/13/2008,001-7477 Ultimate 2 Accessory Rack,1708752,T
6/13/2008,"000-3667 BFX Machine Mat 37.5 x 99.5""",1708752,F
6/13/2008,002-4635 NLS AntiBurst Ball 75cm,1708791,T
6/13/2008,003-3162 SlastixBands - heavy,1708785,F
6/13/2008,"6020015 Kit, Motivator 2",1708725,F
6/13/2008,370004 SCH 230 Recumbent Bike,1708783,F
6/13/2008,11969 Hot Cold Shoulder Wrap L XL,1708804,F
6/13/2008,"115000 Kit, U2 310#",1708789,F
6/13/2008,100070 BFX Xtreme 2 SE,1708755,F
6/13/2008,001-3649 BFX Rod Rjuvnatr w mini 410 add-on,1708761,F
6/13/2008,140004 BFX 5.1 SelectTech Bench SinglePack,1708761,F
6/13/2008,001-3649 BFX Rod Rjuvnatr w mini 410 add-on,1708754,F
6/13/2008,140004 BFX 5.1 SelectTech Bench SinglePack,1708730,F
6/13/2008,001-3649 BFX Rod Rjuvnatr w mini 410 add-on,1708720,F
4/14/2008,"10172 BFX 79x37"" Mat",1707805,F
4/14/2008,"700010 Kit, BFX 552 / 51B / 21S Kit",1707805,F
4/14/2008,"100121 Kit,BFX TC3000, 2008",1707721,F
4/14/2008,160000 BFX Revolution,1707811,F
4/14/2008,"000-3667 BFX Machine Mat 37.5 x 99.5""",1707811,F
4/14/2008,001-7476 Revolution Accessory Rack,1707811,F
4/14/2008,700000 BFX 552 Dumbbell Kit,1707780,F
4/14/2008,001-3660 E-Z Curl Bar,1707790,F
4/14/2008,001-3661 Tricep Rope,1707790,F
4/14/2008,95146 BFX 310# Rod Upgrade,1707790,F
4/14/2008,10071 Rod Pack  410# upgrade,1707790,F
4/14/2008,"115000 Kit, U2 310#",1707734,F
4/14/2008,160000 BFX Revolution,1707728,F
4/14/2008,000-4275 BFX Revo 80# Resistance Upgrade,1707728,F
4/14/2008,"000-3667 BFX Machine Mat 37.5 x 99.5""",1707728,F
4/14/2008,002-0283 Revolution I-Trainer CD-ROM,1707728,F
4/14/2008,001-7476 Revolution Accessory Rack,1707728,F
4/14/2008,"100026 BFX Xtreme SE, Multipack",1707807,F
4/14/2008,"000-3667 BFX Machine Mat 37.5 x 99.5""",1707807,F
4/14/2008,710000 BFX 1090 Dumbbell Kit,1707801,F
4/14/2008,"115000 Kit, U2 310#",1707799,F
4/14/2008,"000-3667 BFX Machine Mat 37.5 x 99.5""",1707792,F
4/14/2008,160000 BFX Revolution,1707792,F
4/14/2008,001-7477 Ultimate 2 Accessory Rack,1707797,T
4/14/2008,001-3649 BFX Rod Rjuvnatr w mini 410 add-on,1707797,F
4/14/2008,160000 BFX Revolution,1707803,F
4/14/2008,95146 BFX 310# Rod Upgrade,1707788,F
4/14/2008,95146 BFX 310# Rod Upgrade,1707783,F
4/14/2008,"115000 Kit, U2 310#",1707794,F
2/23/2008,11608 BFX Body Plan Book,1707952,F
2/23/2008,100070 BFX Xtreme 2 SE,1707952,F
2/23/2008,000-0310 BFX Multi-point Foot Harness,1707952,T
2/23/2008,12838 BFX Body Building DVD,1707983,F
2/23/2008,140004 BFX 5.1 SelectTech Bench SinglePack,1707924,F
2/23/2008,"100075 BFX 1090DB, 2.1Stnd,5.1 Bench Mat",1707924,F
2/23/2008,"10172 BFX 79x37"" Mat",1707970,F
2/23/2008,001-3649 BFX Rod Rjuvnatr w mini 410 add-on,1707970,F
2/23/2008,340001 BFX Blaze Multi Pack,1707970,F
2/23/2008,001-3660 E-Z Curl Bar,1707970,F
2/23/2008,001-3661 Tricep Rope,1707970,F
2/23/2008,000-0310 BFX Multi-point Foot Harness,1707970,T
2/23/2008,"SM00110-001 TREADCLIMBER,TC6000,DOM,110V",1707982,T
2/23/2008,001-3661 Tricep Rope,1707929,F
2/23/2008,95146 BFX 310# Rod Upgrade,1707929,F
2/23/2008,001-3660 E-Z Curl Bar,1707929,F
2/23/2008,001-3649 BFX Rod Rjuvnatr w mini 410 add-on,1707929,F
2/23/2008,001-3683 Lumbar Support Pad,1707929,F
2/23/2008,"100026 BFX Xtreme SE, Multipack",1707929,F
2/23/2008,000-7262 Xtreme 60x48 Mat Boxed,1707929,F
2/23/2008,001-3660 E-Z Curl Bar,1707918,F
2/23/2008,340001 BFX Blaze Multi Pack,1707918,F
2/23/2008,002-0283 Revolution I-Trainer CD-ROM,1707953,F
2/23/2008,160000 BFX Revolution,1707953,F
2/23/2008,001-7476 Revolution Accessory Rack,1707940,F
2/23/2008,160000 BFX Revolution,1707940,F
2/23/2008,001-5131 CD-ROM  Revo XP I-Trainer,1707944,F
2/23/2008,95146 BFX 310# Rod Upgrade,1707922,F
2/23/2008,"10172 BFX 79x37"" Mat",1707943,F
2/23/2008,140004 BFX 5.1 SelectTech Bench SinglePack,1707943,F
2/23/2008,100074 BFX 5.1 Bench 1090 DB  2.1 Stand,1707943,F
2/23/2008,"SM00110-001 TREADCLIMBER,TC6000,DOM,110V",1707932,T
2/23/2008,11338 TC5300 Machine Mat,1707932,T
2/23/2008,"100026 BFX Xtreme SE, Multipack",1708015,F
2/23/2008,100071 BFX 1090 Dumbbells & 21 Stand Kit,1707967,F
2/23/2008,340001 BFX Blaze Multi Pack,1707941,F
2/23/2008,"115000 Kit, U2 310#",1708004,F
2/23/2008,001-3661 Tricep Rope,1708004,F
2/23/2008,"115000 Kit, U2 310#",1708014,F
2/23/2008,000-3158 U2 Ab Attachment Box,1708014,F
2/23/2008,"000-3667 BFX Machine Mat 37.5 x 99.5""",1708014,F
2/23/2008,10071 Rod Pack  410# upgrade,1708014,F
2/23/2008,"000-3667 BFX Machine Mat 37.5 x 99.5""",1707960,F
2/23/2008,160000 BFX Revolution,1707960,F
2/23/2008,001-7476 Revolution Accessory Rack,1707960,F
2/23/2008,"000-3667 BFX Machine Mat 37.5 x 99.5""",1708000,F
2/23/2008,160000 BFX Revolution,1708000,F
2/23/2008,002-0283 Revolution I-Trainer CD-ROM,1708000,F
2/23/2008,000-6527 BFX Heart Rate Monitor,1707920,T
2/23/2008,200020 Bowflex TC1000,1707920,F
2/23/2008,001-3649 BFX Rod Rjuvnatr w mini 410 add-on,1707987,F
2/23/2008,"100026 BFX Xtreme SE, Multipack",1707987,F
2/23/2008,001-3683 Lumbar Support Pad,1707987,F
2/23/2008,001-3660 E-Z Curl Bar,1707987,F
2/23/2008,"700011 Kit, BFX 220 Dumbbell",1707987,F
2/23/2008,001-3661 Tricep Rope,1707987,F
2/23/2008,001-3661 Tricep Rope,1708012,F
2/23/2008,001-7476 Revolution Accessory Rack,1708012,F
2/23/2008,160000 BFX Revolution,1708012,F
2/23/2008,001-3649 BFX Rod Rjuvnatr w mini 410 add-on,1707935,F
2/23/2008,001-3660 E-Z Curl Bar,1707935,F
2/23/2008,95146 BFX 310# Rod Upgrade,1707935,F
2/23/2008,001-3660 E-Z Curl Bar,1707939,F
2/23/2008,100070 BFX Xtreme 2 SE,1707939,F
2/23/2008,000-0310 BFX Multi-point Foot Harness,1707939,T
2/23/2008,001-3661 Tricep Rope,1707939,F
2/23/2008,001-3683 Lumbar Support Pad,1707938,F
2/23/2008,000-4275 BFX Revo 80# Resistance Upgrade,1707938,F
2/23/2008,160000 BFX Revolution,1707938,F
2/23/2008,001-7476 Revolution Accessory Rack,1707938,F
2/23/2008,001-3661 Tricep Rope,1707938,F
2/23/2008,001-7476 Revolution Accessory Rack,1707945,F
2/23/2008,710000 BFX 1090 Dumbbell Kit,1708013,F
2/23/2008,"700011 Kit, BFX 220 Dumbbell",1708013,F
2/23/2008,140003 BFX 3.1 SelectTech Bench SinglePack,1708013,F
2/23/2008,100074 BFX 5.1 Bench 1090 DB  2.1 Stand,1707973,F
2/23/2008,140004 BFX 5.1 SelectTech Bench SinglePack,1707973,F
2/23/2008,100070 BFX Xtreme 2 SE,1707991,F
2/23/2008,"115001 Kit, U2 w/Ab Attachment",1707961,F
2/23/2008,10071 Rod Pack  410# upgrade,1707961,F
2/23/2008,200021 TRC Model TC3000,1707921,F
2/23/2008,700000 BFX 552 Dumbbell Kit,1707958,F
2/23/2008,200020 Bowflex TC1000,1707949,F
2/23/2008,200020 Bowflex TC1000,1708006,F
2/23/2008,10293 TRC Machine Mat,1708006,F
2/23/2008,11612 Female Athlete's Body Book,1708006,T
2/23/2008,200023 TRC Model TC5000,1707976,F
2/23/2008,"115001 Kit, U2 w/Ab Attachment",1707976,F
2/23/2008,200023 TRC Model TC5000,1707989,F
2/23/2008,200023 TRC Model TC5000,1707997,F
2/23/2008,000-3682 BFX 2-in-1 Stand,1708003,F
2/23/2008,001-3661 Tricep Rope,1707928,F
2/23/2008,100070 BFX Xtreme 2 SE,1707928,F
2/23/2008,001-3660 E-Z Curl Bar,1707928,F
2/23/2008,000-7262 Xtreme 60x48 Mat Boxed,1707928,F
2/23/2008,001-3683 Lumbar Support Pad,1707928,F
2/23/2008,"700100 Kit, BFX 552 / Mat / 21S / 51B",1707942,F
2/23/2008,"000-3667 BFX Machine Mat 37.5 x 99.5""",1707930,F
2/23/2008,"115000 Kit, U2 310#",1707930,F
2/23/2008,000-3158 U2 Ab Attachment Box,1707930,F
2/23/2008,001-3649 BFX Rod Rjuvnatr w mini 410 add-on,1707959,F
2/23/2008,000-0310 BFX Multi-point Foot Harness,1707959,T
2/23/2008,001-7476 Revolution Accessory Rack,1707946,F
2/23/2008,000-4275 BFX Revo 80# Resistance Upgrade,1707946,F
2/23/2008,140004 BFX 5.1 SelectTech Bench SinglePack,1707971,F
2/23/2008,710000 BFX 1090 Dumbbell Kit,1707971,F
2/23/2008,100070 BFX Xtreme 2 SE,1707972,F
2/23/2008,000-7262 Xtreme 60x48 Mat Boxed,1707972,F
2/23/2008,100070 BFX Xtreme 2 SE,1707934,F
2/23/2008,100070 BFX Xtreme 2 SE,1707998,F
2/23/2008,"115000 Kit, U2 310#",1708009,F
2/23/2008,000-3158 U2 Ab Attachment Box,1708009,F
2/23/2008,"000-3667 BFX Machine Mat 37.5 x 99.5""",1708009,F
2/23/2008,160000 BFX Revolution,1707937,F
2/23/2008,000-7262 Xtreme 60x48 Mat Boxed,1708001,F
2/23/2008,001-3354 Gym Style Ab Crunch Attachment,1708001,F
2/23/2008,"100026 BFX Xtreme SE, Multipack",1708001,F
2/23/2008,001-3660 E-Z Curl Bar,1708005,F
2/23/2008,11608 BFX Body Plan Book,1707964,F
2/23/2008,10293 TRC Machine Mat,1708010,F
2/23/2008,200021 TRC Model TC3000,1708010,F
2/23/2008,"SM00110-001 TREADCLIMBER,TC6000,DOM,110V",1707936,T
2/23/2008,"100026 BFX Xtreme SE, Multipack",1707951,F
2/23/2008,100089 BFX Revo XP w/ Lat Tower Assembly,1708016,F
2/23/2008,"000-3667 BFX Machine Mat 37.5 x 99.5""",1708016,F
2/23/2008,"100000 Kit, Ult XTLU",1707957,F
2/23/2008,"115000 Kit, U2 310#",1707980,F
2/23/2008,001-3649 BFX Rod Rjuvnatr w mini 410 add-on,1707980,F
2/23/2008,160000 BFX Revolution,1707965,F
2/23/2008,200021 TRC Model TC3000,1708007,F
2/23/2008,200023 TRC Model TC5000,1707974,F
2/23/2008,100070 BFX Xtreme 2 SE,1707988,F
2/23/2008,100070 BFX Xtreme 2 SE,1707993,F
2/23/2008,100070 BFX Xtreme 2 SE,1707979,F
2/23/2008,100070 BFX Xtreme 2 SE,1708008,F
2/23/2008,100091 BFX Revo XP w/Lat Twr & Ab Attach,1708002,F
2/23/2008,160000 BFX Revolution,1707981,F
2/23/2008,200023 TRC Model TC5000,1707955,F
2/23/2008,200023 TRC Model TC5000,1707950,F
2/23/2008,000-3158 U2 Ab Attachment Box,1707996,F
2/23/2008,"115000 Kit, U2 310#",1707996,F
2/23/2008,001-3381 Preacher Curl Attach  Xtr X2,1707977,F
2/23/2008,100070 BFX Xtreme 2 SE,1707977,F
2/23/2008,001-5131 CD-ROM  Revo XP I-Trainer,1707969,F
2/23/2008,95146 BFX 310# Rod Upgrade,1707948,F
2/23/2008,100070 BFX Xtreme 2 SE,1707948,F
2/23/2008,"100026 BFX Xtreme SE, Multipack",1707999,F
2/23/2008,100070 BFX Xtreme 2 SE,1707992,F
2/23/2008,100070 BFX Xtreme 2 SE,1708017,F
2/23/2008,710000 BFX 1090 Dumbbell Kit,1707947,F
2/23/2008,100070 BFX Xtreme 2 SE,1708011,F
2/23/2008,000-7262 Xtreme 60x48 Mat Boxed,1708011,F
2/23/2008,100091 BFX Revo XP w/Lat Twr & Ab Attach,1707962,F
2/23/2008,200023 TRC Model TC5000,1707990,F
2/23/2008,95145 410 Power Rod Upgrade (PP Mot),1707954,T
2/23/2008,95146 BFX 310# Rod Upgrade,1707954,F
2/23/2008,002-2668 Performance System,1707931,T
2/23/2008,"100026 BFX Xtreme SE, Multipack",1707985,F
2/23/2008,160000 BFX Revolution,1707984,F
2/23/2008,001-5131 CD-ROM  Revo XP I-Trainer,1707984,F
2/23/2008,200021 TRC Model TC3000,1707919,F
2/23/2008,700000 BFX 552 Dumbbell Kit,1707926,F
2/23/2008,200020 Bowflex TC1000,1707978,F
2/23/2008,200023 TRC Model TC5000,1707966,F
2/23/2008,001-3354 Gym Style Ab Crunch Attachment,1707923,F
2/23/2008,340001 BFX Blaze Multi Pack,1707968,F
2/23/2008,340001 BFX Blaze Multi Pack,1707963,F
1/5/2008,200023 TRC Model TC5000,1707163,F
1/5/2008,10293 TRC Machine Mat,1707163,F
1/5/2008,000-3899 Mult-I-Trainer CD-ROM Ult U2,1707149,F
1/5/2008,001-7477 Ultimate 2 Accessory Rack,1707149,T
1/5/2008,11608 BFX Body Plan Book,1707149,F
1/5/2008,"115000 Kit, U2 310#",1707149,F
1/5/2008,000-3158 U2 Ab Attachment Box,1707149,F
1/5/2008,000-4275 BFX Revo 80# Resistance Upgrade,1707121,F
1/5/2008,"000-3667 BFX Machine Mat 37.5 x 99.5""",1707121,F
1/5/2008,160000 BFX Revolution,1707121,F
1/5/2008,000-7262 Xtreme 60x48 Mat Boxed,1707196,F
1/5/2008,100070 BFX Xtreme 2 SE,1707196,F
1/5/2008,95146 BFX 310# Rod Upgrade,1707154,F
1/5/2008,"100026 BFX Xtreme SE, Multipack",1707154,F
1/5/2008,10071 Rod Pack  410# upgrade,1707154,F
1/5/2008,95146 BFX 310# Rod Upgrade,1707208,F
1/5/2008,340001 BFX Blaze Multi Pack,1707208,F
1/5/2008,001-3649 BFX Rod Rjuvnatr w mini 410 add-on,1707208,F
1/5/2008,10071 Rod Pack  410# upgrade,1707208,F
1/5/2008,11608 BFX Body Plan Book,1707170,F
1/5/2008,000-3899 Mult-I-Trainer CD-ROM Ult U2,1707170,F
1/5/2008,10071 Rod Pack  410# upgrade,1707170,F
1/5/2008,000-7262 Xtreme 60x48 Mat Boxed,1707170,F
1/5/2008,100070 BFX Xtreme 2 SE,1707170,F
1/5/2008,100070 BFX Xtreme 2 SE,1707169,F
1/5/2008,95146 BFX 310# Rod Upgrade,1707169,F
1/5/2008,200023 TRC Model TC5000,1707189,F
1/5/2008,001-3649 BFX Rod Rjuvnatr w mini 410 add-on,1707128,F
1/5/2008,001-3660 E-Z Curl Bar,1707128,F
1/5/2008,001-3661 Tricep Rope,1707128,F
1/5/2008,"115000 Kit, U2 310#",1707128,F
1/5/2008,95146 BFX 310# Rod Upgrade,1707168,F
1/5/2008,100070 BFX Xtreme 2 SE,1707168,F
1/5/2008,000-7262 Xtreme 60x48 Mat Boxed,1707168,F
1/5/2008,95146 BFX 310# Rod Upgrade,1707171,F
1/5/2008,340001 BFX Blaze Multi Pack,1707171,F
1/5/2008,140004 BFX 5.1 SelectTech Bench SinglePack,1707194,F
1/5/2008,710000 BFX 1090 Dumbbell Kit,1707194,F
1/5/2008,10293 TRC Machine Mat,1707205,F
1/5/2008,200021 TRC Model TC3000,1707205,F
1/5/2008,"SM00110-001 TREADCLIMBER,TC6000,DOM,110V",1707186,T
1/5/2008,11338 TC5300 Machine Mat,1707186,T
1/5/2008,100070 BFX Xtreme 2 SE,1707176,F
1/5/2008,"000-3667 BFX Machine Mat 37.5 x 99.5""",1707178,F
1/5/2008,"115000 Kit, U2 310#",1707178,F
1/5/2008,000-3158 U2 Ab Attachment Box,1707178,F
1/5/2008,001-3660 E-Z Curl Bar,1707172,F
1/5/2008,12838 BFX Body Building DVD,1707119,F
1/5/2008,001-3661 Tricep Rope,1707119,F
1/5/2008,140004 BFX 5.1 SelectTech Bench SinglePack,1707179,F
1/5/2008,100074 BFX 5.1 Bench 1090 DB  2.1 Stand,1707179,F
1/5/2008,340001 BFX Blaze Multi Pack,1707174,F
1/5/2008,000-6527 BFX Heart Rate Monitor,1707182,T
1/5/2008,200020 Bowflex TC1000,1707182,F
1/5/2008,10293 TRC Machine Mat,1707182,F
1/5/2008,001-3649 BFX Rod Rjuvnatr w mini 410 add-on,1707157,F
1/5/2008,95146 BFX 310# Rod Upgrade,1707157,F
1/5/2008,10071 Rod Pack  410# upgrade,1707157,F
1/5/2008,001-3649 BFX Rod Rjuvnatr w mini 410 add-on,1707160,F
1/5/2008,001-3661 Tricep Rope,1707160,F
1/5/2008,000-3158 U2 Ab Attachment Box,1707160,F
1/5/2008,"115001 Kit, U2 w/Ab Attachment",1707160,F
1/5/2008,"000-3667 BFX Machine Mat 37.5 x 99.5""",1707130,F
1/5/2008,"115000 Kit, U2 310#",1707130,F
1/5/2008,340001 BFX Blaze Multi Pack,1707201,F
1/5/2008,340001 BFX Blaze Multi Pack,1707184,F
1/5/2008,200020 Bowflex TC1000,1707198,F
1/5/2008,200023 TRC Model TC5000,1707183,F
1/5/2008,000-7262 Xtreme 60x48 Mat Boxed,1707126,F
1/5/2008,100071 BFX 1090 Dumbbells & 21 Stand Kit,1707165,F
1/5/2008,220000 BFX TC5300 Kit,1707175,F
1/5/2008,160000 BFX Revolution,1707124,F
1/5/2008,200020 Bowflex TC1000,1707191,F
1/5/2008,200023 TRC Model TC5000,1707152,F
1/5/2008,"100026 BFX Xtreme SE, Multipack",1707135,F
1/5/2008,700000 BFX 552 Dumbbell Kit,1707203,F
1/5/2008,100091 BFX Revo XP w/Lat Twr & Ab Attach,1707173,F
1/5/2008,100070 BFX Xtreme 2 SE,1707185,F
1/5/2008,100081 BFX Revolution XP,1707167,F
1/5/2008,"115000 Kit, U2 310#",1707133,F
1/5/2008,700000 BFX 552 Dumbbell Kit,1707177,F
10/2/2007,000-0012 BFX Towel,1708315,F
10/2/2007,002-2670 Trampoline Workout System,1708315,T
10/2/2007,002-4629 NLS Push Up Bars,1708315,T
10/2/2007,100088 SCH 431 Elliptical,1708277,F
10/2/2007,001-3354 Gym Style Ab Crunch Attachment,1708256,F
10/2/2007,001-3649 BFX Rod Rjuvnatr w mini 410 add-on,1708281,F
10/2/2007,001-3660 E-Z Curl Bar,1708281,F
10/2/2007,370005 SCH 231 Recumbent Bike,1708279,F
10/2/2007,3710014 Schwinn IC EVO-SR '04,1708248,T
10/2/2007,000-0312 NLS Multipoint FootHarness,1708254,T
10/2/2007,"000-0311 Weights, Ankle/Wrist Pair",1708267,T
10/2/2007,000-0300 Nautilus Power Pro Handgrips,1708267,T
10/2/2007,000-6527 BFX Heart Rate Monitor,1708309,T
10/2/2007,001-3660 E-Z Curl Bar,1708309,F
10/2/2007,370002 SCH 131 UPRIGHT BIKE,1708309,F
10/2/2007,000-0312 NLS Multipoint FootHarness,1708309,T
10/2/2007,002-0797 OR Scientific SE102,1708309,T
10/2/2007,140004 BFX 5.1 SelectTech Bench SinglePack,1708309,F
10/2/2007,710000 BFX 1090 Dumbbell Kit,1708309,F
10/2/2007,001-3661 Tricep Rope,1708309,F
10/2/2007,95146 BFX 310# Rod Upgrade,1708300,F
10/2/2007,001-3649 BFX Rod Rjuvnatr w mini 410 add-on,1708300,F
10/2/2007,370002 SCH 131 UPRIGHT BIKE,1708271,F
10/2/2007,002-2666 Spinervals 17.0Aero Bldr 2,1708287,T
10/2/2007,002-2662 Spinervals Conditioning 2,1708287,T
10/2/2007,002-2664 Spinervals 23.0 Time Saver,1708287,T
10/2/2007,"SM200103 7000 STEPMILL,SLVR,GREY COVERS",1708251,T
10/2/2007,"000-3667 BFX Machine Mat 37.5 x 99.5""",1708264,F
10/2/2007,000-3899 Mult-I-Trainer CD-ROM Ult U2,1708264,F
10/2/2007,95146 BFX 310# Rod Upgrade,1708258,F
10/2/2007,11957 The Knee Crisis Handbook,1708306,T
10/2/2007,12837 Upper Lower Body Workout DVD,1708306,T
10/2/2007,200023-R TC5000 REFURB,1708240,F
10/2/2007,001-3649 BFX Rod Rjuvnatr w mini 410 add-on,1708288,F
10/2/2007,001-3660 E-Z Curl Bar,1708288,F
10/2/2007,002-4640 Complete Yoga & Pilate Workout,1708275,F
10/2/2007,000-6563 Tanita Body Scan Scale,1708275,T
10/2/2007,000-3671 U2 DVD Player Box,1708273,F
10/2/2007,001-3649 BFX Rod Rjuvnatr w mini 410 add-on,1708262,F
10/2/2007,000-6527 BFX Heart Rate Monitor,1708262,T
10/2/2007,002-0283 Revolution I-Trainer CD-ROM,1708285,F
10/2/2007,002-3399 Gaiam Abs Ball Kit 8 lb,1708283,T
10/2/2007,12167 Champion Power Creatine,1708302,T
10/2/2007,002-5168 Champion AminoShooter+Creatine,1708302,T
10/2/2007,11608 BFX Body Plan Book,1708304,F
10/2/2007,95146 BFX 310# Rod Upgrade,1708245,F
10/2/2007,57441 Schwinn Bike Seat Gel Pad,1708260,T
10/2/2007,11968 Hot Cold Neck Back Combo Wrap,1708298,F
10/2/2007,100070 BFX Xtreme 2 SE,1708286,F
10/2/2007,95146 BFX 310# Rod Upgrade,1708242,F
10/2/2007,10482 NLS Forearm Developer,1708312,T
6/7/2007,"115000 Kit, U2 310#",1708825,F
6/7/2007,"000-3667 BFX Machine Mat 37.5 x 99.5""",1708825,F
6/7/2007,001-7477 Ultimate 2 Accessory Rack,1708825,T
6/7/2007,000-3158 U2 Ab Attachment Box,1708825,F
6/7/2007,12900 Bowflex Pilates Kit,1708825,T
6/7/2007,"115001 Kit, U2 w/Ab Attachment",1708842,F
6/7/2007,001-3661 Tricep Rope,1708842,F
6/7/2007,001-3660 E-Z Curl Bar,1708842,F
6/7/2007,001-7477 Ultimate 2 Accessory Rack,1708842,T
6/7/2007,"000-3667 BFX Machine Mat 37.5 x 99.5""",1708842,F
6/7/2007,10071 Rod Pack  410# upgrade,1708842,F
6/7/2007,200023 TRC Model TC5000,1708900,F
6/7/2007,000-7262 Xtreme 60x48 Mat Boxed,1708900,F
6/7/2007,10293 TRC Machine Mat,1708900,F
6/7/2007,100070 BFX Xtreme 2 SE,1708900,F
6/7/2007,000-7262 Xtreme 60x48 Mat Boxed,1708882,F
6/7/2007,100070 BFX Xtreme 2 SE,1708882,F
6/7/2007,95146 BFX 310# Rod Upgrade,1708882,F
6/7/2007,001-3661 Tricep Rope,1708863,F
6/7/2007,000-3158 U2 Ab Attachment Box,1708863,F
6/7/2007,"115000 Kit, U2 310#",1708863,F
6/7/2007,"10172 BFX 79x37"" Mat",1708832,F
6/7/2007,340001 BFX Blaze Multi Pack,1708832,F
6/7/2007,"115000 Kit, U2 310#",1708875,F
6/7/2007,200020 Bowflex TC1000,1708830,F
6/7/2007,10293 TRC Machine Mat,1708830,F
6/7/2007,000-3899 Mult-I-Trainer CD-ROM Ult U2,1708872,F
6/7/2007,100070 BFX Xtreme 2 SE,1708872,F
6/7/2007,001-3661 Tricep Rope,1708872,F
6/7/2007,000-7262 Xtreme 60x48 Mat Boxed,1708872,F
6/7/2007,000-7262 Xtreme 60x48 Mat Boxed,1708835,F
6/7/2007,"115000 Kit, U2 310#",1708835,F
6/7/2007,340001 BFX Blaze Multi Pack,1708906,F
6/7/2007,340001 BFX Blaze Multi Pack,1708884,F
6/7/2007,"10172 BFX 79x37"" Mat",1708884,F
6/7/2007,160000 BFX Revolution,1708879,F
6/7/2007,002-2667 Fat Loss Fitness System,1708879,T
6/7/2007,200023 TRC Model TC5000,1708838,F
6/7/2007,"SM00110-001 TREADCLIMBER,TC6000,DOM,110V",1708820,T
6/7/2007,11338 TC5300 Machine Mat,1708820,T
6/7/2007,200021 TRC Model TC3000,1708909,F
6/7/2007,700000 BFX 552 Dumbbell Kit,1708903,F
6/7/2007,140003 BFX 3.1 SelectTech Bench SinglePack,1708903,F
6/7/2007,200023 TRC Model TC5000,1708867,F
6/7/2007,100070 BFX Xtreme 2 SE,1708912,F
6/7/2007,100070 BFX Xtreme 2 SE,1708915,F
6/7/2007,160000 BFX Revolution,1708877,F
6/7/2007,340001 BFX Blaze Multi Pack,1708828,F
3/29/2007,"115000 Kit, U2 310#",1707709,F
3/29/2007,"100026 BFX Xtreme SE, Multipack",1707650,F
3/29/2007,95146 BFX 310# Rod Upgrade,1707650,F
3/29/2007,000-4275 BFX Revo 80# Resistance Upgrade,1707626,F
3/29/2007,160000 BFX Revolution,1707626,F
3/29/2007,"6600014 Kit, Xtreme 2 210#",1707633,F
3/29/2007,220000 BFX TC5300 Kit,1707637,F
3/29/2007,11338 TC5300 Machine Mat,1707637,T
3/29/2007,"10172 BFX 79x37"" Mat",1707619,F
3/29/2007,"700011 Kit, BFX 220 Dumbbell",1707619,F
3/29/2007,140003 BFX 3.1 SelectTech Bench SinglePack,1707619,F
3/29/2007,"6600014 Kit, Xtreme 2 210#",1707618,F
3/29/2007,000-3899 Mult-I-Trainer CD-ROM Ult U2,1707715,F
3/29/2007,000-4275 BFX Revo 80# Resistance Upgrade,1707715,F
3/29/2007,"000-3667 BFX Machine Mat 37.5 x 99.5""",1707715,F
3/29/2007,001-7476 Revolution Accessory Rack,1707715,F
3/29/2007,160000 BFX Revolution,1707715,F
3/29/2007,160000 BFX Revolution,1707621,F
3/29/2007,000-4275 BFX Revo 80# Resistance Upgrade,1707621,F
3/29/2007,"6600014 Kit, Xtreme 2 210#",1707642,F
3/29/2007,340001 BFX Blaze Multi Pack,1707629,F
3/29/2007,"6610014 Kit, X2 310#",1707703,F
3/29/2007,100074 BFX 5.1 Bench 1090 DB  2.1 Stand,1707624,F
11/15/2006,"115001 Kit, U2 w/Ab Attachment",1708162,F
11/15/2006,"10295 Watch, ZT-2000 QQ2191",1708180,T
11/15/2006,220000 BFX TC5300 Kit,1708180,F
11/15/2006,"6600014 Kit, Xtreme 2 210#",1708156,F
11/15/2006,000-7262 Xtreme 60x48 Mat Boxed,1708156,F
11/15/2006,200020 Bowflex TC1000,1708189,F
11/15/2006,"10295 Watch, ZT-2000 QQ2191",1708189,T
11/15/2006,11608 BFX Body Plan Book,1708126,F
11/15/2006,000-7262 Xtreme 60x48 Mat Boxed,1708126,F
11/15/2006,000-3899 Mult-I-Trainer CD-ROM Ult U2,1708126,F
11/15/2006,"6600014 Kit, Xtreme 2 210#",1708126,F
11/15/2006,95146 BFX 310# Rod Upgrade,1708126,F
11/15/2006,"000-3667 BFX Machine Mat 37.5 x 99.5""",1708165,F
11/15/2006,160000 BFX Revolution,1708165,F
11/15/2006,"000-3667 BFX Machine Mat 37.5 x 99.5""",1708159,F
11/15/2006,002-0283 Revolution I-Trainer CD-ROM,1708159,F
11/15/2006,160000 BFX Revolution,1708159,F
11/15/2006,"000-3667 BFX Machine Mat 37.5 x 99.5""",1708161,F
11/15/2006,"115001 Kit, U2 w/Ab Attachment",1708161,F
11/15/2006,11608 BFX Body Plan Book,1708128,F
11/15/2006,340001 BFX Blaze Multi Pack,1708128,F
11/15/2006,12837 Upper Lower Body Workout DVD,1708128,T
11/15/2006,"110006 Kit, Xtr XTLU 310#",1708186,F
11/15/2006,160000 BFX Revolution,1708183,F
11/15/2006,"000-3667 BFX Machine Mat 37.5 x 99.5""",1708183,F
11/15/2006,200021 TRC Model TC3000,1708163,F
11/15/2006,700000 BFX 552 Dumbbell Kit,1708167,F
11/15/2006,10293 TRC Machine Mat,1708167,F
11/15/2006,200023 TRC Model TC5000,1708167,F
11/15/2006,"100000 Kit, Ult XTLU",1708153,F
11/15/2006,"6600014 Kit, Xtreme 2 210#",1708123,F
11/15/2006,200020 Bowflex TC1000,1708177,F
11/15/2006,200023 TRC Model TC5000,1708169,F
11/15/2006,200023 TRC Model TC5000,1708175,F
11/15/2006,340001 BFX Blaze Multi Pack,1708172,F
11/15/2006,160000 BFX Revolution,1708150,F
11/15/2006,200023 TRC Model TC5000,1708120,F
6/27/2006,000-7408 Bauerfeind GenuTrain-SZ1 Black,1707717,F
6/27/2006,"000-3667 BFX Machine Mat 37.5 x 99.5""",1707839,F
6/27/2006,"115000 Kit, U2 310#",1707839,F
6/27/2006,160000 BFX Revolution,1707852,F
6/27/2006,"6600014 Kit, Xtreme 2 210#",1707898,F
6/27/2006,70403 Low Carb Stack,1707864,T
6/27/2006,160000 BFX Revolution,1707864,F
6/27/2006,"10295 Watch, ZT-2000 QQ2191",1707867,T
6/27/2006,200020 Bowflex TC1000,1707867,F
6/27/2006,12999 BFX 552 Dumbbell,1707860,F
6/27/2006,12999 BFX 552 Dumbbell,1707869,F
6/27/2006,12999 BFX 552 Dumbbell,1707914,F
6/27/2006,"110001 Kit, Xtr XTLU 210#",1707818,F
6/27/2006,11608 BFX Body Plan Book,1707818,F
6/27/2006,000-3899 Mult-I-Trainer CD-ROM Ult U2,1707818,F
6/27/2006,"115000 Kit, U2 310#",1707866,F
6/27/2006,"000-3667 BFX Machine Mat 37.5 x 99.5""",1707866,F
6/27/2006,200023 TRC Model TC5000,1707841,F
6/27/2006,"700010 Kit, BFX 552 / 51B / 21S Kit",1707861,F
6/27/2006,000-3899 Mult-I-Trainer CD-ROM Ult U2,1707822,F
6/27/2006,11608 BFX Body Plan Book,1707822,F
6/27/2006,"110001 Kit, Xtr XTLU 210#",1707822,F
6/27/2006,12999 BFX 552 Dumbbell,1707863,F
6/27/2006,"115000 Kit, U2 310#",1707916,F
6/27/2006,"000-3667 BFX Machine Mat 37.5 x 99.5""",1707916,F
6/27/2006,"6600014 Kit, Xtreme 2 210#",1707862,F
6/27/2006,200020 Bowflex TC1000,1707892,F
6/27/2006,10293 TRC Machine Mat,1707892,F
6/27/2006,200023 TRC Model TC5000,1707856,F
6/27/2006,11608 BFX Body Plan Book,1707905,F
6/27/2006,"100000 Kit, Ult XTLU",1707905,F
6/27/2006,10071 Rod Pack  410# upgrade,1707905,F
6/27/2006,12838 BFX Body Building DVD,1707909,F
6/27/2006,"100000 Kit, Ult XTLU",1707909,F
6/27/2006,"10172 BFX 79x37"" Mat",1707909,F
6/27/2006,12999 BFX 552 Dumbbell,1707868,F
6/27/2006,12999 BFX 552 Dumbbell,1707900,F
6/27/2006,"115000 Kit, U2 310#",1707850,F
6/27/2006,"115001 Kit, U2 w/Ab Attachment",1707865,F
6/27/2006,12999 BFX 552 Dumbbell,1707846,F
6/27/2006,"110001 Kit, Xtr XTLU 210#",1707844,F
6/27/2006,95146 BFX 310# Rod Upgrade,1707844,F
6/27/2006,"6610014 Kit, X2 310#",1707835,F
6/27/2006,200021 TRC Model TC3000,1707912,F
6/27/2006,700000 BFX 552 Dumbbell Kit,1707902,F
6/27/2006,"700001 Kit, BFX 552 / 31B/ 21S",1707896,F
6/27/2006,"700010 Kit, BFX 552 / 51B / 21S Kit",1707848,F
6/27/2006,12999 BFX 552 Dumbbell,1707837,F
6/27/2006,12999 BFX 552 Dumbbell,1707854,F
6/27/2006,12999 BFX 552 Dumbbell,1707842,F
6/27/2006,12999 BFX 552 Dumbbell,1707907,F
6/27/2006,"100000 Kit, Ult XTLU",1707858,F
6/26/2006,000-6520 SpinervalsFit 4 Lean&Mean,1707690,T
6/26/2006,12999 BFX 552 Dumbbell,1707635,F
6/26/2006,001-8042 Box 1  Generic 310#,1707695,T
6/26/2006,5710015 NLS EV718 Elliptical,1707679,F
6/26/2006,"10172 BFX 79x37"" Mat",1707672,F
6/26/2006,000-3899 Mult-I-Trainer CD-ROM Ult U2,1707672,F
6/26/2006,3810015 Schwinn 112 Upright Bike,1707675,T
1/6/2006,"000-0311 Weights, Ankle/Wrist Pair",1708891,T
1/6/2006,000-0303 Nautilus Push-up Bars,1708891,T
1/6/2006,000-0304 Nautilus Sit-up Bar,1708891,T
1/6/2006,"000-0307 Workout Belt 45"" - Lg.",1708891,T
1/6/2006,12160 Champion Muscle Nitro,1708891,T
1/6/2006,000-6570 Island Thy Deep Heat MSG Oil,1708873,T
1/6/2006,000-0015 Island Thyme Aches & Pains Oil,1708873,T
1/6/2006,5420012 NR2000 Recumbent Bike,1708907,T
1/6/2006,11608 BFX Body Plan Book,1708913,F
1/6/2006,000-0003 BFX Mix Container (Red),1708913,T
1/6/2006,000-0002 Nautilus U-Mix NutriBottle,1708913,T
1/6/2006,000-7318 NLS MN Swft SLVL-T wht blk-2XL,1708913,T
1/6/2006,"10172 BFX 79x37"" Mat",1708911,F
1/6/2006,"6600014 Kit, Xtreme 2 210#",1708911,F
1/6/2006,95146 BFX 310# Rod Upgrade,1708911,F
1/6/2006,"6800013 Kit, Sport 210#",1708886,F
1/6/2006,000-0303 Nautilus Push-up Bars,1708869,T
1/6/2006,000-0368 Toning Wheel,1708869,T
1/6/2006,11972 Dr. Riter's REAL-EaSE Support,1708869,F
1/6/2006,000-0300 Nautilus Power Pro Handgrips,1708869,T
1/6/2006,000-0304 Nautilus Sit-up Bar,1708869,T
1/6/2006,001-7888 ISOBOARD COMPLETE WORKOUT,1708869,T
1/6/2006,95146 BFX 310# Rod Upgrade,1708887,F
1/6/2006,"6600014 Kit, Xtreme 2 210#",1708887,F
1/6/2006,12900 Bowflex Pilates Kit,1708905,T
1/6/2006,160000 BFX Revolution,1708818,F
1/6/2006,000-0303 Nautilus Push-up Bars,1708821,T
1/6/2006,"110001 Kit, Xtr XTLU 210#",1708883,F
1/6/2006,"100000 Kit, Ult XTLU",1708889,F
1/6/2006,200021 TRC Model TC3000,1708857,F
1/6/2006,12160 Champion Muscle Nitro,1708826,T
1/6/2006,200021 TRC Model TC3000,1708881,F
1/6/2006,10293 TRC Machine Mat,1708881,F
1/6/2006,000-3158 U2 Ab Attachment Box,1708860,F
1/6/2006,000-6494 Elasto-Gel Ht/Cld SinusWrp,1708876,T
1/6/2006,000-7977 Bauer. Heel Supports Size 2,1708876,T
1/6/2006,57442 Schwinn Airdyne Seat Pad,1708917,T
1/6/2006,10071 Rod Pack  410# upgrade,1708865,F
1/6/2006,"6600014 Kit, Xtreme 2 210#",1708865,F
1/6/2006,200021 TRC Model TC3000,1708885,F
1/6/2006,000-0312 NLS Multipoint FootHarness,1708902,T
1/6/2006,000-0368 Toning Wheel,1708823,T
1/6/2006,12075 Medi-Dyne Step Stretch,1708823,T
1/6/2006,"6600014 Kit, Xtreme 2 210#",1708878,F
1/6/2006,"115000 Kit, U2 310#",1708854,F
1/6/2006,3940015 BFX 7 Series Treadmill,1708880,F
11/18/2005,"100000 Kit, Ult XTLU",1708943,F
11/18/2005,"115000 Kit, U2 310#",1708988,F
11/18/2005,"115000 Kit, U2 310#",1708987,F
11/18/2005,"115000 Kit, U2 310#",1709017,F
11/18/2005,"000-3667 BFX Machine Mat 37.5 x 99.5""",1709017,F
11/18/2005,"6600014 Kit, Xtreme 2 210#",1708991,F
11/18/2005,000-7262 Xtreme 60x48 Mat Boxed,1708991,F
11/18/2005,11608 BFX Body Plan Book,1708991,F
11/18/2005,000-3899 Mult-I-Trainer CD-ROM Ult U2,1708991,F
11/18/2005,10071 Rod Pack  410# upgrade,1708991,F
11/18/2005,"6800013 Kit, Sport 210#",1708979,F
11/18/2005,"6800013 Kit, Sport 210#",1708966,F
11/18/2005,"700011 Kit, BFX 220 Dumbbell",1709005,F
11/18/2005,"6600014 Kit, Xtreme 2 210#",1708990,F
11/18/2005,"700010 Kit, BFX 552 / 51B / 21S Kit",1708937,F
11/18/2005,"000-3667 BFX Machine Mat 37.5 x 99.5""",1708936,F
11/18/2005,12900 Bowflex Pilates Kit,1708936,T
11/18/2005,"115001 Kit, U2 w/Ab Attachment",1708936,F
11/18/2005,12837 Upper Lower Body Workout DVD,1708936,T
11/18/2005,"000-3667 BFX Machine Mat 37.5 x 99.5""",1708940,F
11/18/2005,"100000 Kit, Ult XTLU",1708940,F
11/18/2005,10071 Rod Pack  410# upgrade,1708940,F
11/18/2005,000-3899 Mult-I-Trainer CD-ROM Ult U2,1708973,F
11/18/2005,11608 BFX Body Plan Book,1708973,F
11/18/2005,"110006 Kit, Xtr XTLU 310#",1708973,F
11/18/2005,000-3899 Mult-I-Trainer CD-ROM Ult U2,1708939,F
11/18/2005,70403 Low Carb Stack,1708939,T
11/18/2005,70404 Muscle Maintenance,1708939,T
11/18/2005,"110001 Kit, Xtr XTLU 210#",1708939,F
11/18/2005,11608 BFX Body Plan Book,1708939,F
11/18/2005,"110001 Kit, Xtr XTLU 210#",1708920,F
11/18/2005,"100000 Kit, Ult XTLU",1708947,F
11/18/2005,"10172 BFX 79x37"" Mat",1708947,F
11/18/2005,"115000 Kit, U2 310#",1708922,F
11/18/2005,"200022 Kit, BFX TC5000 w/Mat",1708983,F
11/18/2005,"6800013 Kit, Sport 210#",1709009,F
11/18/2005,"700002 Kit, BFX 552 / 2-in-1 Stand",1709000,F
11/18/2005,000-3899 Mult-I-Trainer CD-ROM Ult U2,1709003,F
11/18/2005,11608 BFX Body Plan Book,1709003,F
11/18/2005,"100000 Kit, Ult XTLU",1709003,F
11/18/2005,10071 Rod Pack  410# upgrade,1709003,F
11/18/2005,"10172 BFX 79x37"" Mat",1709003,F
11/18/2005,"110001 Kit, Xtr XTLU 210#",1708944,F
11/18/2005,"100000 Kit, Ult XTLU",1708935,F
11/18/2005,"115001 Kit, U2 w/Ab Attachment",1709011,F
11/18/2005,"6600014 Kit, Xtreme 2 210#",1708948,F
11/18/2005,95146 BFX 310# Rod Upgrade,1708948,F
11/18/2005,12837 Upper Lower Body Workout DVD,1708948,T
11/18/2005,"115001 Kit, U2 w/Ab Attachment",1708977,F
11/18/2005,"000-3667 BFX Machine Mat 37.5 x 99.5""",1708977,F
11/18/2005,200021 TRC Model TC3000,1708938,F
11/18/2005,10293 TRC Machine Mat,1708938,F
11/18/2005,"6800013 Kit, Sport 210#",1708970,F
11/18/2005,700000 BFX 552 Dumbbell Kit,1708986,F
11/18/2005,"110001 Kit, Xtr XTLU 210#",1708918,F
11/18/2005,"110001 Kit, Xtr XTLU 210#",1709006,F
11/18/2005,"100000 Kit, Ult XTLU",1708998,F
11/18/2005,"115000 Kit, U2 310#",1708934,F
11/18/2005,"200022 Kit, BFX TC5000 w/Mat",1709015,F
11/18/2005,"6600014 Kit, Xtreme 2 210#",1708984,F
11/18/2005,"6610014 Kit, X2 310#",1708975,F
11/18/2005,200021 TRC Model TC3000,1708942,F
11/18/2005,"6600014 Kit, Xtreme 2 210#",1708985,F
11/18/2005,"100000 Kit, Ult XTLU",1709013,F
11/18/2005,11608 BFX Body Plan Book,1709013,F
11/18/2005,"700013 Kit, BFX 220 DB / Stand",1708941,F
11/18/2005,"110001 Kit, Xtr XTLU 210#",1708946,F
11/18/2005,"110006 Kit, Xtr XTLU 310#",1708989,F
11/18/2005,220000 BFX TC5300 Kit,1708992,F
11/18/2005,"200022 Kit, BFX TC5000 w/Mat",1708950,F
11/18/2005,"6600014 Kit, Xtreme 2 210#",1708981,F
11/18/2005,"6600014 Kit, Xtreme 2 210#",1708968,F
11/18/2005,200023 TRC Model TC5000,1708945,F
9/13/2005,10071 Rod Pack  410# upgrade,1707777,F
9/13/2005,"100000 Kit, Ult XTLU",1707777,F
9/13/2005,"6610014 Kit, X2 310#",1707804,F
9/13/2005,"115000 Kit, U2 310#",1707787,F
9/13/2005,"700010 Kit, BFX 552 / 51B / 21S Kit",1707808,F
9/13/2005,"000-3667 BFX Machine Mat 37.5 x 99.5""",1707793,F
9/13/2005,"115000 Kit, U2 310#",1707793,F
9/13/2005,"115001 Kit, U2 w/Ab Attachment",1707806,F
9/13/2005,"000-3667 BFX Machine Mat 37.5 x 99.5""",1707806,F
9/13/2005,"115001 Kit, U2 w/Ab Attachment",1707796,F
9/13/2005,"200022 Kit, BFX TC5000 w/Mat",1707784,F
9/13/2005,"100000 Kit, Ult XTLU",1707722,F
9/13/2005,"115000 Kit, U2 310#",1707800,F
9/13/2005,"115000 Kit, U2 310#",1707789,F
9/13/2005,"10172 BFX 79x37"" Mat",1707810,F
9/13/2005,"100000 Kit, Ult XTLU",1707810,F
9/13/2005,"115000 Kit, U2 310#",1707802,F
9/13/2005,"6800013 Kit, Sport 210#",1707813,F
9/13/2005,"100000 Kit, Ult XTLU",1707798,F
9/13/2005,"115001 Kit, U2 w/Ab Attachment",1707726,F
9/13/2005,"000-3667 BFX Machine Mat 37.5 x 99.5""",1707730,F
9/13/2005,"115000 Kit, U2 310#",1707730,F
9/13/2005,"100000 Kit, Ult XTLU",1707791,F
9/13/2005,"100000 Kit, Ult XTLU",1707812,F
9/13/2005,"115000 Kit, U2 310#",1707781,F
9/13/2005,"115000 Kit, U2 310#",1707795,F
9/13/2005,"100000 Kit, Ult XTLU",1707774,F
7/16/2005,"6600014 Kit, Xtreme 2 210#",1708779,F
7/16/2005,11608 BFX Body Plan Book,1708774,F
7/16/2005,"10172 BFX 79x37"" Mat",1708774,F
7/16/2005,"100000 Kit, Ult XTLU",1708774,F
7/16/2005,000-3899 Mult-I-Trainer CD-ROM Ult U2,1708774,F
7/16/2005,"10172 BFX 79x37"" Mat",1708764,F
7/16/2005,51290 Xtr Leg Extension Box,1708764,T
7/16/2005,11608 BFX Body Plan Book,1708764,F
7/16/2005,"110000 Kit, Xtr XLU 210#",1708764,F
7/16/2005,000-3899 Mult-I-Trainer CD-ROM Ult U2,1708764,F
7/16/2005,"110001 Kit, Xtr XTLU 210#",1708773,F
7/16/2005,"100000 Kit, Ult XTLU",1708770,F
7/16/2005,000-3899 Mult-I-Trainer CD-ROM Ult U2,1708781,F
7/16/2005,51290 Xtr Leg Extension Box,1708781,T
7/16/2005,11608 BFX Body Plan Book,1708781,F
7/16/2005,"110000 Kit, Xtr XLU 210#",1708781,F
7/16/2005,"200022 Kit, BFX TC5000 w/Mat",1708769,F
7/16/2005,200021 TRC Model TC3000,1708772,F
7/16/2005,"200022 Kit, BFX TC5000 w/Mat",1708768,F
7/16/2005,"6800013 Kit, Sport 210#",1708806,F
7/16/2005,"6800013 Kit, Sport 210#",1708738,F
7/16/2005,"700010 Kit, BFX 552 / 51B / 21S Kit",1708767,F
7/16/2005,"6600014 Kit, Xtreme 2 210#",1708775,F
7/16/2005,"6600014 Kit, Xtreme 2 210#",1708777,F
7/16/2005,700000 BFX 552 Dumbbell Kit,1708765,F
7/16/2005,"100000 Kit, Ult XTLU",1708719,F
7/16/2005,200021 TRC Model TC3000,1708763,F
7/16/2005,"6600014 Kit, Xtreme 2 210#",1708766,F
7/16/2005,"10172 BFX 79x37"" Mat",1708766,F
7/16/2005,"6600014 Kit, Xtreme 2 210#",1708771,F
7/16/2005,"10172 BFX 79x37"" Mat",1708815,F
7/16/2005,"110001 Kit, Xtr XTLU 210#",1708815,F
7/16/2005,"100000 Kit, Ult XTLU",1708731,F
7/16/2005,"6600014 Kit, Xtreme 2 210#",1708817,F
7/16/2005,"700010 Kit, BFX 552 / 51B / 21S Kit",1708733,F
7/16/2005,"6610014 Kit, X2 310#",1708812,F
7/16/2005,"6600014 Kit, Xtreme 2 210#",1708723,F
7/16/2005,"10172 BFX 79x37"" Mat",1708723,F
7/16/2005,"6600014 Kit, Xtreme 2 210#",1708729,F
7/16/2005,"700010 Kit, BFX 552 / 51B / 21S Kit",1708737,F
7/16/2005,"110001 Kit, Xtr XTLU 210#",1708740,F
7/16/2005,"6600014 Kit, Xtreme 2 210#",1708726,F
7/16/2005,200020 Bowflex TC1000,1708809,F
7/16/2005,"6800013 Kit, Sport 210#",1708721,F
5/18/2005,11608 BFX Body Plan Book,1707240,F
5/18/2005,"100000 Kit, Ult XTLU",1707240,F
5/18/2005,000-3899 Mult-I-Trainer CD-ROM Ult U2,1707240,F
5/18/2005,"700010 Kit, BFX 552 / 51B / 21S Kit",1707285,F
5/18/2005,10071 Rod Pack  410# upgrade,1707310,F
5/18/2005,"115000 Kit, U2 310#",1707310,F
5/18/2005,"10172 BFX 79x37"" Mat",1707249,F
5/18/2005,10071 Rod Pack  410# upgrade,1707249,F
5/18/2005,"6810013 Kit, Sport 310#",1707249,F
5/18/2005,"100000 Kit, Ult XTLU",1707238,F
5/18/2005,"6600014 Kit, Xtreme 2 210#",1707234,F
5/18/2005,700000 BFX 552 Dumbbell Kit,1707227,F
5/18/2005,95146 BFX 310# Rod Upgrade,1707294,F
5/18/2005,"6600014 Kit, Xtreme 2 210#",1707294,F
5/18/2005,10293 TRC Machine Mat,1707307,F
5/18/2005,200020 Bowflex TC1000,1707307,F
5/18/2005,"100000 Kit, Ult XTLU",1707236,F
5/18/2005,"6600014 Kit, Xtreme 2 210#",1707246,F
5/18/2005,000-3899 Mult-I-Trainer CD-ROM Ult U2,1707246,F
5/18/2005,95146 BFX 310# Rod Upgrade,1707246,F
5/18/2005,"10172 BFX 79x37"" Mat",1707246,F
5/18/2005,11608 BFX Body Plan Book,1707246,F
5/18/2005,"115001 Kit, U2 w/Ab Attachment",1707314,F
5/18/2005,"000-3667 BFX Machine Mat 37.5 x 99.5""",1707314,F
5/18/2005,10071 Rod Pack  410# upgrade,1707314,F
5/18/2005,"115001 Kit, U2 w/Ab Attachment",1707242,F
5/18/2005,10071 Rod Pack  410# upgrade,1707242,F
5/18/2005,200021 TRC Model TC3000,1707288,F
5/18/2005,200021 TRC Model TC3000,1707317,F
5/18/2005,"10295 Watch, ZT-2000 QQ2191",1707317,T
5/18/2005,"200022 Kit, BFX TC5000 w/Mat",1707244,F
5/18/2005,17240 Sport Box 4,1707250,T
5/18/2005,51230 Bowflex Sport (Box 2),1707250,T
5/18/2005,17401 Sport 310# Box 1,1707250,T
5/18/2005,51235 Bowflex Sport (Box 3),1707250,T
5/18/2005,11786 Jog Proof CD Player,1707304,T
5/18/2005,"200022 Kit, BFX TC5000 w/Mat",1707304,F
5/18/2005,"6610014 Kit, X2 310#",1707297,F
5/18/2005,"115001 Kit, U2 w/Ab Attachment",1707230,F
5/18/2005,"200022 Kit, BFX TC5000 w/Mat",1707232,F
5/18/2005,"6800013 Kit, Sport 210#",1707291,F
5/18/2005,"6800013 Kit, Sport 210#",1707245,F
5/18/2005,200021 TRC Model TC3000,1707312,F
5/18/2005,"100000 Kit, Ult XTLU",1707300,F
5/18/2005,"200022 Kit, BFX TC5000 w/Mat",1707248,F
5/18/2005,"700010 Kit, BFX 552 / 51B / 21S Kit",1707278,F
5/18/2005,95146 BFX 310# Rod Upgrade,1707251,F
5/18/2005,"6600014 Kit, Xtreme 2 210#",1707251,F
5/18/2005,"200022 Kit, BFX TC5000 w/Mat",1707247,F
5/18/2005,"6800013 Kit, Sport 210#",1707282,F
3/23/2005,10293 TRC Machine Mat,1708121,F
3/23/2005,200021 TRC Model TC3000,1708121,F
3/23/2005,"110006 Kit, Xtr XTLU 310#",1708166,F
3/23/2005,"110001 Kit, Xtr XTLU 210#",1708203,F
3/23/2005,"110001 Kit, Xtr XTLU 210#",1708206,F
3/23/2005,"10172 BFX 79x37"" Mat",1708206,F
3/23/2005,"200022 Kit, BFX TC5000 w/Mat",1708198,F
3/23/2005,10071 Rod Pack  410# upgrade,1708181,F
3/23/2005,"100000 Kit, Ult XTLU",1708181,F
3/23/2005,"6800013 Kit, Sport 210#",1708170,F
3/23/2005,"110006 Kit, Xtr XTLU 310#",1708211,F
3/23/2005,"110006 Kit, Xtr XTLU 310#",1708217,F
3/23/2005,200020 Bowflex TC1000,1708187,F
3/23/2005,"110005 Kit, Xtr XLU 310#",1708174,F
3/23/2005,"110001 Kit, Xtr XTLU 210#",1708184,F
3/23/2005,"110001 Kit, Xtr XTLU 210#",1708164,F
3/23/2005,"100000 Kit, Ult XTLU",1708171,F
3/23/2005,"6600014 Kit, Xtreme 2 210#",1708209,F
3/23/2005,"6600014 Kit, Xtreme 2 210#",1708173,F
3/23/2005,"6800013 Kit, Sport 210#",1708193,F
3/23/2005,"110001 Kit, Xtr XTLU 210#",1708190,F
3/23/2005,"100000 Kit, Ult XTLU",1708176,F
3/23/2005,"200022 Kit, BFX TC5000 w/Mat",1708168,F
3/23/2005,"6600014 Kit, Xtreme 2 210#",1708215,F
3/23/2005,"6600014 Kit, Xtreme 2 210#",1708196,F
3/23/2005,"6600014 Kit, Xtreme 2 210#",1708118,F
3/23/2005,"100000 Kit, Ult XTLU",1708213,F
3/23/2005,"6600014 Kit, Xtreme 2 210#",1708200,F
3/23/2005,"700002 Kit, BFX 552 / 2-in-1 Stand",1708179,F
3/10/2005,000-0276 Nautilus Towel,1707712,T
3/10/2005,000-0016 Island Thyme Deep Heat Balm,1707712,T
3/10/2005,12836 L'equip Juicer Pulp Ejector,1707712,T
3/10/2005,12092 Walk 3  High Energy Hits CD,1707712,T
3/10/2005,000-0002 Nautilus U-Mix NutriBottle,1707712,T
3/10/2005,11972 Dr. Riter's REAL-EaSE Support,1707712,F
3/9/2005,12900 Bowflex Pilates Kit,1707667,T
3/9/2005,000-0011 Comfort Pillow Moist Heat,1707645,T
2/10/2005,"6800013 Kit, Sport 210#",1707516,F
2/10/2005,"12995 Stand, BFX Chrome 552",1707462,T
2/10/2005,"700008 Kit, BFX 552 / 5.1 Bench",1707462,F
2/10/2005,11608 BFX Body Plan Book,1707483,F
2/10/2005,10071 Rod Pack  410# upgrade,1707483,F
2/10/2005,"100000 Kit, Ult XTLU",1707483,F
2/10/2005,11608 BFX Body Plan Book,1707426,F
2/10/2005,"110001 Kit, Xtr XTLU 210#",1707426,F
2/10/2005,"10172 BFX 79x37"" Mat",1707489,F
2/10/2005,"6800013 Kit, Sport 210#",1707489,F
2/10/2005,10071 Rod Pack  410# upgrade,1707487,F
2/10/2005,"100000 Kit, Ult XTLU",1707487,F
2/10/2005,"100000 Kit, Ult XTLU",1707476,F
2/10/2005,"100000 Kit, Ult XTLU",1707479,F
2/10/2005,10071 Rod Pack  410# upgrade,1707479,F
2/10/2005,200021 TRC Model TC3000,1707458,F
2/10/2005,"100000 Kit, Ult XTLU",1707464,F
2/10/2005,"100000 Kit, Ult XTLU",1707491,F
2/10/2005,"6600014 Kit, Xtreme 2 210#",1707481,F
2/10/2005,"700002 Kit, BFX 552 / 2-in-1 Stand",1707424,F
2/10/2005,"700010 Kit, BFX 552 / 51B / 21S Kit",1707422,F
2/10/2005,"100000 Kit, Ult XTLU",1707468,F
2/10/2005,"100000 Kit, Ult XTLU",1707473,F
2/10/2005,"100000 Kit, Ult XTLU",1707485,F
2/10/2005,"6600014 Kit, Xtreme 2 210#",1707420,F
2/10/2005,11608 BFX Body Plan Book,1707420,F
2/10/2005,10071 Rod Pack  410# upgrade,1707420,F
2/10/2005,"10172 BFX 79x37"" Mat",1707420,F
2/10/2005,"110006 Kit, Xtr XTLU 310#",1707470,F
2/10/2005,"100000 Kit, Ult XTLU",1707466,F
2/10/2005,70404 Muscle Maintenance,1707466,T
2/10/2005,"10172 BFX 79x37"" Mat",1707466,F
2/10/2005,"100000 Kit, Ult XTLU",1707418,F
2/10/2005,"100000 Kit, Ult XTLU",1707460,F
2/10/2005,200021 TRC Model TC3000,1707456,F
2/10/2005,"700010 Kit, BFX 552 / 51B / 21S Kit",1707493,F
2/10/2005,"100000 Kit, Ult XTLU",1707478,F
12/12/2004,"110001 Kit, Xtr XTLU 210#",1708896,F
12/12/2004,11608 BFX Body Plan Book,1708896,F
12/12/2004,"6600014 Kit, Xtreme 2 210#",1708895,F
12/12/2004,11608 BFX Body Plan Book,1708895,F
12/12/2004,95146 BFX 310# Rod Upgrade,1708895,F
12/12/2004,"10172 BFX 79x37"" Mat",1708895,F
12/12/2004,11608 BFX Body Plan Book,1708894,F
12/12/2004,"110001 Kit, Xtr XTLU 210#",1708894,F
12/11/2004,"100000 Kit, Ult XTLU",1708839,F
12/11/2004,200021 TRC Model TC3000,1708892,F
12/11/2004,11608 BFX Body Plan Book,1708849,F
12/11/2004,"10172 BFX 79x37"" Mat",1708849,F
12/11/2004,95146 BFX 310# Rod Upgrade,1708849,F
12/11/2004,"6600014 Kit, Xtreme 2 210#",1708849,F
12/11/2004,"100000 Kit, Ult XTLU",1708846,F
12/11/2004,"10172 BFX 79x37"" Mat",1708846,F
12/11/2004,10071 Rod Pack  410# upgrade,1708846,F
12/11/2004,"100000 Kit, Ult XTLU",1708836,F
12/11/2004,10071 Rod Pack  410# upgrade,1708836,F
12/11/2004,"110001 Kit, Xtr XTLU 210#",1708888,F
12/11/2004,11608 BFX Body Plan Book,1708888,F
12/11/2004,"10172 BFX 79x37"" Mat",1708874,F
12/11/2004,"6600014 Kit, Xtreme 2 210#",1708874,F
12/11/2004,11608 BFX Body Plan Book,1708874,F
12/11/2004,11607 Body Building Workout Video,1708874,F
12/11/2004,95146 BFX 310# Rod Upgrade,1708874,F
12/11/2004,"200022 Kit, BFX TC5000 w/Mat",1708866,F
12/11/2004,"700002 Kit, BFX 552 / 2-in-1 Stand",1708870,F
12/11/2004,200021 TRC Model TC3000,1708853,F
12/11/2004,200021 TRC Model TC3000,1708890,F
12/11/2004,11786 Jog Proof CD Player,1708890,T
12/11/2004,"6800013 Kit, Sport 210#",1708862,F
12/11/2004,"6600014 Kit, Xtreme 2 210#",1708893,F
12/11/2004,"700003 Kit, BFX 552 / 3.1 Bench",1708856,F
12/11/2004,200021 TRC Model TC3000,1708844,F
12/11/2004,"6800013 Kit, Sport 210#",1708859,F
12/11/2004,"110000 Kit, Xtr XLU 210#",1708851,F
12/11/2004,200020 Bowflex TC1000,1708841,F
12/8/2004,11606 Upper Lower Body Workout Video,1709143,F
12/8/2004,11607 Body Building Workout Video,1709143,F
12/8/2004,"10220 Box, Ult Leg Extension",1709142,T
12/8/2004,"10220 Box, Ult Leg Extension",1709135,T
12/8/2004,11607 Body Building Workout Video,1709202,F
12/8/2004,12837 Upper Lower Body Workout DVD,1709162,T
12/8/2004,12838 BFX Body Building DVD,1709162,F
12/8/2004,95146 BFX 310# Rod Upgrade,1709204,F
12/8/2004,95146 BFX 310# Rod Upgrade,1709141,F
12/8/2004,95146 BFX 310# Rod Upgrade,1709127,F
12/8/2004,11816 Ult Box 3,1709169,T
12/8/2004,10071 Rod Pack  410# upgrade,1709209,F
12/8/2004,10071 Rod Pack  410# upgrade,1709151,F
12/8/2004,10071 Rod Pack  410# upgrade,1709150,F
12/8/2004,95146 BFX 310# Rod Upgrade,1709160,F
12/8/2004,95146 BFX 310# Rod Upgrade,1709156,F
12/8/2004,95145 410 Power Rod Upgrade (PP Mot),1709144,T
11/6/2004,"6600014 Kit, Xtreme 2 210#",1709180,F
11/6/2004,"110001 Kit, Xtr XTLU 210#",1709119,F
11/6/2004,11608 BFX Body Plan Book,1709119,F
11/6/2004,10071 Rod Pack  410# upgrade,1709183,F
11/6/2004,"100000 Kit, Ult XTLU",1709183,F
11/6/2004,"10172 BFX 79x37"" Mat",1709172,F
11/6/2004,95146 BFX 310# Rod Upgrade,1709172,F
11/6/2004,11608 BFX Body Plan Book,1709172,F
11/6/2004,"6600014 Kit, Xtreme 2 210#",1709172,F
11/6/2004,"10172 BFX 79x37"" Mat",1709211,F
11/6/2004,95146 BFX 310# Rod Upgrade,1709211,F
11/6/2004,"6600014 Kit, Xtreme 2 210#",1709211,F
11/6/2004,11608 BFX Body Plan Book,1709211,F
11/6/2004,"6600014 Kit, Xtreme 2 210#",1709139,F
11/6/2004,95146 BFX 310# Rod Upgrade,1709139,F
11/6/2004,11608 BFX Body Plan Book,1709139,F
11/6/2004,"10172 BFX 79x37"" Mat",1709139,F
11/6/2004,11608 BFX Body Plan Book,1709136,F
11/6/2004,"110006 Kit, Xtr XTLU 310#",1709136,F
11/6/2004,11608 BFX Body Plan Book,1709130,F
11/6/2004,"110001 Kit, Xtr XTLU 210#",1709130,F
11/6/2004,"100000 Kit, Ult XTLU",1709128,F
11/6/2004,"10172 BFX 79x37"" Mat",1709128,F
11/6/2004,"100000 Kit, Ult XTLU",1709194,F
11/6/2004,"100001 Kit, Ult XTU",1709188,F
11/6/2004,"6600014 Kit, Xtreme 2 210#",1709184,F
11/6/2004,700000 BFX 552 Dumbbell Kit,1709215,F
11/6/2004,11608 BFX Body Plan Book,1709186,F
11/6/2004,"100000 Kit, Ult XTLU",1709186,F
11/6/2004,"200022 Kit, BFX TC5000 w/Mat",1709132,F
11/6/2004,"700008 Kit, BFX 552 / 5.1 Bench",1709121,F
11/6/2004,"700010 Kit, BFX 552 / 51B / 21S Kit",1709182,F
11/6/2004,"100000 Kit, Ult XTLU",1709134,F
11/6/2004,10071 Rod Pack  410# upgrade,1709134,F
11/6/2004,"100000 Kit, Ult XTLU",1709178,F
11/6/2004,11608 BFX Body Plan Book,1709178,F
11/6/2004,"110006 Kit, Xtr XTLU 310#",1709213,F
11/6/2004,10071 Rod Pack  410# upgrade,1709181,F
11/6/2004,"100000 Kit, Ult XTLU",1709181,F
11/6/2004,"6600014 Kit, Xtreme 2 210#",1709217,F
11/6/2004,"100000 Kit, Ult XTLU",1709175,F
11/6/2004,"200022 Kit, BFX TC5000 w/Mat",1709190,F
11/6/2004,"6600014 Kit, Xtreme 2 210#",1709185,F
11/6/2004,700000 BFX 552 Dumbbell Kit,1709125,F
11/6/2004,"6600014 Kit, Xtreme 2 210#",1709192,F
10/4/2004,"200005 Kit, TRC TC5000 w/mat",1708517,F
10/4/2004,"6600014 Kit, Xtreme 2 210#",1708456,F
10/4/2004,95146 BFX 310# Rod Upgrade,1708456,F
10/4/2004,"10172 BFX 79x37"" Mat",1708456,F
10/4/2004,11608 BFX Body Plan Book,1708456,F
10/4/2004,"100000 Kit, Ult XTLU",1708462,F
10/4/2004,"700002 Kit, BFX 552 / 2-in-1 Stand",1708429,F
10/4/2004,"6600014 Kit, Xtreme 2 210#",1708438,F
10/4/2004,70403 Low Carb Stack,1708514,T
10/4/2004,"6600014 Kit, Xtreme 2 210#",1708514,F
10/4/2004,"10172 BFX 79x37"" Mat",1708492,F
10/4/2004,11608 BFX Body Plan Book,1708492,F
10/4/2004,"6600014 Kit, Xtreme 2 210#",1708492,F
10/4/2004,95146 BFX 310# Rod Upgrade,1708492,F
10/4/2004,11608 BFX Body Plan Book,1708465,F
10/4/2004,12837 Upper Lower Body Workout DVD,1708465,T
10/4/2004,"110006 Kit, Xtr XTLU 310#",1708465,F
10/4/2004,"10172 BFX 79x37"" Mat",1708485,F
10/4/2004,"6600014 Kit, Xtreme 2 210#",1708485,F
10/4/2004,11608 BFX Body Plan Book,1708485,F
10/4/2004,"100000 Kit, Ult XTLU",1708450,F
10/4/2004,"100000 Kit, Ult XTLU",1708452,F
10/4/2004,"6600014 Kit, Xtreme 2 210#",1708505,F
10/4/2004,"6600014 Kit, Xtreme 2 210#",1708446,F
10/4/2004,"6600014 Kit, Xtreme 2 210#",1708479,F
10/4/2004,"6810013 Kit, Sport 310#",1708482,F
10/4/2004,"700002 Kit, BFX 552 / 2-in-1 Stand",1708426,F
10/4/2004,"200005 Kit, TRC TC5000 w/mat",1708440,F
10/4/2004,"10172 BFX 79x37"" Mat",1708502,F
10/4/2004,"6600014 Kit, Xtreme 2 210#",1708502,F
10/4/2004,"200005 Kit, TRC TC5000 w/mat",1708420,F
10/4/2004,"100000 Kit, Ult XTLU",1708489,F
10/4/2004,"100000 Kit, Ult XTLU",1708511,F
10/4/2004,"6610014 Kit, X2 310#",1708480,F
10/4/2004,"6610014 Kit, X2 310#",1708499,F
10/4/2004,"100000 Kit, Ult XTLU",1708423,F
10/4/2004,"100000 Kit, Ult XTLU",1708435,F
10/4/2004,"100000 Kit, Ult XTLU",1708496,F
10/4/2004,"100002 Kit, Ult XLU",1708467,F
10/4/2004,"6800013 Kit, Sport 210#",1708508,F
10/4/2004,"6800013 Kit, Sport 210#",1708443,F
10/4/2004,"200005 Kit, TRC TC5000 w/mat",1708459,F
10/4/2004,"100000 Kit, Ult XTLU",1708431,F
10/4/2004,"200005 Kit, TRC TC5000 w/mat",1708469,F
7/1/2004,"110001 Kit, Xtr XTLU 210#",1709033,F
7/1/2004,"110006 Kit, Xtr XTLU 310#",1709051,F
7/1/2004,"10172 BFX 79x37"" Mat",1709051,F
7/1/2004,11608 BFX Body Plan Book,1709051,F
7/1/2004,"200005 Kit, TRC TC5000 w/mat",1709039,F
7/1/2004,"100000 Kit, Ult XTLU",1709097,F
7/1/2004,"100002 Kit, Ult XLU",1709095,F
7/1/2004,"100002 Kit, Ult XLU",1709076,F
7/1/2004,"10220 Box, Ult Leg Extension",1709076,T
7/1/2004,10071 Rod Pack  410# upgrade,1709076,F
7/1/2004,"6600014 Kit, Xtreme 2 210#",1709042,F
7/1/2004,"6600014 Kit, Xtreme 2 210#",1709041,F
7/1/2004,"6600014 Kit, Xtreme 2 210#",1709082,F
7/1/2004,"6800013 Kit, Sport 210#",1709044,F
7/1/2004,"6800013 Kit, Sport 210#",1709115,F
7/1/2004,"200001 Kit, TRC TC3000",1709116,F
7/1/2004,11608 BFX Body Plan Book,1709027,F
7/1/2004,"110001 Kit, Xtr XTLU 210#",1709027,F
7/1/2004,"10172 BFX 79x37"" Mat",1709057,F
7/1/2004,11608 BFX Body Plan Book,1709057,F
7/1/2004,"6600014 Kit, Xtreme 2 210#",1709057,F
7/1/2004,"6600014 Kit, Xtreme 2 210#",1709075,F
7/1/2004,"6600014 Kit, Xtreme 2 210#",1709103,F
7/1/2004,"6600014 Kit, Xtreme 2 210#",1709112,F
7/1/2004,"6600014 Kit, Xtreme 2 210#",1709098,F
7/1/2004,"6800013 Kit, Sport 210#",1709046,F
7/1/2004,"6800013 Kit, Sport 210#",1709085,F
7/1/2004,"6800013 Kit, Sport 210#",1709036,F
7/1/2004,"6800013 Kit, Sport 210#",1709096,F
7/1/2004,11608 BFX Body Plan Book,1709096,F
7/1/2004,"6800013 Kit, Sport 210#",1709099,F
7/1/2004,"6810013 Kit, Sport 310#",1709023,F
7/1/2004,95146 BFX 310# Rod Upgrade,1709060,F
7/1/2004,"110001 Kit, Xtr XTLU 210#",1709060,F
7/1/2004,11608 BFX Body Plan Book,1709091,F
7/1/2004,"110005 Kit, Xtr XLU 310#",1709091,F
7/1/2004,11608 BFX Body Plan Book,1709065,F
7/1/2004,"110001 Kit, Xtr XTLU 210#",1709065,F
7/1/2004,10071 Rod Pack  410# upgrade,1709061,F
7/1/2004,"10172 BFX 79x37"" Mat",1709061,F
7/1/2004,"100000 Kit, Ult XTLU",1709061,F
7/1/2004,"10172 BFX 79x37"" Mat",1709025,F
7/1/2004,11608 BFX Body Plan Book,1709025,F
7/1/2004,"6600014 Kit, Xtreme 2 210#",1709025,F
7/1/2004,95146 BFX 310# Rod Upgrade,1709025,F
7/1/2004,"10172 BFX 79x37"" Mat",1709059,F
7/1/2004,"100000 Kit, Ult XTLU",1709059,F
7/1/2004,"200005 Kit, TRC TC5000 w/mat",1709043,F
7/1/2004,"100000 Kit, Ult XTLU",1709055,F
7/1/2004,"6800013 Kit, Sport 210#",1709018,F
7/1/2004,"6800013 Kit, Sport 210#",1709083,F
7/1/2004,"6810013 Kit, Sport 310#",1709029,F
7/1/2004,95146 BFX 310# Rod Upgrade,1709049,F
7/1/2004,"10172 BFX 79x37"" Mat",1709049,F
7/1/2004,"6610014 Kit, X2 310#",1709049,F
7/1/2004,11608 BFX Body Plan Book,1709049,F
7/1/2004,11608 BFX Body Plan Book,1709073,F
7/1/2004,"6600014 Kit, Xtreme 2 210#",1709073,F
7/1/2004,11608 BFX Body Plan Book,1709105,F
7/1/2004,"110006 Kit, Xtr XTLU 310#",1709105,F
7/1/2004,"10172 BFX 79x37"" Mat",1709062,F
7/1/2004,"6600014 Kit, Xtreme 2 210#",1709062,F
7/1/2004,11608 BFX Body Plan Book,1709062,F
7/1/2004,95146 BFX 310# Rod Upgrade,1709062,F
7/1/2004,"10172 BFX 79x37"" Mat",1709107,F
7/1/2004,"100000 Kit, Ult XTLU",1709107,F
7/1/2004,"6810013 Kit, Sport 310#",1709031,F
7/1/2004,11606 Upper Lower Body Workout Video,1709031,F
7/1/2004,90642 Kit  Ppro T-Bar & Foot Hrns,1709031,F
7/1/2004,"6810013 Kit, Sport 310#",1709026,F
7/1/2004,"200001 Kit, TRC TC3000",1709030,F
7/1/2004,"10172 BFX 79x37"" Mat",1709054,F
7/1/2004,"100000 Kit, Ult XTLU",1709054,F
7/1/2004,10071 Rod Pack  410# upgrade,1709054,F
7/1/2004,"110001 Kit, Xtr XTLU 210#",1709022,F
7/1/2004,"110006 Kit, Xtr XTLU 310#",1709113,F
7/1/2004,"200005 Kit, TRC TC5000 w/mat",1709110,F
7/1/2004,"100000 Kit, Ult XTLU",1709019,F
7/1/2004,"10172 BFX 79x37"" Mat",1709019,F
7/1/2004,"100000 Kit, Ult XTLU",1709038,F
7/1/2004,"100000 Kit, Ult XTLU",1709052,F
7/1/2004,11608 BFX Body Plan Book,1709052,F
7/1/2004,"100000 Kit, Ult XTLU",1709069,F
7/1/2004,"10172 BFX 79x37"" Mat",1709069,F
7/1/2004,"6600014 Kit, Xtreme 2 210#",1709035,F
7/1/2004,"6600014 Kit, Xtreme 2 210#",1709053,F
7/1/2004,"11743 Box 1, Ult 310#",1709071,T
7/1/2004,"110001 Kit, Xtr XTLU 210#",1709114,F
7/1/2004,95146 BFX 310# Rod Upgrade,1709114,F
7/1/2004,"200005 Kit, TRC TC5000 w/mat",1709040,F
7/1/2004,"200005 Kit, TRC TC5000 w/mat",1709108,F
7/1/2004,"100000 Kit, Ult XTLU",1709058,F
7/1/2004,10071 Rod Pack  410# upgrade,1709058,F
7/1/2004,"100000 Kit, Ult XTLU",1709092,F
7/1/2004,"110000 Kit, Xtr XLU 210#",1709064,F
7/1/2004,"6800013 Kit, Sport 210#",1709100,F
7/1/2004,"10172 BFX 79x37"" Mat",1709101,F
7/1/2004,"100000 Kit, Ult XTLU",1709101,F
7/1/2004,"10172 BFX 79x37"" Mat",1709077,F
7/1/2004,"100000 Kit, Ult XTLU",1709077,F
7/1/2004,"110001 Kit, Xtr XTLU 210#",1709066,F
7/1/2004,"200005 Kit, TRC TC5000 w/mat",1709102,F
7/1/2004,"200005 Kit, TRC TC5000 w/mat",1709109,F
7/1/2004,"100000 Kit, Ult XTLU",1709050,F
7/1/2004,"100000 Kit, Ult XTLU",1709104,F
7/1/2004,"110000 Kit, Xtr XLU 210#",1709086,F
7/1/2004,"6600014 Kit, Xtreme 2 210#",1709045,F
7/1/2004,"6600014 Kit, Xtreme 2 210#",1709072,F
7/1/2004,"6800013 Kit, Sport 210#",1709034,F
7/1/2004,"200005 Kit, TRC TC5000 w/mat",1709106,F
7/1/2004,"100000 Kit, Ult XTLU",1709080,F
7/1/2004,"6600014 Kit, Xtreme 2 210#",1709093,F
7/1/2004,"6600014 Kit, Xtreme 2 210#",1709067,F
7/1/2004,"6800013 Kit, Sport 210#",1709090,F
7/1/2004,"110001 Kit, Xtr XTLU 210#",1709032,F
7/1/2004,"200005 Kit, TRC TC5000 w/mat",1709020,F
7/1/2004,"200005 Kit, TRC TC5000 w/mat",1709047,F
7/1/2004,"200005 Kit, TRC TC5000 w/mat",1709056,F
7/1/2004,"100000 Kit, Ult XTLU",1709024,F
7/1/2004,"100000 Kit, Ult XTLU",1709087,F
7/1/2004,"100000 Kit, Ult XTLU",1709088,F
7/1/2004,"100003 Kit, Ult 310#",1709048,F
7/1/2004,"6600014 Kit, Xtreme 2 210#",1709028,F
7/1/2004,"6600014 Kit, Xtreme 2 210#",1709089,F
7/1/2004,"6810013 Kit, Sport 310#",1709037,F
7/1/2004,11608 BFX Body Plan Book,1709078,F
7/1/2004,"110006 Kit, Xtr XTLU 310#",1709078,F
7/1/2004,"110001 Kit, Xtr XTLU 210#",1709070,F
7/1/2004,"110001 Kit, Xtr XTLU 210#",1709084,F
7/1/2004,"110001 Kit, Xtr XTLU 210#",1709111,F
7/1/2004,"200005 Kit, TRC TC5000 w/mat",1709074,F
7/1/2004,"6610014 Kit, X2 310#",1709079,F
7/1/2004,"100000 Kit, Ult XTLU",1709021,F
7/1/2004,"100000 Kit, Ult XTLU",1709068,F
7/1/2004,"100000 Kit, Ult XTLU",1709081,F
7/1/2004,"100000 Kit, Ult XTLU",1709094,F
7/1/2004,"6600014 Kit, Xtreme 2 210#",1709063,F
5/5/2004,11608 BFX Body Plan Book,1707295,F
5/5/2004,95146 BFX 310# Rod Upgrade,1707222,F
5/5/2004,11606 Upper Lower Body Workout Video,1707220,F
5/5/2004,95146 BFX 310# Rod Upgrade,1707262,F
4/27/2004,"100000 Kit, Ult XTLU",1707389,F
4/27/2004,10071 Rod Pack  410# upgrade,1707389,F
4/27/2004,"100000 Kit, Ult XTLU",1707369,F
4/27/2004,11608 BFX Body Plan Book,1707369,F
4/27/2004,"100000 Kit, Ult XTLU",1707371,F
4/27/2004,10071 Rod Pack  410# upgrade,1707371,F
4/27/2004,"6600014 Kit, Xtreme 2 210#",1707334,F
4/27/2004,"10172 BFX 79x37"" Mat",1707334,F
4/27/2004,95146 BFX 310# Rod Upgrade,1707334,F
4/27/2004,95146 BFX 310# Rod Upgrade,1707333,F
4/27/2004,11608 BFX Body Plan Book,1707333,F
4/27/2004,"6600014 Kit, Xtreme 2 210#",1707333,F
4/27/2004,"10172 BFX 79x37"" Mat",1707333,F
4/27/2004,11608 BFX Body Plan Book,1707377,F
4/27/2004,"6800013 Kit, Sport 210#",1707377,F
4/27/2004,90642 Kit  Ppro T-Bar & Foot Hrns,1707377,F
4/27/2004,"200005 Kit, TRC TC5000 w/mat",1707324,F
4/27/2004,"200005 Kit, TRC TC5000 w/mat",1707385,F
4/27/2004,11786 Jog Proof CD Player,1707385,T
4/27/2004,"100000 Kit, Ult XTLU",1707367,F
4/27/2004,"6810013 Kit, Sport 310#",1707391,F
4/27/2004,"10172 BFX 79x37"" Mat",1707391,F
4/27/2004,"200018 Kit, TC5000 w/out mat",1707326,F
4/27/2004,10293 TRC Machine Mat,1707326,F
4/27/2004,12408 Tanita Body Fat Monitor,1707326,T
4/27/2004,"110001 Kit, Xtr XTLU 210#",1707340,F
4/27/2004,11608 BFX Body Plan Book,1707340,F
4/27/2004,"6600014 Kit, Xtreme 2 210#",1707403,F
4/27/2004,"10172 BFX 79x37"" Mat",1707403,F
4/27/2004,"6800013 Kit, Sport 210#",1707397,F
4/27/2004,"6810013 Kit, Sport 310#",1707365,F
4/27/2004,95145 410 Power Rod Upgrade (PP Mot),1707365,T
4/27/2004,"200018 Kit, TC5000 w/out mat",1707384,F
4/27/2004,10293 TRC Machine Mat,1707384,F
4/27/2004,12408 Tanita Body Fat Monitor,1707384,T
4/27/2004,"110001 Kit, Xtr XTLU 210#",1707344,F
4/27/2004,"110006 Kit, Xtr XTLU 310#",1707332,F
4/27/2004,11608 BFX Body Plan Book,1707332,F
4/27/2004,"6610014 Kit, X2 310#",1707409,F
4/27/2004,"100000 Kit, Ult XTLU",1707356,F
4/27/2004,"100000 Kit, Ult XTLU",1707378,F
4/27/2004,"100000 Kit, Ult XTLU",1707382,F
4/27/2004,"6800013 Kit, Sport 210#",1707330,F
4/27/2004,"6800013 Kit, Sport 210#",1707348,F
4/27/2004,95146 BFX 310# Rod Upgrade,1707320,F
4/27/2004,11608 BFX Body Plan Book,1707320,F
4/27/2004,"6600014 Kit, Xtreme 2 210#",1707320,F
4/27/2004,"10172 BFX 79x37"" Mat",1707320,F
4/27/2004,"110001 Kit, Xtr XTLU 210#",1707386,F
4/27/2004,"100000 Kit, Ult XTLU",1707355,F
4/27/2004,10071 Rod Pack  410# upgrade,1707355,F
4/27/2004,"10172 BFX 79x37"" Mat",1707355,F
4/27/2004,"6600014 Kit, Xtreme 2 210#",1707361,F
4/27/2004,"6800013 Kit, Sport 210#",1707322,F
4/27/2004,"110001 Kit, Xtr XTLU 210#",1707342,F
4/27/2004,"100000 Kit, Ult XTLU",1707405,F
4/27/2004,"6810013 Kit, Sport 310#",1707400,F
4/27/2004,"6810013 Kit, Sport 310#",1707379,F
4/27/2004,11786 Jog Proof CD Player,1707359,T
4/27/2004,"200005 Kit, TRC TC5000 w/mat",1707359,F
4/27/2004,"100000 Kit, Ult XTLU",1707336,F
4/27/2004,"100000 Kit, Ult XTLU",1707381,F
4/27/2004,"6600014 Kit, Xtreme 2 210#",1707352,F
4/27/2004,"6800013 Kit, Sport 210#",1707346,F
4/27/2004,"6800013 Kit, Sport 210#",1707383,F
4/27/2004,"6810013 Kit, Sport 310#",1707362,F
4/27/2004,"200001 Kit, TRC TC3000",1707328,F
4/27/2004,"110001 Kit, Xtr XTLU 210#",1707395,F
4/27/2004,"6610014 Kit, X2 310#",1707407,F
4/27/2004,"110000 Kit, Xtr XLU 210#",1707398,F
4/27/2004,"6600014 Kit, Xtreme 2 210#",1707393,F
4/27/2004,"6600014 Kit, Xtreme 2 210#",1707338,F
4/27/2004,"6800013 Kit, Sport 210#",1707350,F
4/27/2004,"200001 Kit, TRC TC3000",1707380,F
3/5/2004,95026 Ppro 210# Box 1,1707615,T
3/5/2004,11608 BFX Body Plan Book,1707568,F
3/5/2004,"110001 Kit, Xtr XTLU 210#",1707568,F
3/5/2004,"100000 Kit, Ult XTLU",1707597,F
3/5/2004,"100000 Kit, Ult XTLU",1707607,F
3/5/2004,"10172 BFX 79x37"" Mat",1707607,F
3/5/2004,"100004 Kit, Ult XTLU w/Mat",1707614,F
3/5/2004,10071 Rod Pack  410# upgrade,1707614,F
3/5/2004,"200018 Kit, TC5000 w/out mat",1707557,F
3/5/2004,11611 MensHealth CVR MDL WRKT Book,1707557,F
3/5/2004,10293 TRC Machine Mat,1707557,F
3/5/2004,10297 Champion Sample Pack,1707557,T
3/5/2004,"10172 BFX 79x37"" Mat",1707524,F
3/5/2004,"110001 Kit, Xtr XTLU 210#",1707524,F
3/5/2004,"400011 Kit, Ppro 210# XTL",1707563,F
3/5/2004,"110001 Kit, Xtr XTLU 210#",1707545,F
3/5/2004,11608 BFX Body Plan Book,1707545,F
3/5/2004,"110003 Kit, Xtr XTLU 310# w/Mat",1707599,F
3/5/2004,"100000 Kit, Ult XTLU",1707547,F
3/5/2004,"100004 Kit, Ult XTLU w/Mat",1707555,F
3/5/2004,"400026 Kit, Ppro 210# XTLU w/Mat",1707604,F
3/5/2004,"400026 Kit, Ppro 210# XTLU w/Mat",1707559,F
3/5/2004,"110001 Kit, Xtr XTLU 210#",1707518,F
3/5/2004,"110006 Kit, Xtr XTLU 310#",1707612,F
3/5/2004,"100000 Kit, Ult XTLU",1707526,F
3/5/2004,"100000 Kit, Ult XTLU",1707561,F
3/5/2004,"100000 Kit, Ult XTLU",1707553,F
3/5/2004,"100000 Kit, Ult XTLU",1707570,F
3/5/2004,"100004 Kit, Ult XTLU w/Mat",1707552,F
3/5/2004,11608 BFX Body Plan Book,1707610,F
3/5/2004,"110001 Kit, Xtr XTLU 210#",1707610,F
3/5/2004,"10172 BFX 79x37"" Mat",1707616,F
3/5/2004,"100000 Kit, Ult XTLU",1707616,F
3/5/2004,"100000 Kit, Ult XTLU",1707534,F
3/5/2004,"100000 Kit, Ult XTLU",1707560,F
3/5/2004,"110005 Kit, Xtr XLU 310#",1707522,F
3/5/2004,11608 BFX Body Plan Book,1707564,F
3/5/2004,"100000 Kit, Ult XTLU",1707564,F
3/5/2004,10071 Rod Pack  410# upgrade,1707528,F
3/5/2004,"100000 Kit, Ult XTLU",1707528,F
3/5/2004,10071 Rod Pack  410# upgrade,1707539,F
3/5/2004,"100004 Kit, Ult XTLU w/Mat",1707539,F
3/5/2004,"110003 Kit, Xtr XTLU 310# w/Mat",1707562,F
3/5/2004,"100000 Kit, Ult XTLU",1707543,F
3/5/2004,"100000 Kit, Ult XTLU",1707565,F
3/5/2004,"100004 Kit, Ult XTLU w/Mat",1707601,F
3/5/2004,"100000 Kit, Ult XTLU",1707554,F
3/5/2004,"110002 Kit, Xtr XLU 310# w/Mat",1707520,F
3/5/2004,11786 Jog Proof CD Player,1707558,T
3/5/2004,"200005 Kit, TRC TC5000 w/mat",1707558,F
3/5/2004,"100000 Kit, Ult XTLU",1707530,F
3/5/2004,"100000 Kit, Ult XTLU",1707536,F
3/5/2004,"100000 Kit, Ult XTLU",1707541,F
3/5/2004,"110001 Kit, Xtr XTLU 210#",1707572,F
3/5/2004,"110001 Kit, Xtr XTLU 210#",1707556,F
3/5/2004,"200005 Kit, TRC TC5000 w/mat",1707617,F
3/5/2004,"100004 Kit, Ult XTLU w/Mat",1707532,F
2/18/2004,10215 Ult Lat Attachment Box,1708037,T
12/9/2003,"100000 Kit, Ult XTLU",1709282,F
12/9/2003,10071 Rod Pack  410# upgrade,1709282,F
12/9/2003,"100000 Kit, Ult XTLU",1709299,F
12/9/2003,"100000 Kit, Ult XTLU",1709311,F
12/9/2003,11608 BFX Body Plan Book,1709311,F
12/9/2003,"100000 Kit, Ult XTLU",1709276,F
12/9/2003,"100000 Kit, Ult XTLU",1709279,F
12/9/2003,"10172 BFX 79x37"" Mat",1709279,F
12/9/2003,10071 Rod Pack  410# upgrade,1709279,F
12/9/2003,"100000 Kit, Ult XTLU",1709283,F
12/9/2003,11608 BFX Body Plan Book,1709283,F
12/9/2003,"100000 Kit, Ult XTLU",1709226,F
12/9/2003,"100000 Kit, Ult XTLU",1709310,F
12/9/2003,11608 BFX Body Plan Book,1709310,F
12/9/2003,"100000 Kit, Ult XTLU",1709302,F
12/9/2003,"100003 Kit, Ult 310#",1709269,F
12/9/2003,"60201 Rod Pack,210# w/Ext Mot",1709225,T
12/9/2003,60300 Mot Leg Attachment,1709225,T
12/9/2003,"60200 Box 2, Mot (of 2)",1709225,T
12/9/2003,"60201 Rod Pack,210# w/Ext Mot",1709254,T
12/9/2003,60250 Mot Lat Attachment,1709254,T
12/9/2003,"60200 Box 2, Mot (of 2)",1709254,T
12/9/2003,60300 Mot Leg Attachment,1709254,T
12/9/2003,"110001 Kit, Xtr XTLU 210#",1709220,F
12/9/2003,11608 BFX Body Plan Book,1709220,F
12/9/2003,"110001 Kit, Xtr XTLU 210#",1709281,F
12/9/2003,"200005 Kit, TRC TC5000 w/mat",1709255,F
12/9/2003,"200005 Kit, TRC TC5000 w/mat",1709278,F
12/9/2003,10297 Champion Sample Pack,1709278,T
12/9/2003,"100000 Kit, Ult XTLU",1709304,F
12/9/2003,"100004 Kit, Ult XTLU w/Mat",1709266,F
12/9/2003,"400007 Kit, Motivator 210# XL",1709231,F
12/9/2003,"400004 Kit, Ppro 210# XTU",1709273,F
12/9/2003,11608 BFX Body Plan Book,1709273,F
12/9/2003,"400027 Kit, Ppro 310# XTLU w/Mat",1709287,F
12/9/2003,11608 BFX Body Plan Book,1709224,F
12/9/2003,"100000 Kit, Ult XTLU",1709224,F
12/9/2003,11608 BFX Body Plan Book,1709271,F
12/9/2003,"100000 Kit, Ult XTLU",1709271,F
12/9/2003,"400010 Kit, Ppro 210# XT",1709286,F
12/9/2003,"400026 Kit, Ppro 210# XTLU w/Mat",1709219,F
12/9/2003,"110001 Kit, Xtr XTLU 210#",1709233,F
12/9/2003,11608 BFX Body Plan Book,1709233,F
12/9/2003,"110001 Kit, Xtr XTLU 210#",1709296,F
12/9/2003,"110001 Kit, Xtr XTLU 210#",1709317,F
12/9/2003,"110001 Kit, Xtr XTLU 210#",1709274,F
12/9/2003,11608 BFX Body Plan Book,1709274,F
12/9/2003,"200005 Kit, TRC TC5000 w/mat",1709229,F
12/9/2003,"110003 Kit, Xtr XTLU 310# w/Mat",1709256,F
12/9/2003,"100000 Kit, Ult XTLU",1709230,F
12/9/2003,"100000 Kit, Ult XTLU",1709306,F
12/9/2003,"100003 Kit, Ult 310#",1709292,F
12/9/2003,"100004 Kit, Ult XTLU w/Mat",1709245,F
12/9/2003,"100004 Kit, Ult XTLU w/Mat",1709289,F
12/9/2003,"100004 Kit, Ult XTLU w/Mat",1709280,F
12/9/2003,"400002 Kit, Motivator 210#",1709275,F
12/9/2003,"200001 Kit, TRC TC3000",1709312,F
12/9/2003,10293 TRC Machine Mat,1709312,F
12/9/2003,11608 BFX Body Plan Book,1709268,F
12/9/2003,"110001 Kit, Xtr XTLU 210#",1709268,F
12/9/2003,11608 BFX Body Plan Book,1709300,F
12/9/2003,"110001 Kit, Xtr XTLU 210#",1709300,F
12/9/2003,11608 BFX Body Plan Book,1709309,F
12/9/2003,"110001 Kit, Xtr XTLU 210#",1709309,F
12/9/2003,"400011 Kit, Ppro 210# XTL",1709221,F
12/9/2003,"400011 Kit, Ppro 210# XTL",1709262,F
12/9/2003,"100000 Kit, Ult XTLU",1709264,F
12/9/2003,"100004 Kit, Ult XTLU w/Mat",1709301,F
12/9/2003,"200001 Kit, TRC TC3000",1709223,F
12/9/2003,"400001 Kit, Ppro 310#",1709234,F
12/9/2003,11608 BFX Body Plan Book,1709235,F
12/9/2003,"110006 Kit, Xtr XTLU 310#",1709235,F
12/9/2003,10293 TRC Machine Mat,1709253,F
12/9/2003,"400000 Kit, Ppro 210#",1709251,F
12/9/2003,10071 Rod Pack  410# upgrade,1709227,F
12/9/2003,"10172 BFX 79x37"" Mat",1709227,F
12/9/2003,"100000 Kit, Ult XTLU",1709227,F
12/9/2003,"110001 Kit, Xtr XTLU 210#",1709272,F
12/9/2003,"110001 Kit, Xtr XTLU 210#",1709307,F
12/9/2003,"110006 Kit, Xtr XTLU 310#",1709291,F
12/9/2003,"200005 Kit, TRC TC5000 w/mat",1709298,F
12/9/2003,"100000 Kit, Ult XTLU",1709244,F
12/9/2003,11606 Upper Lower Body Workout Video,1709244,F
12/9/2003,"100000 Kit, Ult XTLU",1709258,F
12/9/2003,11608 BFX Body Plan Book,1709238,F
12/9/2003,"110001 Kit, Xtr XTLU 210#",1709238,F
12/9/2003,11608 BFX Body Plan Book,1709263,F
12/9/2003,"110006 Kit, Xtr XTLU 310#",1709263,F
12/9/2003,"400010 Kit, Ppro 210# XT",1709267,F
12/9/2003,"400026 Kit, Ppro 210# XTLU w/Mat",1709252,F
12/9/2003,"400026 Kit, Ppro 210# XTLU w/Mat",1709241,F
12/9/2003,"400026 Kit, Ppro 210# XTLU w/Mat",1709265,F
12/9/2003,"110001 Kit, Xtr XTLU 210#",1709249,F
12/9/2003,11608 BFX Body Plan Book,1709249,F
12/9/2003,"110001 Kit, Xtr XTLU 210#",1709297,F
12/9/2003,"100000 Kit, Ult XTLU",1709247,F
12/9/2003,"10172 BFX 79x37"" Mat",1709247,F
12/9/2003,"100000 Kit, Ult XTLU",1709232,F
12/9/2003,"200005 Kit, TRC TC5000 w/mat",1709277,F
12/9/2003,"110003 Kit, Xtr XTLU 310# w/Mat",1709240,F
12/9/2003,"100000 Kit, Ult XTLU",1709236,F
12/9/2003,"100000 Kit, Ult XTLU",1709237,F
12/9/2003,"100000 Kit, Ult XTLU",1709270,F
12/9/2003,11608 BFX Body Plan Book,1709270,F
12/9/2003,"100004 Kit, Ult XTLU w/Mat",1709257,F
12/9/2003,60250 Mot Lat Attachment,1709246,T
12/9/2003,"60200 Box 2, Mot (of 2)",1709246,T
12/9/2003,"60201 Rod Pack,210# w/Ext Mot",1709246,T
12/9/2003,60300 Mot Leg Attachment,1709246,T
12/9/2003,11608 BFX Body Plan Book,1709288,F
12/9/2003,"110001 Kit, Xtr XTLU 210#",1709288,F
12/9/2003,"110001 Kit, Xtr XTLU 210#",1709242,F
12/9/2003,"200005 Kit, TRC TC5000 w/mat",1709218,F
12/9/2003,"200005 Kit, TRC TC5000 w/mat",1709295,F
12/9/2003,10297 Champion Sample Pack,1709295,T
12/9/2003,"110003 Kit, Xtr XTLU 310# w/Mat",1709293,F
12/9/2003,"100000 Kit, Ult XTLU",1709248,F
12/9/2003,"100004 Kit, Ult XTLU w/Mat",1709303,F
12/9/2003,"400015 Kit, Motivator 210# XTL",1709285,F
12/9/2003,"400024 Kit, Motivator 310# XTL",1709315,F
12/9/2003,"400008 Kit, Ppro 310# XT",1709313,F
12/9/2003,"110006 Kit, Xtr XTLU 310#",1709316,F
12/9/2003,"200005 Kit, TRC TC5000 w/mat",1709290,F
12/9/2003,"100000 Kit, Ult XTLU",1709222,F
12/9/2003,"100000 Kit, Ult XTLU",1709239,F
12/9/2003,"100004 Kit, Ult XTLU w/Mat",1709259,F
12/9/2003,"200001 Kit, TRC TC3000",1709314,F
12/9/2003,"100000 Kit, Ult XTLU",1709228,F
12/9/2003,"100004 Kit, Ult XTLU w/Mat",1709305,F
12/9/2003,"200001 Kit, TRC TC3000",1709294,F
12/9/2003,"400000 Kit, Ppro 210#",1709250,F
12/9/2003,"400011 Kit, Ppro 210# XTL",1709308,F
12/9/2003,"110001 Kit, Xtr XTLU 210#",1709243,F
12/9/2003,"100000 Kit, Ult XTLU",1709284,F
6/16/2003,90642 Kit  Ppro T-Bar & Foot Hrns,1708706,F
6/16/2003,"400008 Kit, Ppro 310# XT",1708706,F
6/16/2003,95146 BFX 310# Rod Upgrade,1708619,F
6/16/2003,"400010 Kit, Ppro 210# XT",1708619,F
6/16/2003,95146 BFX 310# Rod Upgrade,1708690,F
6/16/2003,"400000 Kit, Ppro 210#",1708690,F
6/16/2003,"400012 Kit, Ppro 210# XL",1708658,F
6/16/2003,"400010 Kit, Ppro 210# XT",1708621,F
6/16/2003,"400010 Kit, Ppro 210# XT",1708701,F
6/16/2003,"400000 Kit, Ppro 210#",1708668,F
6/16/2003,"400000 Kit, Ppro 210#",1708662,F
6/16/2003,"400010 Kit, Ppro 210# XT",1708639,F
6/16/2003,"400000 Kit, Ppro 210#",1708638,F
6/16/2003,"400011 Kit, Ppro 210# XTL",1708660,F
6/16/2003,"400011 Kit, Ppro 210# XTL",1708623,F
6/16/2003,"400013 Kit, Ppro 210# XTLU",1708641,F
6/16/2003,"100000 Kit, Ult XTLU",1708649,F
6/16/2003,10071 Rod Pack  410# upgrade,1708649,F
6/16/2003,"100000 Kit, Ult XTLU",1708656,F
6/16/2003,"200005 Kit, TRC TC5000 w/mat",1708691,F
6/16/2003,"100000 Kit, Ult XTLU",1708655,F
6/16/2003,"100000 Kit, Ult XTLU",1708620,F
6/16/2003,"100000 Kit, Ult XTLU",1708629,F
6/16/2003,"100000 Kit, Ult XTLU",1708697,F
6/16/2003,"10172 BFX 79x37"" Mat",1708697,F
6/16/2003,"100004 Kit, Ult XTLU w/Mat",1708682,F
6/16/2003,"400024 Kit, Motivator 310# XTL",1708684,F
6/16/2003,"400010 Kit, Ppro 210# XT",1708647,F
6/16/2003,"10172 BFX 79x37"" Mat",1708652,F
6/16/2003,95146 BFX 310# Rod Upgrade,1708652,F
6/16/2003,"400013 Kit, Ppro 210# XTLU",1708652,F
6/16/2003,"200005 Kit, TRC TC5000 w/mat",1708664,F
6/16/2003,"100000 Kit, Ult XTLU",1708685,F
6/16/2003,"100003 Kit, Ult 310#",1708651,F
6/16/2003,"400015 Kit, Motivator 210# XTL",1708637,F
6/16/2003,95145 410 Power Rod Upgrade (PP Mot),1708648,T
6/16/2003,"400016 Kit, Ppro 310# XTLU",1708648,F
6/16/2003,"10172 BFX 79x37"" Mat",1708648,F
6/16/2003,"400014 Kit, Ppro 310# XL",1708699,F
6/16/2003,"10172 BFX 79x37"" Mat",1708699,F
6/16/2003,"400010 Kit, Ppro 210# XT",1708644,F
6/16/2003,"400010 Kit, Ppro 210# XT",1708710,F
6/16/2003,"400000 Kit, Ppro 210#",1708618,F
6/16/2003,10071 Rod Pack  410# upgrade,1708695,F
6/16/2003,"100000 Kit, Ult XTLU",1708695,F
6/16/2003,"200005 Kit, TRC TC5000 w/mat",1708689,F
6/16/2003,"100000 Kit, Ult XTLU",1708671,F
6/16/2003,"100004 Kit, Ult XTLU w/Mat",1708674,F
6/16/2003,"100004 Kit, Ult XTLU w/Mat",1708681,F
6/16/2003,"100004 Kit, Ult XTLU w/Mat",1708673,F
6/16/2003,"400015 Kit, Motivator 210# XTL",1708630,F
6/16/2003,90642 Kit  Ppro T-Bar & Foot Hrns,1708716,F
6/16/2003,"400011 Kit, Ppro 210# XTL",1708716,F
6/16/2003,"400013 Kit, Ppro 210# XTLU",1708654,F
6/16/2003,"10172 BFX 79x37"" Mat",1708654,F
6/16/2003,"400013 Kit, Ppro 210# XTLU",1708672,F
6/16/2003,"400013 Kit, Ppro 210# XTLU",1708700,F
6/16/2003,"400016 Kit, Ppro 310# XTLU",1708698,F
6/16/2003,"200005 Kit, TRC TC5000 w/mat",1708632,F
6/16/2003,"200005 Kit, TRC TC5000 w/mat",1708683,F
6/16/2003,"100000 Kit, Ult XTLU",1708645,F
6/16/2003,"100000 Kit, Ult XTLU",1708646,F
6/16/2003,"100000 Kit, Ult XTLU",1708625,F
6/16/2003,"100000 Kit, Ult XTLU",1708665,F
6/16/2003,"100000 Kit, Ult XTLU",1708669,F
6/16/2003,"100000 Kit, Ult XTLU",1708659,F
6/16/2003,"100000 Kit, Ult XTLU",1708642,F
6/16/2003,"100000 Kit, Ult XTLU",1708670,F
6/16/2003,10071 Rod Pack  410# upgrade,1708670,F
6/16/2003,"100000 Kit, Ult XTLU",1708666,F
6/16/2003,"100000 Kit, Ult XTLU",1708703,F
6/16/2003,10071 Rod Pack  410# upgrade,1708703,F
6/16/2003,"100002 Kit, Ult XLU",1708707,F
6/16/2003,"400010 Kit, Ppro 210# XT",1708661,F
6/16/2003,"400010 Kit, Ppro 210# XT",1708693,F
6/16/2003,"400011 Kit, Ppro 210# XTL",1708705,F
6/16/2003,"400016 Kit, Ppro 310# XTLU",1708657,F
6/16/2003,"10172 BFX 79x37"" Mat",1708657,F
6/16/2003,"200005 Kit, TRC TC5000 w/mat",1708627,F
6/16/2003,"100000 Kit, Ult XTLU",1708650,F
6/16/2003,"100000 Kit, Ult XTLU",1708631,F
6/16/2003,"100000 Kit, Ult XTLU",1708633,F
6/16/2003,10071 Rod Pack  410# upgrade,1708717,F
6/16/2003,"100000 Kit, Ult XTLU",1708717,F
6/16/2003,"200001 Kit, TRC TC3000",1708704,F
6/16/2003,"400015 Kit, Motivator 210# XTL",1708636,F
6/16/2003,95146 BFX 310# Rod Upgrade,1708711,F
6/16/2003,"400011 Kit, Ppro 210# XTL",1708711,F
6/16/2003,"400012 Kit, Ppro 210# XL",1708663,F
6/16/2003,"400010 Kit, Ppro 210# XT",1708694,F
6/16/2003,"400009 Kit, Ppro 310# XTL",1708643,F
6/16/2003,"400011 Kit, Ppro 210# XTL",1708640,F
6/16/2003,"400011 Kit, Ppro 210# XTL",1708626,F
6/16/2003,"400011 Kit, Ppro 210# XTL",1708628,F
6/16/2003,"400011 Kit, Ppro 210# XTL",1708713,F
6/16/2003,"400016 Kit, Ppro 310# XTLU",1708634,F
6/16/2003,"200005 Kit, TRC TC5000 w/mat",1708696,F
6/16/2003,"100000 Kit, Ult XTLU",1708687,F
6/16/2003,"100002 Kit, Ult XLU",1708686,F
6/16/2003,"400007 Kit, Motivator 210# XL",1708709,F
6/16/2003,"400024 Kit, Motivator 310# XTL",1708667,F
6/16/2003,"400012 Kit, Ppro 210# XL",1708622,F
6/16/2003,"400012 Kit, Ppro 210# XL",1708702,F
6/16/2003,"400011 Kit, Ppro 210# XTL",1708676,F
6/16/2003,"400011 Kit, Ppro 210# XTL",1708677,F
6/16/2003,"400013 Kit, Ppro 210# XTLU",1708675,F
6/16/2003,"400024 Kit, Motivator 310# XTL",1708680,F
6/16/2003,"400017 Kit, Ppro 310# XTU",1708715,F
6/16/2003,"400008 Kit, Ppro 310# XT",1708679,F
6/16/2003,"400009 Kit, Ppro 310# XTL",1708712,F
6/16/2003,"400011 Kit, Ppro 210# XTL",1708678,F
6/16/2003,"400011 Kit, Ppro 210# XTL",1708692,F
6/16/2003,"400011 Kit, Ppro 210# XTL",1708708,F
6/16/2003,"100000 Kit, Ult XTLU",1708653,F
6/16/2003,"100000 Kit, Ult XTLU",1708624,F
6/16/2003,"100000 Kit, Ult XTLU",1708635,F
6/16/2003,"100000 Kit, Ult XTLU",1708688,F
5/13/2003,"10172 BFX 79x37"" Mat",1708582,F
5/13/2003,95146 BFX 310# Rod Upgrade,1708594,F
5/12/2003,90672 Ppro Lat Attachment,1708577,T
5/12/2003,95146 BFX 310# Rod Upgrade,1708564,F
5/12/2003,"10094 Poster, Ult Folded",1708567,T
5/12/2003,95145 410 Power Rod Upgrade (PP Mot),1708536,T
5/12/2003,90642 Kit  Ppro T-Bar & Foot Hrns,1708524,F
5/12/2003,"10172 BFX 79x37"" Mat",1708524,F
5/12/2003,10071 Rod Pack  410# upgrade,1708521,F
5/12/2003,"95062 Manual, Ppro Owner's",1708572,T
5/12/2003,95145 410 Power Rod Upgrade (PP Mot),1708518,T
5/12/2003,10071 Rod Pack  410# upgrade,1708588,F
5/12/2003,95145 410 Power Rod Upgrade (PP Mot),1708568,T
5/12/2003,95146 BFX 310# Rod Upgrade,1708533,F
5/12/2003,95146 BFX 310# Rod Upgrade,1708542,F
5/12/2003,90642 Kit  Ppro T-Bar & Foot Hrns,1708542,F
5/12/2003,90672 Ppro Lat Attachment,1708527,T
5/12/2003,90672 Ppro Lat Attachment,1708597,T
5/12/2003,95145 410 Power Rod Upgrade (PP Mot),1708539,T
4/4/2003,"400010 Kit, Ppro 210# XT",1708147,F
4/3/2003,"400010 Kit, Ppro 210# XT",1708138,F
4/3/2003,"100000 Kit, Ult XTLU",1708127,F
4/2/2003,"400013 Kit, Ppro 210# XTLU",1708212,F
4/2/2003,"10172 BFX 79x37"" Mat",1708212,F
4/2/2003,"100000 Kit, Ult XTLU",1708129,F
4/2/2003,"100000 Kit, Ult XTLU",1708152,F
4/2/2003,"400011 Kit, Ppro 210# XTL",1708216,F
4/2/2003,"400000 Kit, Ppro 210#",1708144,F
4/2/2003,"10172 BFX 79x37"" Mat",1708134,F
4/2/2003,"400009 Kit, Ppro 310# XTL",1708134,F
4/2/2003,"400011 Kit, Ppro 210# XTL",1708199,F
4/2/2003,"400011 Kit, Ppro 210# XTL",1708136,F
4/2/2003,"400011 Kit, Ppro 210# XTL",1708122,F
4/2/2003,"400010 Kit, Ppro 210# XT",1708132,F
4/2/2003,"100000 Kit, Ult XTLU",1708125,F
4/2/2003,"100000 Kit, Ult XTLU",1708210,F
4/2/2003,"400010 Kit, Ppro 210# XT",1708205,F
4/2/2003,"100000 Kit, Ult XTLU",1708192,F
4/2/2003,"400000 Kit, Ppro 210#",1708149,F
4/2/2003,"400009 Kit, Ppro 310# XTL",1708214,F
4/2/2003,"400012 Kit, Ppro 210# XL",1708140,F
4/2/2003,90642 Kit  Ppro T-Bar & Foot Hrns,1708124,F
4/2/2003,"400010 Kit, Ppro 210# XT",1708124,F
4/2/2003,"400011 Kit, Ppro 210# XTL",1708155,F
4/2/2003,"400009 Kit, Ppro 310# XTL",1708202,F
3/5/2003,"400010 Kit, Ppro 210# XT",1707716,F
2/7/2003,"400021 Kit, Motivator 310#",1707655,F
1/30/2003,"100000 Kit, Ult XTLU",1707681,F
1/28/2003,"400010 Kit, Ppro 210# XT",1707630,F
1/28/2003,"100000 Kit, Ult XTLU",1707670,F
1/27/2003,"100000 Kit, Ult XTLU",1707664,F
1/27/2003,10071 Rod Pack  410# upgrade,1707676,F
1/27/2003,"100000 Kit, Ult XTLU",1707676,F
1/27/2003,"400011 Kit, Ppro 210# XTL",1707632,F
1/27/2003,"400012 Kit, Ppro 210# XL",1707694,F
1/27/2003,"100000 Kit, Ult XTLU",1707646,F
1/27/2003,"10172 BFX 79x37"" Mat",1707646,F
1/27/2003,"100000 Kit, Ult XTLU",1707651,F
1/25/2003,"100000 Kit, Ult XTLU",1707708,F
1/25/2003,"400013 Kit, Ppro 210# XTLU",1707711,F
1/25/2003,"400000 Kit, Ppro 210#",1707689,F
1/25/2003,"400011 Kit, Ppro 210# XTL",1707641,F
1/25/2003,"400010 Kit, Ppro 210# XT",1707699,F
12/16/2002,"100000 Kit, Ult XTLU",1708405,F
12/13/2002,"400014 Kit, Ppro 310# XL",1708411,F
12/12/2002,"400016 Kit, Ppro 310# XTLU",1708408,F
12/11/2002,"400013 Kit, Ppro 210# XTLU",1708354,F
12/11/2002,"400015 Kit, Motivator 210# XTL",1708340,F
12/11/2002,"400001 Kit, Ppro 310#",1708358,F
12/10/2002,"100000 Kit, Ult XTLU",1708351,F
12/10/2002,"400014 Kit, Ppro 310# XL",1708360,F
12/10/2002,"100000 Kit, Ult XTLU",1708334,F
12/10/2002,"100000 Kit, Ult XTLU",1708347,F
12/10/2002,"10172 BFX 79x37"" Mat",1708347,F
12/10/2002,"400015 Kit, Motivator 210# XTL",1708328,F
12/10/2002,"400015 Kit, Motivator 210# XTL",1708344,F
12/10/2002,"400010 Kit, Ppro 210# XT",1708416,F
12/10/2002,"400015 Kit, Motivator 210# XTL",1708321,F
12/10/2002,"400011 Kit, Ppro 210# XTL",1708349,F
12/10/2002,"100000 Kit, Ult XTLU",1708362,F
12/10/2002,"400015 Kit, Motivator 210# XTL",1708319,F
12/10/2002,"400024 Kit, Motivator 310# XTL",1708338,F
12/10/2002,"400011 Kit, Ppro 210# XTL",1708331,F
12/10/2002,"400011 Kit, Ppro 210# XTL",1708356,F
12/10/2002,"400008 Kit, Ppro 310# XT",1708366,F
12/10/2002,"400011 Kit, Ppro 210# XTL",1708399,F
12/10/2002,"400011 Kit, Ppro 210# XTL",1708402,F
12/10/2002,"400016 Kit, Ppro 310# XTLU",1708364,F
9/6/2002,"400000 Kit, Ppro 210#",1707713,F
9/4/2002,"400008 Kit, Ppro 310# XT",1707660,F
8/30/2002,"400011 Kit, Ppro 210# XTL",1707692,F
8/28/2002,"400016 Kit, Ppro 310# XTLU",1707707,F
8/28/2002,"400010 Kit, Ppro 210# XT",1707666,F
8/28/2002,"100000 Kit, Ult XTLU",1707671,F
8/28/2002,"400013 Kit, Ppro 210# XTLU",1707687,F
8/28/2002,"400010 Kit, Ppro 210# XT",1707697,F
8/28/2002,10071 Rod Pack  410# upgrade,1707677,F
8/28/2002,"100000 Kit, Ult XTLU",1707677,F
8/28/2002,"400010 Kit, Ppro 210# XT",1707682,F
8/19/2002,"400016 Kit, Ppro 310# XTLU",1707410,F
7/25/2002,"400009 Kit, Ppro 310# XTL",1707387,F
7/24/2002,"400010 Kit, Ppro 210# XT",1707368,F
7/23/2002,"400016 Kit, Ppro 310# XTLU",1707376,F
7/23/2002,95145 410 Power Rod Upgrade (PP Mot),1707376,T
7/23/2002,"400013 Kit, Ppro 210# XTLU",1707370,F
7/22/2002,"400000 Kit, Ppro 210#",1707339,F
7/19/2002,"400013 Kit, Ppro 210# XTLU",1707417,F
7/18/2002,"400013 Kit, Ppro 210# XTLU",1707413,F
7/18/2002,"400016 Kit, Ppro 310# XTLU",1707337,F
7/18/2002,"400013 Kit, Ppro 210# XTLU",1707415,F
7/18/2002,"100000 Kit, Ult XTLU",1707411,F
7/18/2002,10071 Rod Pack  410# upgrade,1707411,F
7/18/2002,"400016 Kit, Ppro 310# XTLU",1707412,F
7/18/2002,"400010 Kit, Ppro 210# XT",1707335,F
7/17/2002,"400013 Kit, Ppro 210# XTLU",1707388,F
7/17/2002,"400014 Kit, Ppro 310# XL",1707325,F
7/17/2002,"400008 Kit, Ppro 310# XT",1707327,F
7/17/2002,"400010 Kit, Ppro 210# XT",1707329,F
7/16/2002,"400009 Kit, Ppro 310# XTL",1707347,F
7/16/2002,"400014 Kit, Ppro 310# XL",1707319,F
7/15/2002,"400011 Kit, Ppro 210# XTL",1707343,F
7/15/2002,"100000 Kit, Ult XTLU",1707353,F
7/15/2002,"400008 Kit, Ppro 310# XT",1707321,F
7/15/2002,"100000 Kit, Ult XTLU",1707406,F
7/15/2002,"400010 Kit, Ppro 210# XT",1707374,F
7/15/2002,"400013 Kit, Ppro 210# XTLU",1707364,F
7/15/2002,"400011 Kit, Ppro 210# XTL",1707341,F
7/15/2002,"400011 Kit, Ppro 210# XTL",1707373,F
7/15/2002,"400016 Kit, Ppro 310# XTLU",1707414,F
7/15/2002,"400009 Kit, Ppro 310# XTL",1707404,F
7/15/2002,"100000 Kit, Ult XTLU",1707396,F
7/15/2002,10071 Rod Pack  410# upgrade,1707396,F
7/15/2002,90642 Kit  Ppro T-Bar & Foot Hrns,1707323,F
7/15/2002,"400009 Kit, Ppro 310# XTL",1707323,F
7/15/2002,"400008 Kit, Ppro 310# XT",1707416,F
7/15/2002,"400012 Kit, Ppro 210# XL",1707358,F
7/15/2002,"400009 Kit, Ppro 310# XTL",1707331,F
7/15/2002,95145 410 Power Rod Upgrade (PP Mot),1707399,T
7/15/2002,"400016 Kit, Ppro 310# XTLU",1707399,F
7/15/2002,"400013 Kit, Ppro 210# XTLU",1707390,F
7/15/2002,"400013 Kit, Ppro 210# XTLU",1707354,F
7/15/2002,"400016 Kit, Ppro 310# XTLU",1707363,F
7/15/2002,"400013 Kit, Ppro 210# XTLU",1707401,F
7/15/2002,"400011 Kit, Ppro 210# XTL",1707351,F
7/15/2002,"400000 Kit, Ppro 210#",1707360,F
7/15/2002,"400009 Kit, Ppro 310# XTL",1707375,F
7/15/2002,"400011 Kit, Ppro 210# XTL",1707349,F
7/15/2002,"400013 Kit, Ppro 210# XTLU",1707392,F
7/15/2002,"400013 Kit, Ppro 210# XTLU",1707408,F
7/15/2002,"400010 Kit, Ppro 210# XT",1707402,F
7/15/2002,"400011 Kit, Ppro 210# XTL",1707372,F
7/15/2002,"400010 Kit, Ppro 210# XT",1707345,F
7/15/2002,"400017 Kit, Ppro 310# XTU",1707394,F
4/12/2002,"400009 Kit, Ppro 310# XTL",1708241,F
4/11/2002,"400012 Kit, Ppro 210# XL",1708234,F
4/9/2002,"400011 Kit, Ppro 210# XTL",1708222,F
4/9/2002,"400010 Kit, Ppro 210# XT",1708227,F
4/8/2002,"400012 Kit, Ppro 210# XL",1708236,F
4/8/2002,"400001 Kit, Ppro 310#",1708224,F
4/5/2002,"400010 Kit, Ppro 210# XT",1708225,F
4/5/2002,"100000 Kit, Ult XTLU",1708244,F
4/5/2002,"400012 Kit, Ppro 210# XL",1708231,F
4/4/2002,"400002 Kit, Motivator 210#",1708284,F
4/4/2002,"400001 Kit, Ppro 310#",1708308,F
4/4/2002,"400012 Kit, Ppro 210# XL",1708246,F
4/4/2002,"400000 Kit, Ppro 210#",1708259,F
4/4/2002,"400009 Kit, Ppro 310# XTL",1708274,F
4/4/2002,"400013 Kit, Ppro 210# XTLU",1708268,F
4/4/2002,10071 Rod Pack  410# upgrade,1708276,F
4/4/2002,"100000 Kit, Ult XTLU",1708276,F
4/4/2002,"400011 Kit, Ppro 210# XTL",1708272,F
4/4/2002,"400013 Kit, Ppro 210# XTLU",1708311,F
4/4/2002,"400016 Kit, Ppro 310# XTLU",1708249,F
4/4/2002,"400002 Kit, Motivator 210#",1708252,F
4/4/2002,"400006 Kit, Motivator 210# XT",1708263,F
4/4/2002,"400008 Kit, Ppro 310# XT",1708282,F
4/4/2002,"400011 Kit, Ppro 210# XTL",1708238,F
4/4/2002,"400011 Kit, Ppro 210# XTL",1708314,F
4/4/2002,"400009 Kit, Ppro 310# XTL",1708316,F
4/4/2002,"400011 Kit, Ppro 210# XTL",1708261,F
4/4/2002,"400011 Kit, Ppro 210# XTL",1708270,F
4/4/2002,"400013 Kit, Ppro 210# XTLU",1708229,F
4/4/2002,"400013 Kit, Ppro 210# XTLU",1708265,F
4/4/2002,"400010 Kit, Ppro 210# XT",1708257,F
4/4/2002,"400000 Kit, Ppro 210#",1708255,F
4/4/2002,"400013 Kit, Ppro 210# XTLU",1708278,F
4/4/2002,"400016 Kit, Ppro 310# XTLU",1708266,F
2/19/2002,"400010 Kit, Ppro 210# XT",1708369,F
2/18/2002,"400011 Kit, Ppro 210# XTL",1708380,F
2/16/2002,"400009 Kit, Ppro 310# XTL",1708382,F
2/16/2002,"400001 Kit, Ppro 310#",1708378,F
2/16/2002,"400010 Kit, Ppro 210# XT",1708359,F
2/16/2002,"400000 Kit, Ppro 210#",1708371,F
2/16/2002,"400010 Kit, Ppro 210# XT",1708372,F
2/16/2002,"400010 Kit, Ppro 210# XT",1708374,F
2/16/2002,"400010 Kit, Ppro 210# XT",1708368,F
2/16/2002,"100000 Kit, Ult XTLU",1708355,F
2/16/2002,10071 Rod Pack  410# upgrade,1708367,F
2/16/2002,"100000 Kit, Ult XTLU",1708367,F
2/16/2002,"400010 Kit, Ppro 210# XT",1708353,F
2/16/2002,"400010 Kit, Ppro 210# XT",1708363,F
2/16/2002,"400011 Kit, Ppro 210# XTL",1708357,F
2/16/2002,"400011 Kit, Ppro 210# XTL",1708384,F
2/16/2002,"400010 Kit, Ppro 210# XT",1708373,F
2/16/2002,"400010 Kit, Ppro 210# XT",1708361,F
1/28/2002,"400011 Kit, Ppro 210# XTL",1707656,F
1/9/2002,"100000 Kit, Ult XTLU",1707665,F
1/9/2002,"400017 Kit, Ppro 310# XTU",1707691,F
1/6/2002,"400010 Kit, Ppro 210# XT",1707674,F
1/6/2002,"400000 Kit, Ppro 210#",1707685,F
1/6/2002,"400001 Kit, Ppro 310#",1707714,F
1/6/2002,"400019 Kit, Ppro 310# XLU",1707696,F
1/6/2002,"400009 Kit, Ppro 310# XTL",1707669,F
1/6/2002,"400011 Kit, Ppro 210# XTL",1707638,F
1/6/2002,"400010 Kit, Ppro 210# XT",1707705,F
1/6/2002,"400016 Kit, Ppro 310# XTLU",1707643,F
1/6/2002,"400000 Kit, Ppro 210#",1707700,F
1/6/2002,"400009 Kit, Ppro 310# XTL",1707653,F
1/6/2002,"400002 Kit, Motivator 210#",1707661,F
12/6/2001,"400000 Kit, Ppro 210#",1708969,F
12/3/2001,"400008 Kit, Ppro 310# XT",1708921,F
11/30/2001,"400010 Kit, Ppro 210# XT",1708964,F
11/30/2001,90642 Kit  Ppro T-Bar & Foot Hrns,1708964,F
11/30/2001,"400014 Kit, Ppro 310# XL",1708956,F
11/30/2001,"400011 Kit, Ppro 210# XTL",1708929,F
11/30/2001,"400006 Kit, Motivator 210# XT",1708996,F
11/30/2001,"400000 Kit, Ppro 210#",1708951,F
11/30/2001,"400016 Kit, Ppro 310# XTLU",1708949,F
11/30/2001,"400013 Kit, Ppro 210# XTLU",1708982,F
11/30/2001,"400010 Kit, Ppro 210# XT",1709010,F
11/30/2001,"400016 Kit, Ppro 310# XTLU",1708932,F
11/29/2001,"100000 Kit, Ult XTLU",1708953,F
11/29/2001,"400001 Kit, Ppro 310#",1708974,F
11/29/2001,95145 410 Power Rod Upgrade (PP Mot),1708974,T
11/29/2001,"400010 Kit, Ppro 210# XT",1708954,F
11/29/2001,"400000 Kit, Ppro 210#",1708924,F
11/29/2001,"400009 Kit, Ppro 310# XTL",1708980,F
11/29/2001,"400011 Kit, Ppro 210# XTL",1708999,F
11/29/2001,"400013 Kit, Ppro 210# XTLU",1708960,F
11/29/2001,"400016 Kit, Ppro 310# XTLU",1708972,F
11/29/2001,"100000 Kit, Ult XTLU",1708933,F
11/29/2001,"400012 Kit, Ppro 210# XL",1708927,F
11/29/2001,"400010 Kit, Ppro 210# XT",1708955,F
11/29/2001,"400015 Kit, Motivator 210# XTL",1708925,F
11/29/2001,90642 Kit  Ppro T-Bar & Foot Hrns,1708930,F
11/29/2001,"400000 Kit, Ppro 210#",1708930,F
11/29/2001,"400012 Kit, Ppro 210# XL",1709007,F
11/29/2001,"400008 Kit, Ppro 310# XT",1708967,F
11/29/2001,"400010 Kit, Ppro 210# XT",1708961,F
11/29/2001,"400009 Kit, Ppro 310# XTL",1709012,F
11/29/2001,"400012 Kit, Ppro 210# XL",1708963,F
11/29/2001,"400000 Kit, Ppro 210#",1708993,F
11/29/2001,"400009 Kit, Ppro 310# XTL",1709002,F
11/29/2001,"400009 Kit, Ppro 310# XTL",1709008,F
11/29/2001,"400001 Kit, Ppro 310#",1708957,F
11/29/2001,"400004 Kit, Ppro 210# XTU",1708978,F
11/29/2001,10071 Rod Pack  410# upgrade,1708959,F
11/29/2001,"100000 Kit, Ult XTLU",1708959,F
11/29/2001,"400011 Kit, Ppro 210# XTL",1708995,F
11/29/2001,"400006 Kit, Motivator 210# XT",1709001,F
11/29/2001,"100000 Kit, Ult XTLU",1708931,F
11/29/2001,"400013 Kit, Ppro 210# XTLU",1709014,F
11/29/2001,"400013 Kit, Ppro 210# XTLU",1708919,F
11/29/2001,"400009 Kit, Ppro 310# XTL",1708965,F
11/29/2001,"400000 Kit, Ppro 210#",1708976,F
11/29/2001,"400011 Kit, Ppro 210# XTL",1708926,F
11/29/2001,"100000 Kit, Ult XTLU",1708928,F
10/29/2001,"400010 Kit, Ppro 210# XT",1706933,F
10/25/2001,95145 410 Power Rod Upgrade (PP Mot),1707720,T
10/25/2001,"400016 Kit, Ppro 310# XTLU",1707720,F
10/24/2001,"400009 Kit, Ppro 310# XTL",1707757,F
10/24/2001,"400001 Kit, Ppro 310#",1707766,F
10/24/2001,"400016 Kit, Ppro 310# XTLU",1707740,F
10/19/2001,"400014 Kit, Ppro 310# XL",1707751,F
10/18/2001,"400010 Kit, Ppro 210# XT",1707816,F
10/18/2001,"400009 Kit, Ppro 310# XTL",1707769,F
10/18/2001,"400011 Kit, Ppro 210# XTL",1707754,F
10/18/2001,"400000 Kit, Ppro 210#",1707747,F
10/18/2001,"400011 Kit, Ppro 210# XTL",1707771,F
10/18/2001,"400009 Kit, Ppro 310# XTL",1707745,F
10/18/2001,"400017 Kit, Ppro 310# XTU",1707736,F
10/18/2001,90642 Kit  Ppro T-Bar & Foot Hrns,1707736,F
10/18/2001,"400001 Kit, Ppro 310#",1707814,F
10/18/2001,"400010 Kit, Ppro 210# XT",1707725,F
10/18/2001,"400014 Kit, Ppro 310# XL",1707763,F
10/8/2001,"400000 Kit, Ppro 210#",1706935,F
9/14/2001,"400010 Kit, Ppro 210# XT",1709318,F
9/11/2001,"100000 Kit, Ult XTLU",1709359,F
9/10/2001,"400016 Kit, Ppro 310# XTLU",1706995,F
9/10/2001,"400013 Kit, Ppro 210# XTLU",1706936,F
9/9/2001,"400011 Kit, Ppro 210# XTL",1709381,F
9/7/2001,"400000 Kit, Ppro 210#",1706991,F
9/7/2001,95145 410 Power Rod Upgrade (PP Mot),1706987,T
9/7/2001,"400016 Kit, Ppro 310# XTLU",1706987,F
9/7/2001,"400007 Kit, Motivator 210# XL",1709380,F
9/7/2001,"400000 Kit, Ppro 210#",1706961,F
9/6/2001,"400011 Kit, Ppro 210# XTL",1709340,F
9/6/2001,"400013 Kit, Ppro 210# XTLU",1709344,F
9/6/2001,"400013 Kit, Ppro 210# XTLU",1706932,F
9/6/2001,"400013 Kit, Ppro 210# XTLU",1709322,F
9/6/2001,"400013 Kit, Ppro 210# XTLU",1709326,F
9/6/2001,"400024 Kit, Motivator 310# XTL",1709332,F
9/6/2001,"400008 Kit, Ppro 310# XT",1706929,F
9/6/2001,"400000 Kit, Ppro 210#",1709330,F
9/6/2001,"400013 Kit, Ppro 210# XTLU",1706934,F
9/6/2001,"400023 Kit, Motivator 310# XL",1707017,F
9/6/2001,95145 410 Power Rod Upgrade (PP Mot),1706985,T
9/6/2001,"400016 Kit, Ppro 310# XTLU",1706985,F
9/6/2001,90642 Kit  Ppro T-Bar & Foot Hrns,1709336,F
9/6/2001,"400009 Kit, Ppro 310# XTL",1709336,F
9/6/2001,"400010 Kit, Ppro 210# XT",1709328,F
9/6/2001,"400010 Kit, Ppro 210# XT",1706976,F
9/6/2001,"400009 Kit, Ppro 310# XTL",1706938,F
9/6/2001,"400013 Kit, Ppro 210# XTLU",1709346,F
9/6/2001,"400013 Kit, Ppro 210# XTLU",1706928,F
9/6/2001,"400016 Kit, Ppro 310# XTLU",1709348,F
9/6/2001,"400005 Kit, Ppro 210# XLU",1706966,F
9/6/2001,"400000 Kit, Ppro 210#",1709324,F
9/6/2001,"400016 Kit, Ppro 310# XTLU",1706993,F
9/6/2001,95145 410 Power Rod Upgrade (PP Mot),1706993,T
9/6/2001,"400012 Kit, Ppro 210# XL",1706931,F
9/6/2001,"400010 Kit, Ppro 210# XT",1709351,F
9/6/2001,"400000 Kit, Ppro 210#",1709387,F
9/6/2001,"400009 Kit, Ppro 310# XTL",1709356,F
9/6/2001,"400009 Kit, Ppro 310# XTL",1706973,F
9/6/2001,95145 410 Power Rod Upgrade (PP Mot),1706973,T
9/6/2001,"400008 Kit, Ppro 310# XT",1709383,F
9/6/2001,"400010 Kit, Ppro 210# XT",1707015,F
9/6/2001,"400011 Kit, Ppro 210# XTL",1706969,F
9/6/2001,"400000 Kit, Ppro 210#",1706959,F
9/6/2001,"400010 Kit, Ppro 210# XT",1709342,F
9/6/2001,"400008 Kit, Ppro 310# XT",1709319,F
8/14/2001,"400012 Kit, Ppro 210# XL",1708336,F
8/13/2001,90642 Kit  Ppro T-Bar & Foot Hrns,1708388,F
8/13/2001,"400014 Kit, Ppro 310# XL",1708388,F
8/6/2001,95145 410 Power Rod Upgrade (PP Mot),1708409,T
8/6/2001,"400016 Kit, Ppro 310# XTLU",1708409,F
8/5/2001,"400004 Kit, Ppro 210# XTU",1708377,F
8/5/2001,"400009 Kit, Ppro 310# XTL",1708379,F
8/5/2001,"400016 Kit, Ppro 310# XTLU",1708390,F
8/5/2001,"400010 Kit, Ppro 210# XT",1708318,F
8/5/2001,"400016 Kit, Ppro 310# XTLU",1708383,F
8/5/2001,"400014 Kit, Ppro 310# XL",1708327,F
8/5/2001,"400010 Kit, Ppro 210# XT",1708325,F
8/5/2001,"400011 Kit, Ppro 210# XTL",1708387,F
8/5/2001,"400013 Kit, Ppro 210# XTLU",1708381,F
8/5/2001,"400008 Kit, Ppro 310# XT",1708339,F
8/5/2001,"400008 Kit, Ppro 310# XT",1708391,F
8/5/2001,"400000 Kit, Ppro 210#",1708413,F
8/5/2001,"400011 Kit, Ppro 210# XTL",1708395,F
8/5/2001,"400011 Kit, Ppro 210# XTL",1708397,F
8/5/2001,"400008 Kit, Ppro 310# XT",1708330,F
8/5/2001,"400010 Kit, Ppro 210# XT",1708342,F
8/5/2001,"400010 Kit, Ppro 210# XT",1708403,F
8/5/2001,"400010 Kit, Ppro 210# XT",1708389,F
8/5/2001,"400010 Kit, Ppro 210# XT",1708400,F
8/5/2001,"400011 Kit, Ppro 210# XTL",1708386,F
8/5/2001,95145 410 Power Rod Upgrade (PP Mot),1708393,T
8/5/2001,"400016 Kit, Ppro 310# XTLU",1708393,F
8/5/2001,"400008 Kit, Ppro 310# XT",1708375,F
8/5/2001,"400008 Kit, Ppro 310# XT",1708322,F
8/5/2001,"400010 Kit, Ppro 210# XT",1708406,F
8/5/2001,"400009 Kit, Ppro 310# XTL",1708385,F
7/5/2001,"400011 Kit, Ppro 210# XTL",1707254,F
6/13/2001,"400011 Kit, Ppro 210# XTL",1707276,F
6/11/2001,"400006 Kit, Motivator 210# XT",1707257,F
6/11/2001,"400024 Kit, Motivator 310# XTL",1707263,F
6/8/2001,"400011 Kit, Ppro 210# XTL",1707219,F
6/7/2001,"400013 Kit, Ppro 210# XTLU",1707225,F
6/7/2001,"400016 Kit, Ppro 310# XTLU",1707221,F
6/7/2001,"400016 Kit, Ppro 310# XTLU",1707259,F
6/7/2001,"400010 Kit, Ppro 210# XT",1707284,F
6/7/2001,"400024 Kit, Motivator 310# XTL",1707256,F
6/7/2001,"400000 Kit, Ppro 210#",1707302,F
6/7/2001,"400009 Kit, Ppro 310# XTL",1707258,F
6/7/2001,"400011 Kit, Ppro 210# XTL",1707305,F
6/7/2001,"400013 Kit, Ppro 210# XTLU",1707255,F
6/7/2001,95145 410 Power Rod Upgrade (PP Mot),1707260,T
6/7/2001,"400016 Kit, Ppro 310# XTLU",1707260,F
6/7/2001,"400012 Kit, Ppro 210# XL",1707252,F
6/7/2001,"400011 Kit, Ppro 210# XTL",1707279,F
6/7/2001,"400013 Kit, Ppro 210# XTLU",1707293,F
6/7/2001,"400015 Kit, Motivator 210# XTL",1707308,F
6/7/2001,"400000 Kit, Ppro 210#",1707274,F
6/7/2001,"400010 Kit, Ppro 210# XT",1707266,F
6/7/2001,"400019 Kit, Ppro 310# XLU",1707287,F
6/7/2001,"400001 Kit, Ppro 310#",1707272,F
6/7/2001,"400016 Kit, Ppro 310# XTLU",1707296,F
6/7/2001,"400011 Kit, Ppro 210# XTL",1707261,F
6/7/2001,"400013 Kit, Ppro 210# XTLU",1707281,F
4/16/2001,95164 Rod  30# Quad Test w  S&C,1707104,T
4/14/2001,"400011 Kit, Ppro 210# XTL",1708535,F
4/13/2001,95164 Rod  30# Quad Test w  S&C,1707064,T
4/13/2001,95164 Rod  30# Quad Test w  S&C,1707027,T
4/13/2001,"94155 Assy,Ppro Vertical Extrus",1707096,T
4/13/2001,95164 Rod  30# Quad Test w  S&C,1707074,T
4/13/2001,95145 410 Power Rod Upgrade (PP Mot),1707061,T
4/13/2001,95145 410 Power Rod Upgrade (PP Mot),1707063,T
4/13/2001,"95500 Poster,P-Pro Folded",1707111,T
4/13/2001,"95162 Rod, 5# Quad Test w/ S&C",1707067,T
4/13/2001,"95062 Manual, Ppro Owner's",1707051,T
4/13/2001,90642 Kit  Ppro T-Bar & Foot Hrns,1707062,F
4/12/2001,95145 410 Power Rod Upgrade (PP Mot),1708532,T
4/12/2001,"400016 Kit, Ppro 310# XTLU",1708532,F
4/11/2001,"400016 Kit, Ppro 310# XTLU",1708540,F
4/11/2001,"400013 Kit, Ppro 210# XTLU",1708553,F
4/11/2001,"400000 Kit, Ppro 210#",1708558,F
4/10/2001,"400010 Kit, Ppro 210# XT",1708586,F
4/10/2001,"400016 Kit, Ppro 310# XTLU",1708559,F
4/10/2001,95145 410 Power Rod Upgrade (PP Mot),1708559,T
4/10/2001,"400014 Kit, Ppro 310# XL",1708617,F
4/10/2001,"400011 Kit, Ppro 210# XTL",1708525,F
4/9/2001,"400008 Kit, Ppro 310# XT",1708556,F
4/9/2001,"400016 Kit, Ppro 310# XTLU",1708583,F
4/7/2001,"400010 Kit, Ppro 210# XT",1708611,F
4/7/2001,"400008 Kit, Ppro 310# XT",1708522,F
4/7/2001,"400008 Kit, Ppro 310# XT",1708614,F
4/7/2001,"400010 Kit, Ppro 210# XT",1708608,F
4/7/2001,"400010 Kit, Ppro 210# XT",1708602,F
4/7/2001,"400013 Kit, Ppro 210# XTLU",1708592,F
4/7/2001,"400013 Kit, Ppro 210# XTLU",1708595,F
4/7/2001,"400012 Kit, Ppro 210# XL",1708599,F
4/7/2001,"400010 Kit, Ppro 210# XT",1708605,F
4/6/2001,"400016 Kit, Ppro 310# XTLU",1708550,F
4/6/2001,"400012 Kit, Ppro 210# XL",1708546,F
4/6/2001,"400008 Kit, Ppro 310# XT",1708555,F
4/6/2001,"400010 Kit, Ppro 210# XT",1708548,F
4/6/2001,"400013 Kit, Ppro 210# XTLU",1708519,F
4/6/2001,"400011 Kit, Ppro 210# XTL",1708537,F
4/6/2001,"400013 Kit, Ppro 210# XTLU",1708563,F
4/6/2001,"400013 Kit, Ppro 210# XTLU",1708580,F
4/6/2001,"400024 Kit, Motivator 310# XTL",1708560,F
4/6/2001,"400013 Kit, Ppro 210# XTLU",1708562,F
4/6/2001,"400013 Kit, Ppro 210# XTLU",1708554,F
2/21/2001,"400017 Kit, Ppro 310# XTU",1708898,F
2/16/2001,"400011 Kit, Ppro 210# XTL",1708850,F
2/15/2001,"400013 Kit, Ppro 210# XTLU",1708827,F
2/14/2001,"400010 Kit, Ppro 210# XT",1708868,F
2/12/2001,"400000 Kit, Ppro 210#",1708871,F
2/12/2001,"400011 Kit, Ppro 210# XTL",1708837,F
2/12/2001,"400008 Kit, Ppro 310# XT",1708904,F
2/8/2001,"400010 Kit, Ppro 210# XT",1708848,F
2/8/2001,"400000 Kit, Ppro 210#",1708843,F
2/8/2001,"400001 Kit, Ppro 310#",1708852,F
2/8/2001,"400000 Kit, Ppro 210#",1708864,F
2/8/2001,"400009 Kit, Ppro 310# XTL",1708901,F
2/8/2001,"400011 Kit, Ppro 210# XTL",1708916,F
2/8/2001,"400011 Kit, Ppro 210# XTL",1708855,F
2/8/2001,"400013 Kit, Ppro 210# XTLU",1708910,F
2/8/2001,"400011 Kit, Ppro 210# XTL",1708914,F
2/8/2001,"400010 Kit, Ppro 210# XT",1708840,F
2/8/2001,"400013 Kit, Ppro 210# XTLU",1708897,F
2/8/2001,"400013 Kit, Ppro 210# XTLU",1708831,F
2/8/2001,"400016 Kit, Ppro 310# XTLU",1708824,F
2/8/2001,"400008 Kit, Ppro 310# XT",1708861,F
2/8/2001,"400008 Kit, Ppro 310# XT",1708829,F
2/8/2001,"400001 Kit, Ppro 310#",1708908,F
2/8/2001,"400015 Kit, Motivator 210# XTL",1708833,F
2/8/2001,"400013 Kit, Ppro 210# XTLU",1708819,F
2/8/2001,"400010 Kit, Ppro 210# XT",1708845,F
2/8/2001,"400016 Kit, Ppro 310# XTLU",1708858,F
2/8/2001,"400010 Kit, Ppro 210# XT",1708847,F
1/8/2001,"400013 Kit, Ppro 210# XTLU",1707451,F
1/4/2001,"400008 Kit, Ppro 310# XT",1707772,F
12/15/2000,"400016 Kit, Ppro 310# XTLU",1707449,F
12/13/2000,"400016 Kit, Ppro 310# XTLU",1707454,F
12/13/2000,"400011 Kit, Ppro 210# XTL",1707504,F
12/13/2000,"400013 Kit, Ppro 210# XTLU",1707471,F
12/12/2000,"400009 Kit, Ppro 310# XTL",1707434,F
12/12/2000,"400000 Kit, Ppro 210#",1707443,F
12/12/2000,"400009 Kit, Ppro 310# XTL",1707515,F
12/12/2000,"400011 Kit, Ppro 210# XTL",1707469,F
12/12/2000,"400016 Kit, Ppro 310# XTLU",1707513,F
12/12/2000,95145 410 Power Rod Upgrade (PP Mot),1707513,T
12/12/2000,"400008 Kit, Ppro 310# XT",1707499,F
12/12/2000,"400008 Kit, Ppro 310# XT",1707453,F
12/12/2000,"400010 Kit, Ppro 210# XT",1707459,F
12/12/2000,"400010 Kit, Ppro 210# XT",1707505,F
12/12/2000,"400010 Kit, Ppro 210# XT",1707461,F
12/12/2000,"400010 Kit, Ppro 210# XT",1707503,F
12/12/2000,"400010 Kit, Ppro 210# XT",1707506,F
12/12/2000,"400013 Kit, Ppro 210# XTLU",1707463,F
12/12/2000,"400016 Kit, Ppro 310# XTLU",1707447,F
12/12/2000,"400016 Kit, Ppro 310# XTLU",1707467,F
12/12/2000,"400010 Kit, Ppro 210# XT",1707439,F
12/12/2000,"400011 Kit, Ppro 210# XTL",1707465,F
12/12/2000,"400013 Kit, Ppro 210# XTLU",1707452,F
12/12/2000,"400009 Kit, Ppro 310# XTL",1707457,F
12/12/2000,"400009 Kit, Ppro 310# XTL",1707502,F
12/12/2000,"400011 Kit, Ppro 210# XTL",1707441,F
12/12/2000,"400013 Kit, Ppro 210# XTLU",1707507,F
12/12/2000,"400011 Kit, Ppro 210# XTL",1707474,F
12/12/2000,"400010 Kit, Ppro 210# XT",1707500,F
12/12/2000,"400010 Kit, Ppro 210# XT",1707511,F
12/12/2000,"400013 Kit, Ppro 210# XTLU",1707430,F
12/12/2000,"400000 Kit, Ppro 210#",1707436,F
12/12/2000,95145 410 Power Rod Upgrade (PP Mot),1707501,T
12/12/2000,"400016 Kit, Ppro 310# XTLU",1707501,F
12/12/2000,"400016 Kit, Ppro 310# XTLU",1707509,F
12/12/2000,"400021 Kit, Motivator 310#",1707508,F
10/10/2000,"400017 Kit, Ppro 310# XTU",1707765,F
10/4/2000,"400014 Kit, Ppro 310# XL",1707768,F
10/4/2000,"400010 Kit, Ppro 210# XT",1707785,F
10/4/2000,"400011 Kit, Ppro 210# XTL",1707750,F
10/4/2000,"400009 Kit, Ppro 310# XTL",1707775,F
10/4/2000,"400010 Kit, Ppro 210# XT",1707782,F
10/4/2000,"400016 Kit, Ppro 310# XTLU",1707741,F
10/4/2000,"400010 Kit, Ppro 210# XT",1707778,F
10/4/2000,"400012 Kit, Ppro 210# XL",1707727,F
10/4/2000,"400010 Kit, Ppro 210# XT",1707748,F
10/4/2000,"400016 Kit, Ppro 310# XTLU",1707735,F
10/4/2000,"400009 Kit, Ppro 310# XTL",1707762,F
10/4/2000,"400008 Kit, Ppro 310# XT",1707817,F
10/4/2000,"400011 Kit, Ppro 210# XTL",1707731,F
10/1/2000,"400010 Kit, Ppro 210# XT",1707738,F
10/1/2000,"400010 Kit, Ppro 210# XT",1707723,F
10/1/2000,"400010 Kit, Ppro 210# XT",1707760,F
10/1/2000,"400010 Kit, Ppro 210# XT",1707753,F
10/1/2000,"400012 Kit, Ppro 210# XL",1707744,F
9/5/2000,"400013 Kit, Ppro 210# XTLU",1707746,F
8/21/2000,"400008 Kit, Ppro 310# XT",1707739,F
8/21/2000,"400011 Kit, Ppro 210# XTL",1707752,F
8/15/2000,"400012 Kit, Ppro 210# XL",1708428,F
8/14/2000,"400011 Kit, Ppro 210# XTL",1708432,F
8/7/2000,"400010 Kit, Ppro 210# XT",1707761,F
8/7/2000,"400016 Kit, Ppro 310# XTLU",1707719,F
8/7/2000,"400009 Kit, Ppro 310# XTL",1707815,F
8/7/2000,"400016 Kit, Ppro 310# XTLU",1707743,F
8/7/2000,95145 410 Power Rod Upgrade (PP Mot),1707743,T
8/7/2000,"400013 Kit, Ppro 210# XTLU",1707770,F
8/7/2000,"400010 Kit, Ppro 210# XT",1707767,F
8/7/2000,"400016 Kit, Ppro 310# XTLU",1707737,F
8/7/2000,"400013 Kit, Ppro 210# XTLU",1707724,F
8/7/2000,"400001 Kit, Ppro 310#",1707729,F
8/7/2000,"400013 Kit, Ppro 210# XTLU",1707749,F
8/4/2000,"400010 Kit, Ppro 210# XT",1707773,F
8/4/2000,"400006 Kit, Motivator 210# XT",1707755,F
8/3/2000,"400013 Kit, Ppro 210# XTLU",1707779,F
7/27/2000,"400009 Kit, Ppro 310# XTL",1708512,F
7/25/2000,"400010 Kit, Ppro 210# XT",1708449,F
7/21/2000,"400010 Kit, Ppro 210# XT",1708486,F
7/19/2000,"400000 Kit, Ppro 210#",1708455,F
7/18/2000,"400010 Kit, Ppro 210# XT",1708425,F
7/17/2000,"400012 Kit, Ppro 210# XL",1708441,F
7/17/2000,"400010 Kit, Ppro 210# XT",1708494,F
7/17/2000,"400010 Kit, Ppro 210# XT",1708509,F
7/17/2000,"400011 Kit, Ppro 210# XTL",1708483,F
7/17/2000,"400011 Kit, Ppro 210# XTL",1708515,F
7/17/2000,"400011 Kit, Ppro 210# XTL",1708503,F
7/17/2000,"400011 Kit, Ppro 210# XTL",1708506,F
7/17/2000,"400010 Kit, Ppro 210# XT",1708500,F
7/17/2000,"400010 Kit, Ppro 210# XT",1708447,F
7/17/2000,"400000 Kit, Ppro 210#",1708461,F
7/17/2000,"400010 Kit, Ppro 210# XT",1708453,F
7/15/2000,"400013 Kit, Ppro 210# XTLU",1708434,F
7/15/2000,"400010 Kit, Ppro 210# XT",1708437,F
7/15/2000,"400010 Kit, Ppro 210# XT",1708458,F
7/15/2000,"400011 Kit, Ppro 210# XTL",1708497,F
7/15/2000,"400009 Kit, Ppro 310# XTL",1708419,F
7/15/2000,"400010 Kit, Ppro 210# XT",1708488,F
7/15/2000,"400010 Kit, Ppro 210# XT",1708491,F
7/15/2000,"400000 Kit, Ppro 210#",1708444,F
5/30/2000,"400008 Kit, Ppro 310# XT",1707084,F
5/12/2000,"400010 Kit, Ppro 210# XT",1707047,F
5/9/2000,"400010 Kit, Ppro 210# XT",1707093,F
5/8/2000,"400010 Kit, Ppro 210# XT",1707033,F
5/8/2000,"400010 Kit, Ppro 210# XT",1707081,F
5/8/2000,"400010 Kit, Ppro 210# XT",1707038,F
5/8/2000,"400009 Kit, Ppro 310# XTL",1707037,F
5/8/2000,95145 410 Power Rod Upgrade (PP Mot),1707037,T
5/8/2000,"400010 Kit, Ppro 210# XT",1707078,F
5/8/2000,"400010 Kit, Ppro 210# XT",1707039,F
5/8/2000,"400010 Kit, Ppro 210# XT",1707087,F
5/8/2000,"400010 Kit, Ppro 210# XT",1707036,F
5/8/2000,"400013 Kit, Ppro 210# XTLU",1707082,F
5/8/2000,"400011 Kit, Ppro 210# XTL",1707030,F
5/8/2000,"400013 Kit, Ppro 210# XTLU",1707089,F
5/8/2000,"400010 Kit, Ppro 210# XT",1707031,F
5/8/2000,"400011 Kit, Ppro 210# XTL",1707043,F
5/8/2000,"400011 Kit, Ppro 210# XTL",1707035,F
5/6/2000,"400009 Kit, Ppro 310# XTL",1707088,F
5/6/2000,"400010 Kit, Ppro 210# XT",1707029,F
5/6/2000,"400010 Kit, Ppro 210# XT",1707092,F
5/6/2000,"400010 Kit, Ppro 210# XT",1707041,F
5/6/2000,"400009 Kit, Ppro 310# XTL",1707079,F
5/6/2000,"400010 Kit, Ppro 210# XT",1707044,F
5/6/2000,"400010 Kit, Ppro 210# XT",1707045,F
5/6/2000,"400010 Kit, Ppro 210# XT",1707101,F
5/6/2000,"400000 Kit, Ppro 210#",1707046,F
5/6/2000,"400010 Kit, Ppro 210# XT",1707091,F
5/6/2000,"400010 Kit, Ppro 210# XT",1707040,F
5/6/2000,"400010 Kit, Ppro 210# XT",1707032,F
5/6/2000,"400016 Kit, Ppro 310# XTLU",1707042,F
5/6/2000,"400009 Kit, Ppro 310# XTL",1707077,F
5/6/2000,"400010 Kit, Ppro 210# XT",1707099,F
5/6/2000,"400009 Kit, Ppro 310# XTL",1707076,F
5/6/2000,"400012 Kit, Ppro 210# XL",1707086,F
5/6/2000,"400008 Kit, Ppro 310# XT",1707090,F
5/6/2000,"400010 Kit, Ppro 210# XT",1707075,F
5/6/2000,"400010 Kit, Ppro 210# XT",1707034,F
5/6/2000,"400010 Kit, Ppro 210# XT",1707080,F
5/6/2000,"400012 Kit, Ppro 210# XL",1707097,F
5/6/2000,"400009 Kit, Ppro 310# XTL",1707083,F
5/6/2000,"400010 Kit, Ppro 210# XT",1707085,F
4/6/2000,"400000 Kit, Ppro 210#",1707623,F
4/5/2000,"400011 Kit, Ppro 210# XTL",1707678,F
4/4/2000,"400008 Kit, Ppro 310# XT",1707652,F
4/4/2000,"400001 Kit, Ppro 310#",1707683,F
4/3/2000,"400008 Kit, Ppro 310# XT",1707625,F
4/1/2000,"400010 Kit, Ppro 210# XT",1707644,F
4/1/2000,"400010 Kit, Ppro 210# XT",1707657,F
4/1/2000,"400016 Kit, Ppro 310# XTLU",1707640,F
4/1/2000,95145 410 Power Rod Upgrade (PP Mot),1707640,T
4/1/2000,"400014 Kit, Ppro 310# XL",1707668,F
4/1/2000,"400011 Kit, Ppro 210# XTL",1707662,F
4/1/2000,"400010 Kit, Ppro 210# XT",1707673,F
4/1/2000,"400010 Kit, Ppro 210# XT",1707693,F
4/1/2000,"400011 Kit, Ppro 210# XTL",1707648,F
4/1/2000,"400010 Kit, Ppro 210# XT",1707688,F
4/1/2000,"400017 Kit, Ppro 310# XTU",1707620,F
4/1/2000,"400010 Kit, Ppro 210# XT",1707634,F
3/31/2000,"400011 Kit, Ppro 210# XTL",1707628,F
1/6/2000,"400016 Kit, Ppro 310# XTLU",1709261,F
1/5/2000,"400011 Kit, Ppro 210# XTL",1708714,F
11/2/1999,"400011 Kit, Ppro 210# XTL",1706970,F
10/22/1999,"400016 Kit, Ppro 310# XTLU",1709352,F
10/22/1999,95145 410 Power Rod Upgrade (PP Mot),1709352,T
10/22/1999,"400000 Kit, Ppro 210#",1709357,F
10/22/1999,"400009 Kit, Ppro 310# XTL",1707000,F
10/14/1999,"400001 Kit, Ppro 310#",1706944,F
10/8/1999,"400013 Kit, Ppro 210# XTLU",1706983,F
10/4/1999,"400013 Kit, Ppro 210# XTLU",1706950,F
10/3/1999,"400010 Kit, Ppro 210# XT",1709323,F
10/2/1999,"400012 Kit, Ppro 210# XL",1709370,F
10/2/1999,"400013 Kit, Ppro 210# XTLU",1709329,F
10/2/1999,"400010 Kit, Ppro 210# XT",1709382,F
10/2/1999,"400010 Kit, Ppro 210# XT",1706964,F
10/2/1999,90642 Kit  Ppro T-Bar & Foot Hrns,1706964,F
10/2/1999,"400011 Kit, Ppro 210# XTL",1706975,F
10/2/1999,"400010 Kit, Ppro 210# XT",1706956,F
10/1/1999,"400013 Kit, Ppro 210# XTLU",1706946,F
10/1/1999,"400000 Kit, Ppro 210#",1709339,F
10/1/1999,"400012 Kit, Ppro 210# XL",1709365,F
10/1/1999,"400010 Kit, Ppro 210# XT",1709374,F
10/1/1999,"400012 Kit, Ppro 210# XL",1706990,F
10/1/1999,"400010 Kit, Ppro 210# XT",1709369,F
10/1/1999,"400010 Kit, Ppro 210# XT",1709333,F
10/1/1999,"400010 Kit, Ppro 210# XT",1706994,F
10/1/1999,"400010 Kit, Ppro 210# XT",1709345,F
10/1/1999,"400012 Kit, Ppro 210# XL",1709372,F
10/1/1999,"400010 Kit, Ppro 210# XT",1706941,F
10/1/1999,"400013 Kit, Ppro 210# XTLU",1709386,F
9/30/1999,"400013 Kit, Ppro 210# XTLU",1706958,F
9/30/1999,"400000 Kit, Ppro 210#",1709325,F
9/30/1999,"400013 Kit, Ppro 210# XTLU",1706981,F
9/30/1999,95145 410 Power Rod Upgrade (PP Mot),1709384,T
9/30/1999,"400016 Kit, Ppro 310# XTLU",1709384,F
9/30/1999,"400001 Kit, Ppro 310#",1709347,F
9/30/1999,"400008 Kit, Ppro 310# XT",1709341,F
9/30/1999,"400011 Kit, Ppro 210# XTL",1706967,F
9/30/1999,"400013 Kit, Ppro 210# XTLU",1706978,F
9/30/1999,"400013 Kit, Ppro 210# XTLU",1709337,F
9/30/1999,"400008 Kit, Ppro 310# XT",1706952,F
9/30/1999,"400000 Kit, Ppro 210#",1706996,F
9/30/1999,"400009 Kit, Ppro 310# XTL",1709363,F
9/30/1999,"400011 Kit, Ppro 210# XTL",1706954,F
9/30/1999,"400013 Kit, Ppro 210# XTLU",1709321,F
9/30/1999,"400008 Kit, Ppro 310# XT",1709327,F
9/30/1999,"400010 Kit, Ppro 210# XT",1706986,F
9/30/1999,"400000 Kit, Ppro 210#",1706948,F
9/30/1999,"400016 Kit, Ppro 310# XTLU",1706988,F
9/30/1999,95145 410 Power Rod Upgrade (PP Mot),1706988,T
9/30/1999,"400001 Kit, Ppro 310#",1709335,F
9/30/1999,"400008 Kit, Ppro 310# XT",1706960,F
9/30/1999,"400010 Kit, Ppro 210# XT",1709360,F
9/30/1999,"400006 Kit, Motivator 210# XT",1706972,F
9/30/1999,"400001 Kit, Ppro 310#",1706999,F
9/30/1999,"400008 Kit, Ppro 310# XT",1709343,F
9/30/1999,"400010 Kit, Ppro 210# XT",1706992,F
9/30/1999,"400010 Kit, Ppro 210# XT",1706942,F
9/30/1999,"400013 Kit, Ppro 210# XTLU",1709331,F
9/30/1999,"400016 Kit, Ppro 310# XTLU",1709354,F
9/18/1999,95145 410 Power Rod Upgrade (PP Mot),1709349,T
7/25/1999,95146 BFX 310# Rod Upgrade,1708195,F
7/25/1999,95145 410 Power Rod Upgrade (PP Mot),1708195,T
7/25/1999,"400013 Kit, Ppro 210# XTLU",1708195,F
7/25/1999,"400010 Kit, Ppro 210# XT",1708157,F
7/25/1999,"400010 Kit, Ppro 210# XT",1708146,F
7/25/1999,"400000 Kit, Ppro 210#",1708130,F
7/25/1999,"400010 Kit, Ppro 210# XT",1708207,F
7/25/1999,95145 410 Power Rod Upgrade (PP Mot),1708207,T
7/25/1999,95146 BFX 310# Rod Upgrade,1708207,F
7/25/1999,"400012 Kit, Ppro 210# XL",1708142,F
7/25/1999,"400011 Kit, Ppro 210# XTL",1708119,F
6/30/1999,"400010 Kit, Ppro 210# XT",1707704,F
6/30/1999,95146 BFX 310# Rod Upgrade,1707659,F
6/30/1999,"400013 Kit, Ppro 210# XTLU",1707659,F
6/30/1999,"400000 Kit, Ppro 210#",1707684,F
6/30/1999,"400015 Kit, Motivator 210# XTL",1707636,F
6/7/1999,"400010 Kit, Ppro 210# XT",1708414,F
6/7/1999,"400010 Kit, Ppro 210# XT",1708324,F
4/11/1999,"400010 Kit, Ppro 210# XT",1707701,F
3/17/1999,"400000 Kit, Ppro 210#",1707366,F
3/17/1999,90642 Kit  Ppro T-Bar & Foot Hrns,1707318,F
3/17/1999,"400011 Kit, Ppro 210# XTL",1707357,F
1/23/1999,90642 Kit  Ppro T-Bar & Foot Hrns,1708233,F
1/23/1999,"400010 Kit, Ppro 210# XT",1708280,F
12/28/1998,95146 BFX 310# Rod Upgrade,1708370,F
12/28/1998,95145 410 Power Rod Upgrade (PP Mot),1708370,T
12/28/1998,"400011 Kit, Ppro 210# XTL",1708370,F
12/28/1998,"400000 Kit, Ppro 210#",1708376,F
12/28/1998,95146 BFX 310# Rod Upgrade,1708376,F
11/27/1998,"400000 Kit, Ppro 210#",1707710,F
11/27/1998,"400011 Kit, Ppro 210# XTL",1707680,F
11/27/1998,"400011 Kit, Ppro 210# XTL",1707647,F
11/4/1998,"400000 Kit, Ppro 210#",1708952,F
11/4/1998,"400012 Kit, Ppro 210# XL",1709016,F
11/4/1998,"400010 Kit, Ppro 210# XT",1708962,F
11/4/1998,"400010 Kit, Ppro 210# XT",1708994,F
11/4/1998,"400010 Kit, Ppro 210# XT",1708971,F
11/4/1998,"400011 Kit, Ppro 210# XTL",1708923,F
11/4/1998,95146 BFX 310# Rod Upgrade,1708923,F
11/4/1998,"400012 Kit, Ppro 210# XL",1708997,F
11/4/1998,"400012 Kit, Ppro 210# XL",1709004,F
10/8/1998,40203 Bowflex T-Shirt - XL,1707732,T
10/8/1998,"400013 Kit, Ppro 210# XTLU",1707732,F
10/8/1998,95146 BFX 310# Rod Upgrade,1707732,F
10/8/1998,95145 410 Power Rod Upgrade (PP Mot),1707732,T
10/8/1998,"400010 Kit, Ppro 210# XT",1707742,F
8/31/1998,95146 BFX 310# Rod Upgrade,1706998,F
8/31/1998,"400013 Kit, Ppro 210# XTLU",1706998,F
8/31/1998,95145 410 Power Rod Upgrade (PP Mot),1706998,T
8/31/1998,95146 BFX 310# Rod Upgrade,1706979,F
8/31/1998,95145 410 Power Rod Upgrade (PP Mot),1706979,T
8/31/1998,"400000 Kit, Ppro 210#",1706979,F
8/31/1998,95146 BFX 310# Rod Upgrade,1709320,F
8/31/1998,"400011 Kit, Ppro 210# XTL",1709320,F
8/31/1998,"400010 Kit, Ppro 210# XT",1706989,F
8/31/1998,95146 BFX 310# Rod Upgrade,1706989,F
8/31/1998,95146 BFX 310# Rod Upgrade,1709385,F
8/31/1998,"400013 Kit, Ppro 210# XTLU",1709385,F
8/31/1998,95146 BFX 310# Rod Upgrade,1709334,F
8/31/1998,95145 410 Power Rod Upgrade (PP Mot),1709334,T
8/31/1998,"400011 Kit, Ppro 210# XTL",1709334,F
8/31/1998,95146 BFX 310# Rod Upgrade,1706963,F
8/31/1998,"400010 Kit, Ppro 210# XT",1706963,F
8/31/1998,95146 BFX 310# Rod Upgrade,1706930,F
8/31/1998,"400010 Kit, Ppro 210# XT",1706930,F
8/31/1998,"400010 Kit, Ppro 210# XT",1709353,F
8/31/1998,"400011 Kit, Ppro 210# XTL",1709338,F
8/31/1998,"400006 Kit, Motivator 210# XT",1706937,F
8/31/1998,"400010 Kit, Ppro 210# XT",1709362,F
8/31/1998,"400011 Kit, Ppro 210# XTL",1706982,F
8/9/1998,"400013 Kit, Ppro 210# XTLU",1708345,F
8/9/1998,"400010 Kit, Ppro 210# XT",1708333,F
7/7/1998,90672 Ppro Lat Attachment,1707223,T
7/7/1998,90642 Kit  Ppro T-Bar & Foot Hrns,1707223,F
7/7/1998,95146 BFX 310# Rod Upgrade,1707290,F
7/7/1998,"400010 Kit, Ppro 210# XT",1707290,F
7/7/1998,90642 Kit  Ppro T-Bar & Foot Hrns,1707290,F
7/7/1998,"400011 Kit, Ppro 210# XTL",1707299,F
7/7/1998,"400013 Kit, Ppro 210# XTLU",1707268,F
7/7/1998,"400010 Kit, Ppro 210# XT",1707269,F
7/7/1998,"400011 Kit, Ppro 210# XTL",1707253,F
6/4/1998,95164 Rod  30# Quad Test w  S&C,1707065,T
5/30/1998,"400012 Kit, Ppro 210# XL",1708561,F
5/30/1998,"400010 Kit, Ppro 210# XT",1708589,F
5/30/1998,95146 BFX 310# Rod Upgrade,1708589,F
5/30/1998,95145 410 Power Rod Upgrade (PP Mot),1708557,T
5/30/1998,"400000 Kit, Ppro 210#",1708543,F
5/30/1998,90642 Kit  Ppro T-Bar & Foot Hrns,1708528,F
5/30/1998,95146 BFX 310# Rod Upgrade,1708528,F
5/30/1998,"400011 Kit, Ppro 210# XTL",1708552,F
4/15/1998,"400015 Kit, Motivator 210# XTL",1708822,F
4/15/1998,90145 Rod  w Block 30# Pre 95,1708834,T
3/1/1998,"400010 Kit, Ppro 210# XT",1707445,F
3/1/1998,95146 BFX 310# Rod Upgrade,1707450,F
3/1/1998,"400010 Kit, Ppro 210# XT",1707450,F
3/1/1998,"400013 Kit, Ppro 210# XTLU",1707432,F
3/1/1998,95146 BFX 310# Rod Upgrade,1707432,F
3/1/1998,"400011 Kit, Ppro 210# XTL",1707438,F
3/1/1998,"400011 Kit, Ppro 210# XTL",1707455,F
1/7/1998,"400011 Kit, Ppro 210# XTL",1707718,F
1/7/1998,"400010 Kit, Ppro 210# XT",1707756,F
11/6/1997,"400000 Kit, Ppro 210#",1707733,F
11/6/1997,"400000 Kit, Ppro 210#",1707758,F
11/6/1997,95146 BFX 310# Rod Upgrade,1707758,F
11/6/1997,95145 410 Power Rod Upgrade (PP Mot),1707758,T
10/16/1997,"400000 Kit, Ppro 210#",1708481,F
10/16/1997,90128 3 8x3 Z Threaded Knob,1708422,T
8/19/1997,"400010 Kit, Ppro 210# XT",1707095,F
7/23/1997,"95062 Manual, Ppro Owner's",1709117,T
7/7/1997,95146 BFX 310# Rod Upgrade,1707631,F
7/7/1997,90642 Kit  Ppro T-Bar & Foot Hrns,1707631,F
7/7/1997,"400011 Kit, Ppro 210# XTL",1707631,F
1/14/1997,"400000 Kit, Ppro 210#",1709260,F
