Treadclimber,CAM38842 dosg2tsl27,9/19/2014,9/19/2014,9/15/2014,19,Online Search,Web
Treadclimber,CAM38842 dosg2tsl27,,9/19/2014,9/15/2014,1,Online Search,Web
Treadclimber,CAM38842 dosg2tsl27,9/20/2014,9/20/2014,9/15/2014,10,Online Search,Web
Treadclimber,CAM38842 dosg2tsl27,,9/20/2014,9/15/2014,1,Online Search,Web
Treadclimber,CAM38842 dosg2tsl27,9/21/2014,9/21/2014,9/15/2014,21,Online Search,Web
Treadclimber,CAM39442 dosbitgl1tc,,9/15/2014,9/15/2014,2,Online Search,Web
Treadclimber,CAM39442 dosbitgl1tc,,9/16/2014,9/15/2014,3,Online Search,Web
Treadclimber,CAM39442 dosbitgl1tc,,9/17/2014,9/15/2014,1,Online Search,Web
Treadclimber,CAM39442 dosbitgl1tc,,9/18/2014,9/15/2014,1,Online Search,Web
Treadclimber,CAM39442 dosbitgl1tc,9/19/2014,9/19/2014,9/15/2014,1,Online Search,Web
Treadclimber,CAM39442 dosbitgl1tc,,9/20/2014,9/15/2014,2,Online Search,Web
Treadclimber,CAM39442 dosbitgl1tc,9/21/2014,9/21/2014,9/15/2014,1,Online Search,Web
Treadclimber,CAM39442 dosbitgl1tc,,9/21/2014,9/15/2014,1,Online Search,Web
Treadclimber,CAM43666 dosg2tmobile4,9/15/2014,9/15/2014,9/15/2014,6,Online Search,Web
Treadclimber,CAM43666 dosg2tmobile4,,9/15/2014,9/15/2014,4,Online Search,Web
Treadclimber,CAM43666 dosg2tmobile4,9/16/2014,9/16/2014,9/15/2014,15,Online Search,Web
Treadclimber,CAM43666 dosg2tmobile4,9/17/2014,9/16/2014,9/15/2014,1,Online Search,Web
Treadclimber,CAM43666 dosg2tmobile4,,9/16/2014,9/15/2014,1,Online Search,Web
Treadclimber,CAM43666 dosg2tmobile4,9/17/2014,9/17/2014,9/15/2014,4,Online Search,Web
Treadclimber,CAM43666 dosg2tmobile4,,9/17/2014,9/15/2014,1,Online Search,Web
Treadclimber,CAM43666 dosg2tmobile4,9/18/2014,9/18/2014,9/15/2014,7,Online Search,Web
Treadclimber,CAM43666 dosg2tmobile4,,9/18/2014,9/15/2014,3,Online Search,Web
Treadclimber,CAM43666 dosg2tmobile4,9/19/2014,9/19/2014,9/15/2014,9,Online Search,Web
Treadclimber,CAM43666 dosg2tmobile4,11/11/2014,9/19/2014,9/15/2014,1,Online Search,Web
Treadclimber,CAM43666 dosg2tmobile4,9/20/2014,9/20/2014,9/15/2014,8,Online Search,Web
Treadclimber,CAM43666 dosg2tmobile4,10/1/2014,9/20/2014,9/15/2014,1,Online Search,Web
Treadclimber,CAM43666 dosg2tmobile4,,9/20/2014,9/15/2014,3,Online Search,Web
Treadclimber,CAM43666 dosg2tmobile4,9/21/2014,9/21/2014,9/15/2014,6,Online Search,Web
Treadclimber,CAM43666 dosg2tmobile4,9/28/2014,9/21/2014,9/15/2014,1,Online Search,Web
Treadclimber,CAM43666 dosg2tmobile4,,9/21/2014,9/15/2014,6,Online Search,Web
Treadclimber,CAM43667 dosg2tmobile5,9/15/2014,9/15/2014,9/15/2014,14,Online Search,Web
Treadclimber,CAM43667 dosg2tmobile5,,9/15/2014,9/15/2014,1,Online Search,Web
Treadclimber,CAM43667 dosg2tmobile5,9/16/2014,9/16/2014,9/15/2014,14,Online Search,Web
Treadclimber,CAM43667 dosg2tmobile5,9/17/2014,9/17/2014,9/15/2014,12,Online Search,Web
Treadclimber,CAM43667 dosg2tmobile5,9/18/2014,9/18/2014,9/15/2014,10,Online Search,Web
Treadclimber,CAM43667 dosg2tmobile5,9/19/2014,9/19/2014,9/15/2014,26,Online Search,Web
Treadclimber,CAM43667 dosg2tmobile5,9/20/2014,9/20/2014,9/15/2014,11,Online Search,Web
Treadclimber,CAM43667 dosg2tmobile5,9/21/2014,9/21/2014,9/15/2014,9,Online Search,Web
Treadclimber,CAM43804 dosg2tmobile6,9/15/2014,9/15/2014,9/15/2014,4,Online Search,Web
Treadclimber,CAM43804 dosg2tmobile6,9/16/2014,9/16/2014,9/15/2014,2,Online Search,Web
Treadclimber,CAM43804 dosg2tmobile6,,9/16/2014,9/15/2014,1,Online Search,Web
Treadclimber,CAM43804 dosg2tmobile6,9/17/2014,9/17/2014,9/15/2014,3,Online Search,Web
Treadclimber,CAM43804 dosg2tmobile6,,9/17/2014,9/15/2014,2,Online Search,Web
Treadclimber,CAM43804 dosg2tmobile6,9/18/2014,9/18/2014,9/15/2014,2,Online Search,Web
Treadclimber,CAM43804 dosg2tmobile6,,9/18/2014,9/15/2014,1,Online Search,Web
Treadclimber,CAM43804 dosg2tmobile6,9/19/2014,9/19/2014,9/15/2014,2,Online Search,Web
Treadclimber,CAM43804 dosg2tmobile6,9/20/2014,9/20/2014,9/15/2014,1,Online Search,Web
Treadclimber,CAM43804 dosg2tmobile6,,9/20/2014,9/15/2014,2,Online Search,Web
Treadclimber,CAM43804 dosg2tmobile6,9/21/2014,9/21/2014,9/15/2014,5,Online Search,Web
Treadclimber,CAM43804 dosg2tmobile6,,9/21/2014,9/15/2014,1,Online Search,Web
Treadclimber,CAM44065 SAWDOSG2TMOBILE2,9/18/2014,9/18/2014,9/15/2014,1,Online Search,Call Center Internal
Treadclimber,CAM44065 SAWDOSG2TMOBILE2,9/21/2014,9/21/2014,9/15/2014,1,Online Search,Third Party Call Center - Evolve
Treadclimber,CAM44108 dosbitsl13,9/15/2014,9/15/2014,9/15/2014,2,Online Search,Web
Treadclimber,CAM44108 dosbitsl13,9/21/2014,9/15/2014,9/15/2014,1,Online Search,Web
Treadclimber,CAM44108 dosbitsl13,9/16/2014,9/16/2014,9/15/2014,1,Online Search,Web
Treadclimber,CAM44108 dosbitsl13,9/17/2014,9/17/2014,9/15/2014,4,Online Search,Web
Treadclimber,CAM44108 dosbitsl13,9/18/2014,9/18/2014,9/15/2014,1,Online Search,Web
Treadclimber,CAM44108 dosbitsl13,9/19/2014,9/19/2014,9/15/2014,5,Online Search,Web
Treadclimber,CAM44108 dosbitsl13,9/20/2014,9/20/2014,9/15/2014,3,Online Search,Web
Treadclimber,CAM44108 dosbitsl13,9/21/2014,9/21/2014,9/15/2014,1,Online Search,Web
Treadclimber,CAM44223 SAWDOSBIE,,9/15/2014,9/15/2014,1,Online Search,Call Center Internal
Treadclimber,CAM44223 SAWDOSBIE,,9/17/2014,9/15/2014,1,Online Search,Call Center Internal
Treadclimber,CAM44223 SAWDOSBIE,,9/18/2014,9/15/2014,2,Online Search,Call Center Internal
Treadclimber,CAM44223 SAWDOSBIE,,9/20/2014,9/15/2014,1,Online Search,Call Center Internal
Treadclimber,CAM44230 SAWDOSG2E,,9/16/2014,9/15/2014,1,Online Search,Call Center Internal
Treadclimber,CAM44230 SAWDOSG2E,,9/17/2014,9/15/2014,2,Online Search,Call Center Internal
Treadclimber,CAM44230 SAWDOSG2E,,9/20/2014,9/15/2014,1,Online Search,Third Party Call Center - Evolve
Treadclimber,CAM44429 dosbiesl1,,9/19/2014,9/15/2014,1,Online Search,Web
Treadclimber,CAM44429 dosbiesl1,,9/21/2014,9/15/2014,1,Online Search,Web
Treadclimber,CAM44435 dosg2egl1mx,,9/16/2014,9/15/2014,1,Online Search,Web
Treadclimber,CAM44497 dosg2esl1,,9/15/2014,9/15/2014,1,Online Search,Web
Treadclimber,CAM44497 dosg2esl1,,9/16/2014,9/15/2014,1,Online Search,Web
Treadclimber,CAM44497 dosg2esl1,,9/20/2014,9/15/2014,1,Online Search,Web
Treadclimber,CAM45122 SAWDOSBIE_TRC,,9/20/2014,9/15/2014,1,Online Search,Call Center Internal
Treadclimber,CAM45853 DOSBITSL16,9/15/2014,9/15/2014,9/15/2014,3,Online Search,Web
Treadclimber,CAM45853 DOSBITSL16,,9/15/2014,9/15/2014,1,Online Search,Web
Treadclimber,CAM45853 DOSBITSL16,9/16/2014,9/16/2014,9/15/2014,5,Online Search,Web
Treadclimber,CAM45853 DOSBITSL16,9/17/2014,9/17/2014,9/15/2014,2,Online Search,Web
Treadclimber,CAM45853 DOSBITSL16,9/18/2014,9/18/2014,9/15/2014,2,Online Search,Web
Treadclimber,CAM45853 DOSBITSL16,9/19/2014,9/19/2014,9/15/2014,2,Online Search,Web
Treadclimber,CAM45853 DOSBITSL16,9/20/2014,9/20/2014,9/15/2014,1,Online Search,Web
Treadclimber,CAM45853 DOSBITSL16,9/21/2014,9/21/2014,9/15/2014,1,Online Search,Web
Treadclimber,CAM32080 SAWDOFG2G,,9/15/2014,9/15/2014,1,Online Shopping,Call Center Internal
Treadclimber,CAM32080 SAWDOFG2G,,9/21/2014,9/15/2014,1,Online Shopping,Call Center Internal
Treadclimber,CAM32123 dofg2tfeed1,9/15/2014,9/15/2014,9/15/2014,4,Online Shopping,Web
Treadclimber,CAM32123 dofg2tfeed1,,9/15/2014,9/15/2014,3,Online Shopping,Web
Treadclimber,CAM32123 dofg2tfeed1,9/16/2014,9/16/2014,9/15/2014,4,Online Shopping,Web
Treadclimber,CAM32123 dofg2tfeed1,9/28/2014,9/16/2014,9/15/2014,1,Online Shopping,Web
Treadclimber,CAM32123 dofg2tfeed1,,9/16/2014,9/15/2014,5,Online Shopping,Web
Treadclimber,CAM32123 dofg2tfeed1,9/17/2014,9/17/2014,9/15/2014,2,Online Shopping,Web
Treadclimber,CAM32123 dofg2tfeed1,,9/17/2014,9/15/2014,2,Online Shopping,Web
Treadclimber,CAM32123 dofg2tfeed1,9/18/2014,9/18/2014,9/15/2014,4,Online Shopping,Web
Treadclimber,CAM32123 dofg2tfeed1,9/19/2014,9/19/2014,9/15/2014,5,Online Shopping,Web
Treadclimber,CAM32123 dofg2tfeed1,,9/19/2014,9/15/2014,2,Online Shopping,Web
Treadclimber,CAM32123 dofg2tfeed1,,9/20/2014,9/15/2014,3,Online Shopping,Web
Treadclimber,CAM32123 dofg2tfeed1,9/21/2014,9/21/2014,9/15/2014,3,Online Shopping,Web
Treadclimber,CAM32123 dofg2tfeed1,,9/21/2014,9/15/2014,2,Online Shopping,Web
Treadclimber,CAM32125 dofnexttfeed1,9/15/2014,9/15/2014,9/15/2014,1,Online Shopping,Web
Treadclimber,CAM32125 dofnexttfeed1,,9/20/2014,9/15/2014,1,Online Shopping,Web
Treadclimber,CAM32125 dofnexttfeed1,,9/21/2014,9/15/2014,1,Online Shopping,Web
Treadclimber,CAM32126 dofpgtfeed1,,9/15/2014,9/15/2014,1,Online Shopping,Web
Treadclimber,CAM33953 SAWDOFG2C,,9/19/2014,9/15/2014,1,Online Shopping,Call Center Internal
Treadclimber,CAM33966 dofg2cfeed1,,9/15/2014,9/15/2014,1,Online Shopping,Web
Treadclimber,CAM33966 dofg2cfeed1,,9/16/2014,9/15/2014,1,Online Shopping,Web
Treadclimber,CAM33966 dofg2cfeed1,,9/20/2014,9/15/2014,1,Online Shopping,Web
Treadclimber,CAM33966 dofg2cfeed1,,9/21/2014,9/15/2014,4,Online Shopping,Web
Treadclimber,CAM33968 dofpgcfeed1,,9/16/2014,9/15/2014,1,Online Shopping,Web
Treadclimber,CAM44450 dofbitfeed2,10/4/2014,9/18/2014,9/15/2014,1,Online Shopping,Web
Treadclimber,CAM44482 dofcattfeed1,9/17/2014,9/17/2014,9/15/2014,1,Online Shopping,Web
Treadclimber,CAM44887 dofg2efeed1,,9/16/2014,9/15/2014,1,Online Shopping,Web
Treadclimber,CAM45043 SAWDOFG2E,,9/17/2014,9/15/2014,2,Online Shopping,Call Center Internal
Treadclimber,CAM44493 doxfbtwow,9/16/2014,9/16/2014,9/15/2014,1,Online Social,Web
Treadclimber,CAM39152 dovhulutvl1,9/15/2014,9/15/2014,9/15/2014,1,Online Video,Web
Treadclimber,CAM39152 dovhulutvl1,9/21/2014,9/21/2014,9/15/2014,2,Online Video,Web
Treadclimber,CAM45534 DOVSTKTMVL2,9/15/2014,9/15/2014,9/15/2014,3,Online Video,Web
Treadclimber,CAM45534 DOVSTKTMVL2,9/16/2014,9/15/2014,9/15/2014,1,Online Video,Web
Treadclimber,CAM45534 DOVSTKTMVL2,9/16/2014,9/16/2014,9/15/2014,3,Online Video,Web
Treadclimber,CAM45534 DOVSTKTMVL2,9/18/2014,9/18/2014,9/15/2014,5,Online Video,Web
Treadclimber,CAM45534 DOVSTKTMVL2,9/19/2014,9/19/2014,9/15/2014,1,Online Video,Web
Treadclimber,CAM45534 DOVSTKTMVL2,9/20/2014,9/20/2014,9/15/2014,1,Online Video,Web
Treadclimber,CAM45534 DOVSTKTMVL2,9/21/2014,9/21/2014,9/15/2014,2,Online Video,Web
Treadclimber,CAM30938 SHOPTEXTWALK,9/15/2014,9/15/2014,9/15/2014,1,Other - Agency,Shoptext
Treadclimber,CAM30938 SHOPTEXTWALK,9/16/2014,9/16/2014,9/15/2014,2,Other - Agency,Shoptext
Treadclimber,CAM30938 SHOPTEXTWALK,9/18/2014,9/18/2014,9/15/2014,2,Other - Agency,Shoptext
Treadclimber,CAM30938 SHOPTEXTWALK,9/19/2014,9/19/2014,9/15/2014,2,Other - Agency,Shoptext
Treadclimber,CAM41285 deotshoptextstep,9/20/2014,9/20/2014,9/15/2014,1,Other - Agency,Web
Treadclimber,CAM41286 deotshoptextwalk,9/16/2014,9/16/2014,9/15/2014,2,Other - Agency,Web
Treadclimber,CAM24151 MAXFITADDVAL,,9/21/2014,9/15/2014,1,Print,Call Center Internal
Treadclimber,CAM34918 P0311WOMDYAPRIL,,9/17/2014,9/15/2014,1,Print,Call Center Internal
Treadclimber,CAM35012 P0511WOMDAY5500,9/16/2014,9/16/2014,9/15/2014,1,Print,Call Center Internal
Treadclimber,CAM35155 P0611SHAPE5500,,9/20/2014,9/15/2014,1,Print,Call Center Internal
Treadclimber,CAM37144 P0912WDAYTC20D,9/17/2014,9/17/2014,9/15/2014,1,Print,Call Center Internal
Treadclimber,CAM39303 P0813FAMCIRTC20B,9/17/2014,9/17/2014,9/15/2014,1,Print,Call Center Internal
Treadclimber,CAM41335 P0114HLTHTC20B,10/8/2014,9/19/2014,9/15/2014,1,Print,Third Party Call Center - Evolve
Treadclimber,CAM43748 P0214DIABETTC20B,9/16/2014,9/16/2014,9/15/2014,1,Print,Call Center Internal
Treadclimber,CAM43749 P0314WEWATCH20B,9/20/2014,9/20/2014,9/15/2014,1,Print,Call Center Internal
Treadclimber,CAM45013 P0614WEBMDTC20B,9/16/2014,9/16/2014,9/15/2014,1,Print,Third Party Call Center - Evolve
Treadclimber,CAM45121 P0614RRAYONSRT,9/18/2014,9/18/2014,9/15/2014,1,Print,Call Center Internal
Treadclimber,CAM45467 P0814FAMCIRONSRT,,9/18/2014,9/15/2014,1,Print,Call Center Internal
Treadclimber,CAM45468 P0914RRAYONSRT,11/6/2014,9/15/2014,9/15/2014,1,Print,Call Center Internal
Treadclimber,CAM45468 P0914RRAYONSRT,9/16/2014,9/16/2014,9/15/2014,1,Print,Call Center Internal
Treadclimber,CAM45468 P0914RRAYONSRT,9/18/2014,9/18/2014,9/15/2014,1,Print,Call Center Internal
Treadclimber,CAM45468 P0914RRAYONSRT,9/20/2014,9/20/2014,9/15/2014,1,Print,Call Center Internal
Treadclimber,CAM45553 P0914WWATCHTC20B,9/16/2014,9/16/2014,9/15/2014,1,Print,Call Center Internal
Treadclimber,CAM45554 P0914WWATCHTC20C,9/16/2014,9/16/2014,9/15/2014,1,Print,Call Center Internal
Treadclimber,CAM45555 P08141STWMNCOLL,9/15/2014,9/15/2014,9/15/2014,1,Print,Call Center Internal
Treadclimber,CAM1 ****N5MNBWAP5***_TRC,,9/20/2014,9/15/2014,1,Short Form,Call Center Internal
Treadclimber,CAM30011 HALMN120MUBTC***,9/16/2014,9/16/2014,9/15/2014,1,Short Form,Call Center Internal
Treadclimber,CAM35680 INTELEMEDIACA,9/19/2014,9/19/2014,9/15/2014,1,Short Form,Call Center Internal
Treadclimber,CAM35840 METVN120TSTOR***,9/16/2014,9/16/2014,9/15/2014,1,Short Form,Call Center Internal
Treadclimber,CAM38782 USALN60*FLOOPTIC,9/17/2014,9/17/2014,9/15/2014,1,Short Form,Call Center Internal
Treadclimber,CAM39671 BIO*N180JRNEYTIC,9/15/2014,9/15/2014,9/15/2014,1,Short Form,Call Center Internal
Treadclimber,CAM39679 HIS2N180JRNEYTIC,,9/19/2014,9/15/2014,1,Short Form,Call Center Internal
Treadclimber,CAM41122 CLASP60*JRNEYWST,9/18/2014,9/18/2014,9/15/2014,2,Short Form,Third Party Call Center - West
Treadclimber,CAM44282 FOODL60*JNY2HTIC,9/18/2014,9/18/2014,9/15/2014,1,Short Form,Third Party Call Center - West
Treadclimber,CAM44321 ION*N120JNYNYTIC,9/19/2014,9/19/2014,9/15/2014,2,Short Form,Call Center Internal
Treadclimber,CAM44321 ION*N120JNYNYTIC,,9/21/2014,9/15/2014,1,Short Form,Call Center Internal
Treadclimber,CAM44371 HGTVL60*GRT2HTIC,9/17/2014,9/17/2014,9/15/2014,1,Short Form,Call Center Internal
Treadclimber,CAM44376 LIFLL60*GRT2HTIC,9/16/2014,9/16/2014,9/15/2014,1,Short Form,Call Center Internal
Treadclimber,CAM44376 LIFLL60*GRT2HTIC,9/17/2014,9/17/2014,9/15/2014,1,Short Form,Call Center Internal
Treadclimber,CAM44380 OWN*L60*GRT2HTIC,9/16/2014,9/16/2014,9/15/2014,1,Short Form,Call Center Internal
Treadclimber,CAM44381 LMN*L60*GRT2HTIC,9/16/2014,9/16/2014,9/15/2014,1,Short Form,Call Center Internal
Treadclimber,CAM44392 HGTVN60*GRT2HTIC,9/18/2014,9/18/2014,9/15/2014,1,Short Form,Call Center Internal
Treadclimber,CAM44393 TNTLL60*GRT2HTIC,9/16/2014,9/16/2014,9/15/2014,1,Short Form,Call Center Internal
Treadclimber,CAM44434 USA*N60*GRT2HTIC,9/18/2014,9/18/2014,9/15/2014,1,Short Form,Call Center Internal
Treadclimber,CAM44468 TNT*N60*GRT2HTIC,9/18/2014,9/18/2014,9/15/2014,1,Short Form,Call Center Internal
Treadclimber,CAM44491 VEL*N120BFMAXTIC,,9/18/2014,9/15/2014,1,Short Form,Call Center Internal
Treadclimber,CAM44491 VEL*N120BFMAXTIC,,9/17/2014,9/15/2014,1,Short Form,Third Party Call Center - Evolve
Treadclimber,CAM44498 SUNDN120BFMAXTIC,,9/15/2014,9/15/2014,1,Short Form,Call Center Internal
Treadclimber,CAM44623 WGN*N120GRT2HTIC,9/15/2014,9/15/2014,9/15/2014,1,Short Form,Call Center Internal
Treadclimber,CAM44818 CM24P120GRT2HWST,9/16/2014,9/16/2014,9/15/2014,3,Short Form,Third Party Call Center - West
Treadclimber,CAM44818 CM24P120GRT2HWST,9/18/2014,9/18/2014,9/15/2014,1,Short Form,Third Party Call Center - West
Treadclimber,CAM44826 CMGCP60*GRT2HWST,9/15/2014,9/15/2014,9/15/2014,1,Short Form,Third Party Call Center - West
Treadclimber,CAM44826 CMGCP60*GRT2HWST,9/16/2014,9/16/2014,9/15/2014,3,Short Form,Third Party Call Center - West
Treadclimber,CAM44826 CMGCP60*GRT2HWST,9/18/2014,9/18/2014,9/15/2014,1,Short Form,Third Party Call Center - West
Treadclimber,CAM44826 CMGCP60*GRT2HWST,9/20/2014,9/20/2014,9/15/2014,1,Short Form,Third Party Call Center - West
Treadclimber,CAM44826 CMGCP60*GRT2HWST,9/21/2014,9/21/2014,9/15/2014,2,Short Form,Third Party Call Center - West
Treadclimber,CAM44827 CMGDP60*GRT2HWST,9/15/2014,9/15/2014,9/15/2014,2,Short Form,Third Party Call Center - West
Treadclimber,CAM44827 CMGDP60*GRT2HWST,9/16/2014,9/16/2014,9/15/2014,1,Short Form,Third Party Call Center - West
Treadclimber,CAM44827 CMGDP60*GRT2HWST,9/29/2014,9/16/2014,9/15/2014,1,Short Form,Third Party Call Center - West
Treadclimber,CAM44827 CMGDP60*GRT2HWST,9/17/2014,9/17/2014,9/15/2014,3,Short Form,Third Party Call Center - West
Treadclimber,CAM44827 CMGDP60*GRT2HWST,9/18/2014,9/18/2014,9/15/2014,1,Short Form,Third Party Call Center - West
Treadclimber,CAM44827 CMGDP60*GRT2HWST,9/20/2014,9/20/2014,9/15/2014,1,Short Form,Third Party Call Center - West
Treadclimber,CAM44827 CMGDP60*GRT2HWST,9/21/2014,9/21/2014,9/15/2014,1,Short Form,Third Party Call Center - West
Treadclimber,CAM44832 CM22P120GRT2HWST,9/15/2014,9/15/2014,9/15/2014,1,Short Form,Third Party Call Center - West
Treadclimber,CAM44832 CM22P120GRT2HWST,9/17/2014,9/17/2014,9/15/2014,1,Short Form,Third Party Call Center - West
Treadclimber,CAM44832 CM22P120GRT2HWST,9/19/2014,9/19/2014,9/15/2014,1,Short Form,Third Party Call Center - West
Treadclimber,CAM44925 FOX*NVODGRT2HTIC,9/21/2014,9/21/2014,9/15/2014,1,Short Form,Call Center Internal
Treadclimber,CAM44936 GAMEN120BOOMRTIC,9/15/2014,9/15/2014,9/15/2014,1,Short Form,Third Party Call Center - Evolve
Treadclimber,CAM44939 HALMN120BOOMRTIC,9/17/2014,9/17/2014,9/15/2014,1,Short Form,Third Party Call Center - Evolve
Treadclimber,CAM44940 HALMN120GRT2HTIC,9/18/2014,9/18/2014,9/15/2014,1,Short Form,Call Center Internal
Treadclimber,CAM44944 HIS2N180GRT2HTIC,9/16/2014,9/16/2014,9/15/2014,2,Short Form,Call Center Internal
Treadclimber,CAM44944 HIS2N180GRT2HTIC,9/18/2014,9/18/2014,9/15/2014,2,Short Form,Call Center Internal
Treadclimber,CAM44944 HIS2N180GRT2HTIC,9/19/2014,9/19/2014,9/15/2014,4,Short Form,Call Center Internal
Treadclimber,CAM44944 HIS2N180GRT2HTIC,9/19/2014,9/19/2014,9/15/2014,1,Short Form,Third Party Call Center - West
Treadclimber,CAM44963 FOXNN120GRT2HTIC,9/15/2014,9/15/2014,9/15/2014,1,Short Form,Call Center Internal
Treadclimber,CAM44963 FOXNN120GRT2HTIC,9/17/2014,9/17/2014,9/15/2014,2,Short Form,Third Party Call Center - Evolve
Treadclimber,CAM44963 FOXNN120GRT2HTIC,9/20/2014,9/20/2014,9/15/2014,2,Short Form,Third Party Call Center - Evolve
Treadclimber,CAM44963 FOXNN120GRT2HTIC,,9/20/2014,9/15/2014,1,Short Form,Third Party Call Center - Evolve
Treadclimber,CAM44963 FOXNN120GRT2HTIC,9/21/2014,9/21/2014,9/15/2014,1,Short Form,Third Party Call Center - Evolve
Treadclimber,CAM44963 FOXNN120GRT2HTIC,9/18/2014,9/18/2014,9/15/2014,1,Short Form,Third Party Call Center - West
Treadclimber,CAM44963 FOXNN120GRT2HTIC,9/20/2014,9/20/2014,9/15/2014,1,Short Form,Third Party Call Center - West
Treadclimber,CAM44975 INSPN180GRT2HTIC,9/15/2014,9/15/2014,9/15/2014,9,Short Form,Call Center Internal
Treadclimber,CAM44975 INSPN180GRT2HTIC,9/16/2014,9/16/2014,9/15/2014,3,Short Form,Call Center Internal
Treadclimber,CAM44975 INSPN180GRT2HTIC,9/17/2014,9/17/2014,9/15/2014,2,Short Form,Call Center Internal
Treadclimber,CAM44975 INSPN180GRT2HTIC,9/18/2014,9/18/2014,9/15/2014,10,Short Form,Call Center Internal
Treadclimber,CAM44975 INSPN180GRT2HTIC,,9/18/2014,9/15/2014,2,Short Form,Call Center Internal
Treadclimber,CAM44975 INSPN180GRT2HTIC,9/19/2014,9/19/2014,9/15/2014,5,Short Form,Call Center Internal
Treadclimber,CAM44975 INSPN180GRT2HTIC,10/7/2014,9/19/2014,9/15/2014,1,Short Form,Call Center Internal
Treadclimber,CAM44975 INSPN180GRT2HTIC,9/21/2014,9/21/2014,9/15/2014,3,Short Form,Call Center Internal
Treadclimber,CAM44975 INSPN180GRT2HTIC,9/16/2014,9/16/2014,9/15/2014,1,Short Form,Third Party Call Center - Evolve
Treadclimber,CAM44975 INSPN180GRT2HTIC,9/17/2014,9/17/2014,9/15/2014,2,Short Form,Third Party Call Center - Evolve
Treadclimber,CAM44975 INSPN180GRT2HTIC,10/4/2014,9/19/2014,9/15/2014,1,Short Form,Third Party Call Center - Evolve
Treadclimber,CAM44975 INSPN180GRT2HTIC,9/21/2014,9/21/2014,9/15/2014,2,Short Form,Third Party Call Center - Evolve
Treadclimber,CAM44975 INSPN180GRT2HTIC,,9/21/2014,9/15/2014,1,Short Form,Third Party Call Center - Evolve
Treadclimber,CAM44975 INSPN180GRT2HTIC,9/18/2014,9/18/2014,9/15/2014,1,Short Form,Third Party Call Center - West
Treadclimber,CAM44976 ION*N120GRT2HTIC,9/15/2014,9/15/2014,9/15/2014,1,Short Form,Call Center Internal
Treadclimber,CAM45005 OWN*N180GRT2HTIC,9/15/2014,9/15/2014,9/15/2014,1,Short Form,Call Center Internal
Treadclimber,CAM45084 VEL*N120GRT2HTIC,9/18/2014,9/18/2014,9/15/2014,1,Short Form,Call Center Internal
Treadclimber,CAM45112 SPKEN120GENTSTIC,9/15/2014,9/15/2014,9/15/2014,6,Short Form,Call Center Internal
Treadclimber,CAM45112 SPKEN120GENTSTIC,9/16/2014,9/16/2014,9/15/2014,11,Short Form,Call Center Internal
Treadclimber,CAM45112 SPKEN120GENTSTIC,9/17/2014,9/17/2014,9/15/2014,7,Short Form,Call Center Internal
Treadclimber,CAM45112 SPKEN120GENTSTIC,9/18/2014,9/18/2014,9/15/2014,7,Short Form,Call Center Internal
Treadclimber,CAM45112 SPKEN120GENTSTIC,9/19/2014,9/19/2014,9/15/2014,9,Short Form,Call Center Internal
Treadclimber,CAM45112 SPKEN120GENTSTIC,,9/21/2014,9/15/2014,1,Short Form,Call Center Internal
Treadclimber,CAM45112 SPKEN120GENTSTIC,9/16/2014,9/16/2014,9/15/2014,1,Short Form,Third Party Call Center - Evolve
Treadclimber,CAM45112 SPKEN120GENTSTIC,9/17/2014,9/17/2014,9/15/2014,2,Short Form,Third Party Call Center - Evolve
Treadclimber,CAM45147 CMGIP60*GRT2HWST,9/19/2014,9/19/2014,9/15/2014,1,Short Form,Third Party Call Center - West
Treadclimber,CAM45163 CMGGP60*GRT2HWST,9/19/2014,9/17/2014,9/15/2014,1,Short Form,Third Party Call Center - West
Treadclimber,CAM45163 CMGGP60*GRT2HWST,9/19/2014,9/19/2014,9/15/2014,1,Short Form,Third Party Call Center - West
Treadclimber,CAM45344 PALLN120GENTSTIC,9/18/2014,9/18/2014,9/15/2014,4,Short Form,Call Center Internal
Treadclimber,CAM45344 PALLN120GENTSTIC,9/21/2014,9/21/2014,9/15/2014,2,Short Form,Call Center Internal
Treadclimber,CAM45344 PALLN120GENTSTIC,9/20/2014,9/20/2014,9/15/2014,1,Short Form,Third Party Call Center - West
Treadclimber,CAM45345 SUNDN120GENTSTIC,9/15/2014,9/15/2014,9/15/2014,1,Short Form,Call Center Internal
Treadclimber,CAM45345 SUNDN120GENTSTIC,9/16/2014,9/16/2014,9/15/2014,1,Short Form,Call Center Internal
Treadclimber,CAM45345 SUNDN120GENTSTIC,9/17/2014,9/17/2014,9/15/2014,1,Short Form,Call Center Internal
Treadclimber,CAM45345 SUNDN120GENTSTIC,9/18/2014,9/18/2014,9/15/2014,4,Short Form,Call Center Internal
Treadclimber,CAM45345 SUNDN120GENTSTIC,9/19/2014,9/19/2014,9/15/2014,3,Short Form,Call Center Internal
Treadclimber,CAM45345 SUNDN120GENTSTIC,11/12/2014,9/20/2014,9/15/2014,1,Short Form,Call Center Internal
Treadclimber,CAM45346 CMT*N120GENTSTIC,9/15/2014,9/15/2014,9/15/2014,3,Short Form,Call Center Internal
Treadclimber,CAM45346 CMT*N120GENTSTIC,9/16/2014,9/16/2014,9/15/2014,3,Short Form,Call Center Internal
Treadclimber,CAM45346 CMT*N120GENTSTIC,9/17/2014,9/17/2014,9/15/2014,2,Short Form,Call Center Internal
Treadclimber,CAM45346 CMT*N120GENTSTIC,9/18/2014,9/18/2014,9/15/2014,3,Short Form,Call Center Internal
Treadclimber,CAM45346 CMT*N120GENTSTIC,9/19/2014,9/19/2014,9/15/2014,5,Short Form,Call Center Internal
Treadclimber,CAM45346 CMT*N120GENTSTIC,9/21/2014,9/21/2014,9/15/2014,1,Short Form,Call Center Internal
Treadclimber,CAM45346 CMT*N120GENTSTIC,9/15/2014,9/15/2014,9/15/2014,1,Short Form,Third Party Call Center - Evolve
Treadclimber,CAM45346 CMT*N120GENTSTIC,9/19/2014,9/19/2014,9/15/2014,1,Short Form,Third Party Call Center - Evolve
Treadclimber,CAM45346 CMT*N120GENTSTIC,10/26/2014,9/19/2014,9/15/2014,1,Short Form,Third Party Call Center - Evolve
Treadclimber,CAM45346 CMT*N120GENTSTIC,9/19/2014,9/19/2014,9/15/2014,2,Short Form,Third Party Call Center - West
Treadclimber,CAM45350 METVN120GRT2HTIC,9/16/2014,9/16/2014,9/15/2014,11,Short Form,Call Center Internal
Treadclimber,CAM45350 METVN120GRT2HTIC,10/6/2014,9/16/2014,9/15/2014,1,Short Form,Call Center Internal
Treadclimber,CAM45350 METVN120GRT2HTIC,,9/16/2014,9/15/2014,1,Short Form,Call Center Internal
Treadclimber,CAM45350 METVN120GRT2HTIC,9/17/2014,9/17/2014,9/15/2014,1,Short Form,Call Center Internal
Treadclimber,CAM45350 METVN120GRT2HTIC,9/18/2014,9/18/2014,9/15/2014,11,Short Form,Call Center Internal
Treadclimber,CAM45350 METVN120GRT2HTIC,9/19/2014,9/19/2014,9/15/2014,3,Short Form,Call Center Internal
Treadclimber,CAM45350 METVN120GRT2HTIC,9/20/2014,9/20/2014,9/15/2014,10,Short Form,Call Center Internal
Treadclimber,CAM45350 METVN120GRT2HTIC,9/15/2014,9/15/2014,9/15/2014,2,Short Form,Third Party Call Center - Evolve
Treadclimber,CAM45350 METVN120GRT2HTIC,9/16/2014,9/16/2014,9/15/2014,2,Short Form,Third Party Call Center - Evolve
Treadclimber,CAM45350 METVN120GRT2HTIC,,9/16/2014,9/15/2014,1,Short Form,Third Party Call Center - Evolve
Treadclimber,CAM45350 METVN120GRT2HTIC,9/18/2014,9/18/2014,9/15/2014,2,Short Form,Third Party Call Center - Evolve
Treadclimber,CAM45350 METVN120GRT2HTIC,9/19/2014,9/19/2014,9/15/2014,6,Short Form,Third Party Call Center - Evolve
Treadclimber,CAM45350 METVN120GRT2HTIC,9/20/2014,9/20/2014,9/15/2014,5,Short Form,Third Party Call Center - Evolve
Treadclimber,CAM45350 METVN120GRT2HTIC,9/15/2014,9/15/2014,9/15/2014,1,Short Form,Third Party Call Center - West
Treadclimber,CAM45350 METVN120GRT2HTIC,9/16/2014,9/16/2014,9/15/2014,1,Short Form,Third Party Call Center - West
Treadclimber,CAM45350 METVN120GRT2HTIC,9/18/2014,9/18/2014,9/15/2014,2,Short Form,Third Party Call Center - West
Treadclimber,CAM45350 METVN120GRT2HTIC,9/19/2014,9/19/2014,9/15/2014,1,Short Form,Third Party Call Center - West
Treadclimber,CAM45350 METVN120GRT2HTIC,9/20/2014,9/20/2014,9/15/2014,1,Short Form,Third Party Call Center - West
Treadclimber,CAM45350 METVN120GRT2HTIC,10/1/2014,9/20/2014,9/15/2014,1,Short Form,Third Party Call Center - West
Treadclimber,CAM45492 PUREN180BFMAXTIC,9/20/2014,9/19/2014,9/15/2014,1,Short Form,Third Party Call Center - Evolve
Treadclimber,CAM45638 UPTVN120WALKATIC,9/15/2014,9/15/2014,9/15/2014,2,Short Form,Call Center Internal
Treadclimber,CAM45638 UPTVN120WALKATIC,,9/15/2014,9/15/2014,1,Short Form,Call Center Internal
Treadclimber,CAM45638 UPTVN120WALKATIC,9/17/2014,9/17/2014,9/15/2014,5,Short Form,Call Center Internal
Treadclimber,CAM45638 UPTVN120WALKATIC,9/18/2014,9/18/2014,9/15/2014,2,Short Form,Call Center Internal
Treadclimber,CAM45639 HALMN120WALKATIC,9/15/2014,9/15/2014,9/15/2014,6,Short Form,Call Center Internal
Treadclimber,CAM45639 HALMN120WALKATIC,9/16/2014,9/16/2014,9/15/2014,8,Short Form,Call Center Internal
Treadclimber,CAM45639 HALMN120WALKATIC,9/17/2014,9/17/2014,9/15/2014,1,Short Form,Call Center Internal
Treadclimber,CAM45639 HALMN120WALKATIC,9/18/2014,9/18/2014,9/15/2014,5,Short Form,Call Center Internal
Treadclimber,CAM45639 HALMN120WALKATIC,9/19/2014,9/19/2014,9/15/2014,7,Short Form,Call Center Internal
Treadclimber,CAM45639 HALMN120WALKATIC,9/20/2014,9/20/2014,9/15/2014,1,Short Form,Call Center Internal
Treadclimber,CAM45639 HALMN120WALKATIC,9/21/2014,9/21/2014,9/15/2014,4,Short Form,Call Center Internal
Treadclimber,CAM45640 ION*N120WALKATIC,9/15/2014,9/15/2014,9/15/2014,3,Short Form,Call Center Internal
Treadclimber,CAM45640 ION*N120WALKATIC,,9/15/2014,9/15/2014,1,Short Form,Call Center Internal
Treadclimber,CAM45640 ION*N120WALKATIC,9/16/2014,9/16/2014,9/15/2014,1,Short Form,Call Center Internal
Treadclimber,CAM45640 ION*N120WALKATIC,9/18/2014,9/18/2014,9/15/2014,2,Short Form,Call Center Internal
Treadclimber,CAM45640 ION*N120WALKATIC,9/19/2014,9/19/2014,9/15/2014,1,Short Form,Call Center Internal
Treadclimber,CAM45640 ION*N120WALKATIC,9/21/2014,9/21/2014,9/15/2014,8,Short Form,Call Center Internal
Treadclimber,CAM45640 ION*N120WALKATIC,9/16/2014,9/16/2014,9/15/2014,1,Short Form,Third Party Call Center - Evolve
Treadclimber,CAM45640 ION*N120WALKATIC,9/21/2014,9/21/2014,9/15/2014,1,Short Form,Third Party Call Center - Evolve
Treadclimber,CAM45640 ION*N120WALKATIC,9/27/2014,9/21/2014,9/15/2014,1,Short Form,Third Party Call Center - Evolve
Treadclimber,CAM45640 ION*N120WALKATIC,,9/21/2014,9/15/2014,1,Short Form,Third Party Call Center - Evolve
Treadclimber,CAM45641 INSPN120WALKATIC,9/15/2014,9/15/2014,9/15/2014,9,Short Form,Call Center Internal
Treadclimber,CAM45641 INSPN120WALKATIC,9/16/2014,9/16/2014,9/15/2014,3,Short Form,Call Center Internal
Treadclimber,CAM45641 INSPN120WALKATIC,9/17/2014,9/17/2014,9/15/2014,3,Short Form,Call Center Internal
Treadclimber,CAM45641 INSPN120WALKATIC,,9/17/2014,9/15/2014,1,Short Form,Call Center Internal
Treadclimber,CAM45641 INSPN120WALKATIC,9/18/2014,9/18/2014,9/15/2014,3,Short Form,Call Center Internal
Treadclimber,CAM45641 INSPN120WALKATIC,9/19/2014,9/19/2014,9/15/2014,2,Short Form,Call Center Internal
Treadclimber,CAM45641 INSPN120WALKATIC,9/20/2014,9/20/2014,9/15/2014,3,Short Form,Call Center Internal
Treadclimber,CAM45641 INSPN120WALKATIC,9/15/2014,9/15/2014,9/15/2014,1,Short Form,Third Party Call Center - Evolve
Treadclimber,CAM45641 INSPN120WALKATIC,9/18/2014,9/18/2014,9/15/2014,1,Short Form,Third Party Call Center - Evolve
Treadclimber,CAM45641 INSPN120WALKATIC,9/20/2014,9/20/2014,9/15/2014,3,Short Form,Third Party Call Center - Evolve
Treadclimber,CAM45641 INSPN120WALKATIC,,9/20/2014,9/15/2014,1,Short Form,Third Party Call Center - Evolve
Treadclimber,CAM45641 INSPN120WALKATIC,9/19/2014,9/19/2014,9/15/2014,1,Short Form,Third Party Call Center - West
Treadclimber,CAM45642 CMT*N120WALKATIC,9/15/2014,9/15/2014,9/15/2014,1,Short Form,Call Center Internal
Treadclimber,CAM45643 FOXNN120WALKATIC,9/17/2014,9/17/2014,9/15/2014,1,Short Form,Call Center Internal
Treadclimber,CAM45643 FOXNN120WALKATIC,10/7/2014,9/19/2014,9/15/2014,1,Short Form,Call Center Internal
Treadclimber,CAM45643 FOXNN120WALKATIC,9/16/2014,9/16/2014,9/15/2014,2,Short Form,Third Party Call Center - Evolve
Treadclimber,CAM45643 FOXNN120WALKATIC,9/19/2014,9/19/2014,9/15/2014,1,Short Form,Third Party Call Center - Evolve
Treadclimber,CAM45643 FOXNN120WALKATIC,9/16/2014,9/16/2014,9/15/2014,1,Short Form,Third Party Call Center - West
Treadclimber,CAM45643 FOXNN120WALKATIC,9/17/2014,9/17/2014,9/15/2014,1,Short Form,Third Party Call Center - West
Treadclimber,CAM45643 FOXNN120WALKATIC,9/20/2014,9/20/2014,9/15/2014,1,Short Form,Third Party Call Center - West
Treadclimber,CAM45650 CSI*N120WALKATIC,9/18/2014,9/18/2014,9/15/2014,1,Short Form,Call Center Internal
Treadclimber,CAM45650 CSI*N120WALKATIC,9/21/2014,9/21/2014,9/15/2014,2,Short Form,Call Center Internal
Treadclimber,CAM45650 CSI*N120WALKATIC,9/21/2014,9/21/2014,9/15/2014,1,Short Form,Third Party Call Center - Evolve
Treadclimber,CAM45650 CSI*N120WALKATIC,9/21/2014,9/21/2014,9/15/2014,1,Short Form,Third Party Call Center - West
Treadclimber,CAM45653 METVN120WALKATIC,9/15/2014,9/15/2014,9/15/2014,7,Short Form,Call Center Internal
Treadclimber,CAM45653 METVN120WALKATIC,9/17/2014,9/17/2014,9/15/2014,17,Short Form,Call Center Internal
Treadclimber,CAM45653 METVN120WALKATIC,9/18/2014,9/18/2014,9/15/2014,14,Short Form,Call Center Internal
Treadclimber,CAM45653 METVN120WALKATIC,10/19/2014,9/18/2014,9/15/2014,1,Short Form,Call Center Internal
Treadclimber,CAM45653 METVN120WALKATIC,9/19/2014,9/19/2014,9/15/2014,11,Short Form,Call Center Internal
Treadclimber,CAM45653 METVN120WALKATIC,9/20/2014,9/20/2014,9/15/2014,1,Short Form,Call Center Internal
Treadclimber,CAM45653 METVN120WALKATIC,9/15/2014,9/15/2014,9/15/2014,3,Short Form,Third Party Call Center - Evolve
Treadclimber,CAM45653 METVN120WALKATIC,9/18/2014,9/18/2014,9/15/2014,1,Short Form,Third Party Call Center - Evolve
Treadclimber,CAM45653 METVN120WALKATIC,9/19/2014,9/19/2014,9/15/2014,2,Short Form,Third Party Call Center - Evolve
Treadclimber,CAM45653 METVN120WALKATIC,9/15/2014,9/15/2014,9/15/2014,1,Short Form,Third Party Call Center - West
Treadclimber,CAM45658 ARTLL60*WALKATIC,9/15/2014,9/15/2014,9/15/2014,2,Short Form,Call Center Internal
Treadclimber,CAM45658 ARTLL60*WALKATIC,9/16/2014,9/16/2014,9/15/2014,1,Short Form,Call Center Internal
Treadclimber,CAM45658 ARTLL60*WALKATIC,9/20/2014,9/20/2014,9/15/2014,1,Short Form,Call Center Internal
Treadclimber,CAM45659 FX**L60*WALKATIC,9/16/2014,9/16/2014,9/15/2014,2,Short Form,Call Center Internal
Treadclimber,CAM45659 FX**L60*WALKATIC,9/19/2014,9/19/2014,9/15/2014,1,Short Form,Call Center Internal
Treadclimber,CAM45659 FX**L60*WALKATIC,9/16/2014,9/16/2014,9/15/2014,1,Short Form,Third Party Call Center - Evolve
Treadclimber,CAM45660 FOODL60*WALKATIC,9/16/2014,9/16/2014,9/15/2014,1,Short Form,Call Center Internal
Treadclimber,CAM45660 FOODL60*WALKATIC,9/17/2014,9/17/2014,9/15/2014,2,Short Form,Call Center Internal
Treadclimber,CAM45660 FOODL60*WALKATIC,9/19/2014,9/19/2014,9/15/2014,1,Short Form,Call Center Internal
Treadclimber,CAM45660 FOODL60*WALKATIC,9/17/2014,9/17/2014,9/15/2014,1,Short Form,Third Party Call Center - West
Treadclimber,CAM45662 HISTL60*WALKATIC,9/17/2014,9/17/2014,9/15/2014,1,Short Form,Call Center Internal
Treadclimber,CAM45662 HISTL60*WALKATIC,9/19/2014,9/19/2014,9/15/2014,1,Short Form,Call Center Internal
Treadclimber,CAM45662 HISTL60*WALKATIC,9/20/2014,9/20/2014,9/15/2014,1,Short Form,Call Center Internal
Treadclimber,CAM45663 USA*L60*WALKATIC,9/16/2014,9/16/2014,9/15/2014,1,Short Form,Call Center Internal
Treadclimber,CAM45663 USA*L60*WALKATIC,9/19/2014,9/19/2014,9/15/2014,2,Short Form,Call Center Internal
Treadclimber,CAM45663 USA*L60*WALKATIC,9/20/2014,9/20/2014,9/15/2014,3,Short Form,Call Center Internal
Treadclimber,CAM45664 TNTLL60*WALKATIC,9/15/2014,9/15/2014,9/15/2014,1,Short Form,Call Center Internal
Treadclimber,CAM45664 TNTLL60*WALKATIC,9/16/2014,9/16/2014,9/15/2014,2,Short Form,Call Center Internal
Treadclimber,CAM45664 TNTLL60*WALKATIC,9/17/2014,9/17/2014,9/15/2014,1,Short Form,Call Center Internal
Treadclimber,CAM45664 TNTLL60*WALKATIC,9/18/2014,9/18/2014,9/15/2014,1,Short Form,Call Center Internal
Treadclimber,CAM45664 TNTLL60*WALKATIC,,9/18/2014,9/15/2014,1,Short Form,Call Center Internal
Treadclimber,CAM45664 TNTLL60*WALKATIC,,9/20/2014,9/15/2014,1,Short Form,Call Center Internal
Treadclimber,CAM45664 TNTLL60*WALKATIC,9/21/2014,9/21/2014,9/15/2014,3,Short Form,Call Center Internal
Treadclimber,CAM45665 AMC*L60*WALKATIC,9/17/2014,9/17/2014,9/15/2014,1,Short Form,Call Center Internal
Treadclimber,CAM45666 SPKEL60*WALKATIC,9/18/2014,9/18/2014,9/15/2014,5,Short Form,Call Center Internal
Treadclimber,CAM45666 SPKEL60*WALKATIC,,9/18/2014,9/15/2014,1,Short Form,Call Center Internal
Treadclimber,CAM45666 SPKEL60*WALKATIC,9/19/2014,9/19/2014,9/15/2014,1,Short Form,Call Center Internal
Treadclimber,CAM45666 SPKEL60*WALKATIC,9/18/2014,9/18/2014,9/15/2014,1,Short Form,Third Party Call Center - Evolve
Treadclimber,CAM45667 LIFLL60*WALKATIC,9/15/2014,9/15/2014,9/15/2014,1,Short Form,Call Center Internal
Treadclimber,CAM45667 LIFLL60*WALKATIC,9/16/2014,9/16/2014,9/15/2014,1,Short Form,Call Center Internal
Treadclimber,CAM45667 LIFLL60*WALKATIC,9/17/2014,9/17/2014,9/15/2014,1,Short Form,Call Center Internal
Treadclimber,CAM45667 LIFLL60*WALKATIC,9/19/2014,9/19/2014,9/15/2014,1,Short Form,Call Center Internal
Treadclimber,CAM45667 LIFLL60*WALKATIC,9/20/2014,9/20/2014,9/15/2014,2,Short Form,Call Center Internal
Treadclimber,CAM45667 LIFLL60*WALKATIC,9/21/2014,9/21/2014,9/15/2014,1,Short Form,Call Center Internal
Treadclimber,CAM45667 LIFLL60*WALKATIC,9/21/2014,9/21/2014,9/15/2014,1,Short Form,Third Party Call Center - Evolve
Treadclimber,CAM45667 LIFLL60*WALKATIC,9/20/2014,9/20/2014,9/15/2014,1,Short Form,Third Party Call Center - West
Treadclimber,CAM45668 ESPNL60*WALKATIC,,9/17/2014,9/15/2014,1,Short Form,Third Party Call Center - Evolve
Treadclimber,CAM45669 NAN*L60*WALKATIC,9/16/2014,9/16/2014,9/15/2014,1,Short Form,Third Party Call Center - Evolve
Treadclimber,CAM45669 NAN*L60*WALKATIC,9/19/2014,9/19/2014,9/15/2014,1,Short Form,Third Party Call Center - Evolve
Treadclimber,CAM45670 VH1*L60*WALKATIC,9/15/2014,9/15/2014,9/15/2014,3,Short Form,Call Center Internal
Treadclimber,CAM45670 VH1*L60*WALKATIC,9/17/2014,9/17/2014,9/15/2014,1,Short Form,Call Center Internal
Treadclimber,CAM45670 VH1*L60*WALKATIC,9/18/2014,9/18/2014,9/15/2014,1,Short Form,Call Center Internal
Treadclimber,CAM45670 VH1*L60*WALKATIC,9/19/2014,9/19/2014,9/15/2014,1,Short Form,Call Center Internal
Treadclimber,CAM45673 LMN*L60*WALKATIC,9/16/2014,9/16/2014,9/15/2014,5,Short Form,Call Center Internal
Treadclimber,CAM45673 LMN*L60*WALKATIC,,9/16/2014,9/15/2014,1,Short Form,Call Center Internal
Treadclimber,CAM45673 LMN*L60*WALKATIC,9/17/2014,9/17/2014,9/15/2014,5,Short Form,Call Center Internal
Treadclimber,CAM45673 LMN*L60*WALKATIC,9/20/2014,9/20/2014,9/15/2014,8,Short Form,Call Center Internal
Treadclimber,CAM45673 LMN*L60*WALKATIC,9/21/2014,9/21/2014,9/15/2014,5,Short Form,Call Center Internal
Treadclimber,CAM45673 LMN*L60*WALKATIC,9/20/2014,9/20/2014,9/15/2014,1,Short Form,Third Party Call Center - Evolve
Treadclimber,CAM45673 LMN*L60*WALKATIC,,9/20/2014,9/15/2014,1,Short Form,Third Party Call Center - Evolve
Treadclimber,CAM45673 LMN*L60*WALKATIC,9/21/2014,9/21/2014,9/15/2014,2,Short Form,Third Party Call Center - Evolve
Treadclimber,CAM45673 LMN*L60*WALKATIC,9/20/2014,9/20/2014,9/15/2014,1,Short Form,Third Party Call Center - West
Treadclimber,CAM28157 SALESFOLLOWUP,,9/17/2014,9/15/2014,2,Un-Sourced,Call Center Internal
Treadclimber,CAM40821 1800BOWFLEX,,9/19/2014,9/15/2014,1,Un-Sourced,Call Center Internal
Treadclimber,CAM40825 1800TREADCLIMBER,9/15/2014,9/15/2014,9/15/2014,1,Un-Sourced,Call Center Internal
Treadclimber,CAM40825 1800TREADCLIMBER,,9/16/2014,9/15/2014,1,Un-Sourced,Call Center Internal
Treadclimber,CAM40825 1800TREADCLIMBER,9/17/2014,9/17/2014,9/15/2014,2,Un-Sourced,Call Center Internal
Treadclimber,CAM40825 1800TREADCLIMBER,,9/18/2014,9/15/2014,3,Un-Sourced,Call Center Internal
Treadclimber,CAM40825 1800TREADCLIMBER,,9/19/2014,9/15/2014,2,Un-Sourced,Call Center Internal
Treadclimber,CAM45327 1800MAXTRAINER,,9/17/2014,9/15/2014,1,Un-Sourced,Call Center Internal
Treadclimber,CAM45327 1800MAXTRAINER,,9/18/2014,9/15/2014,1,Un-Sourced,Call Center Internal
Treadclimber,CAM45327 1800MAXTRAINER,,9/19/2014,9/15/2014,2,Un-Sourced,Call Center Internal
Treadclimber,CAM27557 Bowflex Catalog,,9/22/2014,9/22/2014,1,Catalog,Call Center Internal
Treadclimber,CAM44843 dcbhomesum14,,9/25/2014,9/22/2014,1,Catalog,Web
Treadclimber,CAM44843 dcbhomesum14,,9/26/2014,9/22/2014,2,Catalog,Web
Treadclimber,CAM36797 dpetprint12a,9/23/2014,9/23/2014,9/22/2014,1,Electronic - Print,Web
Treadclimber,CAM36797 dpetprint12a,9/24/2014,9/24/2014,9/22/2014,1,Electronic - Print,Web
Treadclimber,CAM36797 dpetprint12a,9/25/2014,9/25/2014,9/22/2014,2,Electronic - Print,Web
Treadclimber,CAM36923 dpetprint12b,9/22/2014,9/22/2014,9/22/2014,2,Electronic - Print,Web
Treadclimber,CAM36923 dpetprint12b,9/24/2014,9/24/2014,9/22/2014,1,Electronic - Print,Web
Treadclimber,CAM36924 dpetprint12c,9/28/2014,9/28/2014,9/22/2014,1,Electronic - Print,Web
Treadclimber,CAM38405 dpetprint12g,9/27/2014,9/27/2014,9/22/2014,1,Electronic - Print,Web
Treadclimber,CAM38406 SAWDPETPRINT12F,,9/23/2014,9/22/2014,1,Electronic - Print,Call Center Internal
Treadclimber,CAM44192 qrtffw,9/26/2014,9/26/2014,9/22/2014,2,Electronic - Print,Web
Treadclimber,CAM44523 dpetprint14a,9/24/2014,9/24/2014,9/22/2014,1,Electronic - Print,Web
Treadclimber,CAM44523 dpetprint14a,9/25/2014,9/25/2014,9/22/2014,2,Electronic - Print,Web
Treadclimber,CAM44523 dpetprint14a,,9/25/2014,9/22/2014,1,Electronic - Print,Web
Treadclimber,CAM44523 dpetprint14a,9/26/2014,9/26/2014,9/22/2014,2,Electronic - Print,Web
Treadclimber,CAM44523 dpetprint14a,9/28/2014,9/28/2014,9/22/2014,1,Electronic - Print,Web
Treadclimber,CAM45026 qrtwghtwtch2,9/25/2014,9/25/2014,9/22/2014,1,Electronic - Print,Web
Treadclimber,CAM45563 DPEEPRINT14D,,9/28/2014,9/22/2014,1,Electronic - Print,Call Center Internal
Treadclimber,CAM16426 DSETDIR,9/22/2014,9/22/2014,9/22/2014,7,Electronic - Short Form,Web
Treadclimber,CAM16426 DSETDIR,9/23/2014,9/23/2014,9/22/2014,4,Electronic - Short Form,Web
Treadclimber,CAM16426 DSETDIR,9/24/2014,9/24/2014,9/22/2014,9,Electronic - Short Form,Web
Treadclimber,CAM16426 DSETDIR,9/25/2014,9/25/2014,9/22/2014,10,Electronic - Short Form,Web
Treadclimber,CAM16426 DSETDIR,,9/25/2014,9/22/2014,1,Electronic - Short Form,Web
Treadclimber,CAM16426 DSETDIR,9/26/2014,9/26/2014,9/22/2014,7,Electronic - Short Form,Web
Treadclimber,CAM16426 DSETDIR,9/27/2014,9/27/2014,9/22/2014,2,Electronic - Short Form,Web
Treadclimber,CAM16426 DSETDIR,9/28/2014,9/27/2014,9/22/2014,1,Electronic - Short Form,Web
Treadclimber,CAM16426 DSETDIR,,9/27/2014,9/22/2014,1,Electronic - Short Form,Web
Treadclimber,CAM16426 DSETDIR,9/28/2014,9/28/2014,9/22/2014,66,Electronic - Short Form,Web
Treadclimber,CAM16426 DSETDIR,9/30/2014,9/28/2014,9/22/2014,1,Electronic - Short Form,Web
Treadclimber,CAM16426 DSETDIR,,9/28/2014,9/22/2014,4,Electronic - Short Form,Web
Treadclimber,CAM16444 default_adid,9/26/2014,9/26/2014,9/22/2014,1,Electronic - Short Form,Web
Treadclimber,CAM16444 default_adid,9/28/2014,9/28/2014,9/22/2014,1,Electronic - Short Form,Web
Treadclimber,CAM36075 dsetsf11a,9/22/2014,9/22/2014,9/22/2014,3,Electronic - Short Form,Web
Treadclimber,CAM36075 dsetsf11a,9/26/2014,9/22/2014,9/22/2014,1,Electronic - Short Form,Web
Treadclimber,CAM36075 dsetsf11a,9/24/2014,9/24/2014,9/22/2014,1,Electronic - Short Form,Web
Treadclimber,CAM36075 dsetsf11a,,9/24/2014,9/22/2014,1,Electronic - Short Form,Web
Treadclimber,CAM36075 dsetsf11a,9/26/2014,9/26/2014,9/22/2014,2,Electronic - Short Form,Web
Treadclimber,CAM36075 dsetsf11a,9/27/2014,9/27/2014,9/22/2014,4,Electronic - Short Form,Web
Treadclimber,CAM36077 dsetsf11c,9/25/2014,9/25/2014,9/22/2014,1,Electronic - Short Form,Web
Treadclimber,CAM36077 dsetsf11c,,9/25/2014,9/22/2014,1,Electronic - Short Form,Web
Treadclimber,CAM36078 dsetsf11d,9/22/2014,9/22/2014,9/22/2014,33,Electronic - Short Form,Web
Treadclimber,CAM36078 dsetsf11d,,9/22/2014,9/22/2014,1,Electronic - Short Form,Web
Treadclimber,CAM36078 dsetsf11d,9/23/2014,9/23/2014,9/22/2014,28,Electronic - Short Form,Web
Treadclimber,CAM36078 dsetsf11d,,9/23/2014,9/22/2014,1,Electronic - Short Form,Web
Treadclimber,CAM36078 dsetsf11d,9/24/2014,9/24/2014,9/22/2014,16,Electronic - Short Form,Web
Treadclimber,CAM36078 dsetsf11d,10/7/2014,9/24/2014,9/22/2014,1,Electronic - Short Form,Web
Treadclimber,CAM36078 dsetsf11d,9/25/2014,9/25/2014,9/22/2014,24,Electronic - Short Form,Web
Treadclimber,CAM36078 dsetsf11d,9/26/2014,9/26/2014,9/22/2014,19,Electronic - Short Form,Web
Treadclimber,CAM36078 dsetsf11d,10/6/2014,9/26/2014,9/22/2014,1,Electronic - Short Form,Web
Treadclimber,CAM36078 dsetsf11d,9/27/2014,9/27/2014,9/22/2014,28,Electronic - Short Form,Web
Treadclimber,CAM36078 dsetsf11d,,9/27/2014,9/22/2014,1,Electronic - Short Form,Web
Treadclimber,CAM36078 dsetsf11d,9/28/2014,9/28/2014,9/22/2014,25,Electronic - Short Form,Web
Treadclimber,CAM36078 dsetsf11d,9/29/2014,9/28/2014,9/22/2014,1,Electronic - Short Form,Web
Treadclimber,CAM36078 dsetsf11d,,9/28/2014,9/22/2014,2,Electronic - Short Form,Web
Treadclimber,CAM36079 dsetsf11e,10/6/2014,9/25/2014,9/22/2014,1,Electronic - Short Form,Web
Treadclimber,CAM36104 SAWSF11E,9/23/2014,9/23/2014,9/22/2014,1,Electronic - Short Form,Call Center Internal
Treadclimber,CAM36104 SAWSF11E,,9/23/2014,9/22/2014,3,Electronic - Short Form,Call Center Internal
Treadclimber,CAM36287 SAWSF11G,9/24/2014,9/24/2014,9/22/2014,1,Electronic - Short Form,Call Center Internal
Treadclimber,CAM36287 SAWSF11G,9/28/2014,9/28/2014,9/22/2014,1,Electronic - Short Form,Call Center Internal
Treadclimber,CAM36298 dsetsf11g,9/22/2014,9/22/2014,9/22/2014,20,Electronic - Short Form,Web
Treadclimber,CAM36298 dsetsf11g,11/15/2014,9/22/2014,9/22/2014,1,Electronic - Short Form,Web
Treadclimber,CAM36298 dsetsf11g,9/23/2014,9/23/2014,9/22/2014,21,Electronic - Short Form,Web
Treadclimber,CAM36298 dsetsf11g,9/24/2014,9/24/2014,9/22/2014,25,Electronic - Short Form,Web
Treadclimber,CAM36298 dsetsf11g,10/2/2014,9/24/2014,9/22/2014,1,Electronic - Short Form,Web
Treadclimber,CAM36298 dsetsf11g,,9/24/2014,9/22/2014,1,Electronic - Short Form,Web
Treadclimber,CAM36298 dsetsf11g,9/25/2014,9/25/2014,9/22/2014,17,Electronic - Short Form,Web
Treadclimber,CAM36298 dsetsf11g,10/3/2014,9/25/2014,9/22/2014,1,Electronic - Short Form,Web
Treadclimber,CAM36298 dsetsf11g,,9/25/2014,9/22/2014,1,Electronic - Short Form,Web
Treadclimber,CAM36298 dsetsf11g,9/26/2014,9/26/2014,9/22/2014,7,Electronic - Short Form,Web
Treadclimber,CAM36298 dsetsf11g,9/27/2014,9/27/2014,9/22/2014,11,Electronic - Short Form,Web
Treadclimber,CAM36298 dsetsf11g,,9/27/2014,9/22/2014,1,Electronic - Short Form,Web
Treadclimber,CAM36298 dsetsf11g,9/28/2014,9/28/2014,9/22/2014,11,Electronic - Short Form,Web
Treadclimber,CAM36605 SAWSF12A,,9/24/2014,9/22/2014,1,Electronic - Short Form,Third Party Call Center - Evolve
Treadclimber,CAM36608 dsetsf12a,9/22/2014,9/22/2014,9/22/2014,85,Electronic - Short Form,Web
Treadclimber,CAM36608 dsetsf12a,9/23/2014,9/22/2014,9/22/2014,1,Electronic - Short Form,Web
Treadclimber,CAM36608 dsetsf12a,9/24/2014,9/22/2014,9/22/2014,1,Electronic - Short Form,Web
Treadclimber,CAM36608 dsetsf12a,10/20/2014,9/22/2014,9/22/2014,1,Electronic - Short Form,Web
Treadclimber,CAM36608 dsetsf12a,,9/22/2014,9/22/2014,6,Electronic - Short Form,Web
Treadclimber,CAM36608 dsetsf12a,9/23/2014,9/23/2014,9/22/2014,43,Electronic - Short Form,Web
Treadclimber,CAM36608 dsetsf12a,,9/23/2014,9/22/2014,2,Electronic - Short Form,Web
Treadclimber,CAM36608 dsetsf12a,9/24/2014,9/24/2014,9/22/2014,50,Electronic - Short Form,Web
Treadclimber,CAM36608 dsetsf12a,9/26/2014,9/24/2014,9/22/2014,1,Electronic - Short Form,Web
Treadclimber,CAM36608 dsetsf12a,,9/24/2014,9/22/2014,2,Electronic - Short Form,Web
Treadclimber,CAM36608 dsetsf12a,9/25/2014,9/25/2014,9/22/2014,68,Electronic - Short Form,Web
Treadclimber,CAM36608 dsetsf12a,10/6/2014,9/25/2014,9/22/2014,1,Electronic - Short Form,Web
Treadclimber,CAM36608 dsetsf12a,9/26/2014,9/26/2014,9/22/2014,39,Electronic - Short Form,Web
Treadclimber,CAM36608 dsetsf12a,,9/26/2014,9/22/2014,2,Electronic - Short Form,Web
Treadclimber,CAM36608 dsetsf12a,9/27/2014,9/27/2014,9/22/2014,56,Electronic - Short Form,Web
Treadclimber,CAM36608 dsetsf12a,10/4/2014,9/27/2014,9/22/2014,1,Electronic - Short Form,Web
Treadclimber,CAM36608 dsetsf12a,10/10/2014,9/27/2014,9/22/2014,1,Electronic - Short Form,Web
Treadclimber,CAM36608 dsetsf12a,,9/27/2014,9/22/2014,2,Electronic - Short Form,Web
Treadclimber,CAM36608 dsetsf12a,9/28/2014,9/28/2014,9/22/2014,51,Electronic - Short Form,Web
Treadclimber,CAM36608 dsetsf12a,10/6/2014,9/28/2014,9/22/2014,1,Electronic - Short Form,Web
Treadclimber,CAM37204 icastsf12b,9/22/2014,9/22/2014,9/22/2014,1,Electronic - Short Form,Web
Treadclimber,CAM44215 SAWDSEESF14A,,9/28/2014,9/22/2014,1,Electronic - Short Form,Call Center Internal
Treadclimber,CAM45802 DSETSF14A,9/24/2014,9/24/2014,9/22/2014,1,Electronic - Short Form,Third Party Call Center - West
Treadclimber,CAM45802 DSETSF14A,9/22/2014,9/22/2014,9/22/2014,46,Electronic - Short Form,Web
Treadclimber,CAM45802 DSETSF14A,9/23/2014,9/23/2014,9/22/2014,39,Electronic - Short Form,Web
Treadclimber,CAM45802 DSETSF14A,,9/23/2014,9/22/2014,1,Electronic - Short Form,Web
Treadclimber,CAM45802 DSETSF14A,9/24/2014,9/24/2014,9/22/2014,44,Electronic - Short Form,Web
Treadclimber,CAM45802 DSETSF14A,,9/24/2014,9/22/2014,1,Electronic - Short Form,Web
Treadclimber,CAM45802 DSETSF14A,9/25/2014,9/25/2014,9/22/2014,45,Electronic - Short Form,Web
Treadclimber,CAM45802 DSETSF14A,,9/25/2014,9/22/2014,1,Electronic - Short Form,Web
Treadclimber,CAM45802 DSETSF14A,9/26/2014,9/26/2014,9/22/2014,29,Electronic - Short Form,Web
Treadclimber,CAM45802 DSETSF14A,,9/26/2014,9/22/2014,2,Electronic - Short Form,Web
Treadclimber,CAM45802 DSETSF14A,9/27/2014,9/27/2014,9/22/2014,12,Electronic - Short Form,Web
Treadclimber,CAM45802 DSETSF14A,9/28/2014,9/28/2014,9/22/2014,16,Electronic - Short Form,Web
Treadclimber,CAM5676 SAWWEBBF,,9/23/2014,9/22/2014,1,Electronic - Short Form,Call Center Internal
Treadclimber,CAM1156 DEGSAWBFG_TRC,9/23/2014,9/23/2014,9/22/2014,1,Electronic - UnSourced,Call Center Internal
Treadclimber,CAM127 1800BOWFLEX_BFC,,9/24/2014,9/22/2014,1,Electronic - UnSourced,Call Center Internal
Treadclimber,CAM127 1800BOWFLEX_BFC,,9/25/2014,9/22/2014,1,Electronic - UnSourced,Call Center Internal
Treadclimber,CAM127 1800BOWFLEX_BFC,,9/26/2014,9/22/2014,2,Electronic - UnSourced,Call Center Internal
Treadclimber,CAM132 1800BOWFLEX_CAT,,9/26/2014,9/22/2014,2,Electronic - UnSourced,Call Center Internal
Treadclimber,CAM133 1800BOWFLEX_TRC,9/22/2014,9/22/2014,9/22/2014,2,Electronic - UnSourced,Call Center Internal
Treadclimber,CAM133 1800BOWFLEX_TRC,,9/22/2014,9/22/2014,1,Electronic - UnSourced,Call Center Internal
Treadclimber,CAM133 1800BOWFLEX_TRC,9/23/2014,9/23/2014,9/22/2014,1,Electronic - UnSourced,Call Center Internal
Treadclimber,CAM133 1800BOWFLEX_TRC,,9/23/2014,9/22/2014,2,Electronic - UnSourced,Call Center Internal
Treadclimber,CAM133 1800BOWFLEX_TRC,9/24/2014,9/24/2014,9/22/2014,4,Electronic - UnSourced,Call Center Internal
Treadclimber,CAM133 1800BOWFLEX_TRC,,9/24/2014,9/22/2014,2,Electronic - UnSourced,Call Center Internal
Treadclimber,CAM133 1800BOWFLEX_TRC,9/25/2014,9/25/2014,9/22/2014,2,Electronic - UnSourced,Call Center Internal
Treadclimber,CAM133 1800BOWFLEX_TRC,,9/25/2014,9/22/2014,2,Electronic - UnSourced,Call Center Internal
Treadclimber,CAM133 1800BOWFLEX_TRC,9/26/2014,9/26/2014,9/22/2014,3,Electronic - UnSourced,Call Center Internal
Treadclimber,CAM133 1800BOWFLEX_TRC,9/27/2014,9/27/2014,9/22/2014,1,Electronic - UnSourced,Call Center Internal
Treadclimber,CAM133 1800BOWFLEX_TRC,9/28/2014,9/28/2014,9/22/2014,4,Electronic - UnSourced,Call Center Internal
Treadclimber,CAM16414 DEGBFTRC,9/22/2014,9/22/2014,9/22/2014,49,Electronic - UnSourced,Web
Treadclimber,CAM16414 DEGBFTRC,,9/22/2014,9/22/2014,21,Electronic - UnSourced,Web
Treadclimber,CAM16414 DEGBFTRC,9/23/2014,9/23/2014,9/22/2014,40,Electronic - UnSourced,Web
Treadclimber,CAM16414 DEGBFTRC,9/26/2014,9/23/2014,9/22/2014,1,Electronic - UnSourced,Web
Treadclimber,CAM16414 DEGBFTRC,,9/23/2014,9/22/2014,25,Electronic - UnSourced,Web
Treadclimber,CAM16414 DEGBFTRC,9/24/2014,9/24/2014,9/22/2014,29,Electronic - UnSourced,Web
Treadclimber,CAM16414 DEGBFTRC,,9/24/2014,9/22/2014,29,Electronic - UnSourced,Web
Treadclimber,CAM16414 DEGBFTRC,9/25/2014,9/25/2014,9/22/2014,29,Electronic - UnSourced,Web
Treadclimber,CAM16414 DEGBFTRC,,9/25/2014,9/22/2014,19,Electronic - UnSourced,Web
Treadclimber,CAM16414 DEGBFTRC,9/26/2014,9/26/2014,9/22/2014,30,Electronic - UnSourced,Web
Treadclimber,CAM16414 DEGBFTRC,,9/26/2014,9/22/2014,13,Electronic - UnSourced,Web
Treadclimber,CAM16414 DEGBFTRC,9/27/2014,9/27/2014,9/22/2014,18,Electronic - UnSourced,Web
Treadclimber,CAM16414 DEGBFTRC,,9/27/2014,9/22/2014,21,Electronic - UnSourced,Web
Treadclimber,CAM16414 DEGBFTRC,9/28/2014,9/28/2014,9/22/2014,34,Electronic - UnSourced,Web
Treadclimber,CAM16414 DEGBFTRC,9/30/2014,9/28/2014,9/22/2014,1,Electronic - UnSourced,Web
Treadclimber,CAM16414 DEGBFTRC,10/10/2014,9/28/2014,9/22/2014,1,Electronic - UnSourced,Web
Treadclimber,CAM16414 DEGBFTRC,10/19/2014,9/28/2014,9/22/2014,1,Electronic - UnSourced,Web
Treadclimber,CAM16414 DEGBFTRC,,9/28/2014,9/22/2014,24,Electronic - UnSourced,Web
Treadclimber,CAM23879 degt1sitetc,9/22/2014,9/22/2014,9/22/2014,4,Electronic - UnSourced,Web
Treadclimber,CAM23879 degt1sitetc,,9/22/2014,9/22/2014,15,Electronic - UnSourced,Web
Treadclimber,CAM23879 degt1sitetc,9/23/2014,9/23/2014,9/22/2014,4,Electronic - UnSourced,Web
Treadclimber,CAM23879 degt1sitetc,9/29/2014,9/23/2014,9/22/2014,1,Electronic - UnSourced,Web
Treadclimber,CAM23879 degt1sitetc,,9/23/2014,9/22/2014,5,Electronic - UnSourced,Web
Treadclimber,CAM23879 degt1sitetc,9/24/2014,9/24/2014,9/22/2014,3,Electronic - UnSourced,Web
Treadclimber,CAM23879 degt1sitetc,,9/24/2014,9/22/2014,10,Electronic - UnSourced,Web
Treadclimber,CAM23879 degt1sitetc,9/25/2014,9/25/2014,9/22/2014,4,Electronic - UnSourced,Web
Treadclimber,CAM23879 degt1sitetc,10/20/2014,9/25/2014,9/22/2014,1,Electronic - UnSourced,Web
Treadclimber,CAM23879 degt1sitetc,,9/25/2014,9/22/2014,13,Electronic - UnSourced,Web
Treadclimber,CAM23879 degt1sitetc,9/26/2014,9/26/2014,9/22/2014,5,Electronic - UnSourced,Web
Treadclimber,CAM23879 degt1sitetc,,9/26/2014,9/22/2014,10,Electronic - UnSourced,Web
Treadclimber,CAM23879 degt1sitetc,9/27/2014,9/27/2014,9/22/2014,1,Electronic - UnSourced,Web
Treadclimber,CAM23879 degt1sitetc,,9/27/2014,9/22/2014,6,Electronic - UnSourced,Web
Treadclimber,CAM23879 degt1sitetc,9/28/2014,9/28/2014,9/22/2014,3,Electronic - UnSourced,Web
Treadclimber,CAM23879 degt1sitetc,10/9/2014,9/28/2014,9/22/2014,1,Electronic - UnSourced,Web
Treadclimber,CAM23879 degt1sitetc,10/11/2014,9/28/2014,9/22/2014,1,Electronic - UnSourced,Web
Treadclimber,CAM23879 degt1sitetc,,9/28/2014,9/22/2014,11,Electronic - UnSourced,Web
Treadclimber,CAM32136 deggbhg,,9/24/2014,9/22/2014,1,Electronic - UnSourced,Web
Treadclimber,CAM32136 deggbhg,,9/26/2014,9/22/2014,1,Electronic - UnSourced,Web
Treadclimber,CAM32136 deggbhg,,9/27/2014,9/22/2014,1,Electronic - UnSourced,Web
Treadclimber,CAM38489 SAWDEGXUPC,,9/24/2014,9/22/2014,1,Electronic - UnSourced,Call Center Internal
Treadclimber,CAM41189 degemax,,9/22/2014,9/22/2014,1,Electronic - UnSourced,Web
Treadclimber,CAM41189 degemax,,9/23/2014,9/22/2014,1,Electronic - UnSourced,Web
Treadclimber,CAM41189 degemax,,9/24/2014,9/22/2014,4,Electronic - UnSourced,Web
Treadclimber,CAM41189 degemax,,9/25/2014,9/22/2014,1,Electronic - UnSourced,Web
Treadclimber,CAM41189 degemax,,9/26/2014,9/22/2014,1,Electronic - UnSourced,Web
Treadclimber,CAM41189 degemax,,9/27/2014,9/22/2014,1,Electronic - UnSourced,Web
Treadclimber,CAM41189 degemax,,9/28/2014,9/22/2014,1,Electronic - UnSourced,Web
Treadclimber,CAM44236 SAWMAX,,9/22/2014,9/22/2014,1,Electronic - UnSourced,Call Center Internal
Treadclimber,CAM44236 SAWMAX,,9/23/2014,9/22/2014,2,Electronic - UnSourced,Call Center Internal
Treadclimber,CAM44236 SAWMAX,,9/25/2014,9/22/2014,2,Electronic - UnSourced,Call Center Internal
Treadclimber,CAM44236 SAWMAX,,9/26/2014,9/22/2014,1,Electronic - UnSourced,Call Center Internal
Treadclimber,CAM44236 SAWMAX,,9/27/2014,9/22/2014,1,Electronic - UnSourced,Third Party Call Center - Evolve
Treadclimber,CAM44433 dege1sitemx,,9/22/2014,9/22/2014,1,Electronic - UnSourced,Web
Treadclimber,CAM44433 dege1sitemx,,9/23/2014,9/22/2014,2,Electronic - UnSourced,Web
Treadclimber,CAM44433 dege1sitemx,,9/26/2014,9/22/2014,1,Electronic - UnSourced,Web
Treadclimber,CAM44433 dege1sitemx,,9/28/2014,9/22/2014,1,Electronic - UnSourced,Web
Treadclimber,CAM44626 1800BOWFLEX_BMT,,9/22/2014,9/22/2014,1,Electronic - UnSourced,Call Center Internal
Treadclimber,CAM44626 1800BOWFLEX_BMT,,9/26/2014,9/22/2014,2,Electronic - UnSourced,Call Center Internal
Treadclimber,CAM44626 1800BOWFLEX_BMT,,9/28/2014,9/22/2014,1,Electronic - UnSourced,Call Center Internal
Treadclimber,CAM45118 SAWBMTDIGIK,,9/24/2014,9/22/2014,1,Electronic - UnSourced,Call Center Internal
Treadclimber,CAM6025 SAWWEBTC,9/22/2014,9/22/2014,9/22/2014,1,Electronic - UnSourced,Call Center Internal
Treadclimber,CAM6025 SAWWEBTC,,9/22/2014,9/22/2014,1,Electronic - UnSourced,Call Center Internal
Treadclimber,CAM6025 SAWWEBTC,9/24/2014,9/24/2014,9/22/2014,1,Electronic - UnSourced,Call Center Internal
Treadclimber,CAM6025 SAWWEBTC,9/25/2014,9/25/2014,9/22/2014,3,Electronic - UnSourced,Call Center Internal
Treadclimber,CAM6025 SAWWEBTC,,9/25/2014,9/22/2014,2,Electronic - UnSourced,Call Center Internal
Treadclimber,CAM6025 SAWWEBTC,,9/26/2014,9/22/2014,2,Electronic - UnSourced,Call Center Internal
Treadclimber,CAM6025 SAWWEBTC,9/27/2014,9/27/2014,9/22/2014,1,Electronic - UnSourced,Call Center Internal
Treadclimber,CAM6025 SAWWEBTC,,9/27/2014,9/22/2014,1,Electronic - UnSourced,Call Center Internal
Treadclimber,CAM6025 SAWWEBTC,9/28/2014,9/28/2014,9/22/2014,1,Electronic - UnSourced,Call Center Internal
Treadclimber,CAM6025 SAWWEBTC,,9/22/2014,9/22/2014,1,Electronic - UnSourced,Third Party Call Center - Evolve
Treadclimber,CAM6025 SAWWEBTC,9/23/2014,9/23/2014,9/22/2014,1,Electronic - UnSourced,Third Party Call Center - Evolve
Treadclimber,CAM6025 SAWWEBTC,,9/23/2014,9/22/2014,1,Electronic - UnSourced,Third Party Call Center - Evolve
Treadclimber,CAM6025 SAWWEBTC,9/26/2014,9/26/2014,9/22/2014,1,Electronic - UnSourced,Third Party Call Center - Evolve
Treadclimber,CAM12351 SAWFROOGTC,,9/26/2014,9/22/2014,1,Online,Call Center Internal
Treadclimber,CAM40773 TRCFREESHIP,9/28/2014,9/28/2014,9/22/2014,1,Online,Call Center Internal
Treadclimber,CAM6110 SAWGOOGTC,9/22/2014,9/22/2014,9/22/2014,1,Online,Call Center Internal
Treadclimber,CAM6110 SAWGOOGTC,9/25/2014,9/25/2014,9/22/2014,1,Online,Call Center Internal
Treadclimber,CAM6110 SAWGOOGTC,,9/25/2014,9/22/2014,3,Online,Call Center Internal
Treadclimber,CAM6110 SAWGOOGTC,,9/27/2014,9/22/2014,1,Online,Call Center Internal
Treadclimber,CAM6110 SAWGOOGTC,,9/28/2014,9/22/2014,1,Online,Call Center Internal
Treadclimber,CAM6110 SAWGOOGTC,9/26/2014,9/26/2014,9/22/2014,1,Online,Third Party Call Center - Evolve
Treadclimber,CAM37647 dodqctdl3,,9/22/2014,9/22/2014,1,Online Display,Web
Treadclimber,CAM37647 dodqctdl3,9/25/2014,9/25/2014,9/22/2014,1,Online Display,Web
Treadclimber,CAM38445 dodnettdl1,,9/22/2014,9/22/2014,1,Online Display,Web
Treadclimber,CAM38445 dodnettdl1,,9/23/2014,9/22/2014,1,Online Display,Web
Treadclimber,CAM38445 dodnettdl1,9/25/2014,9/25/2014,9/22/2014,2,Online Display,Web
Treadclimber,CAM38445 dodnettdl1,9/26/2014,9/26/2014,9/22/2014,2,Online Display,Web
Treadclimber,CAM38479 SAWDODNETT,9/22/2014,9/22/2014,9/22/2014,1,Online Display,Call Center Internal
Treadclimber,CAM38479 SAWDODNETT,9/24/2014,9/24/2014,9/22/2014,1,Online Display,Call Center Internal
Treadclimber,CAM38481 SAWDODRFT,9/28/2014,9/28/2014,9/22/2014,1,Online Display,Call Center Internal
Treadclimber,CAM38880 dodrftdl3,9/27/2014,9/27/2014,9/22/2014,1,Online Display,Web
Treadclimber,CAM39389 dodnettdl3,9/26/2014,9/26/2014,9/22/2014,1,Online Display,Web
Treadclimber,CAM39390 dodqctdl5,9/30/2014,9/22/2014,9/22/2014,1,Online Display,Web
Treadclimber,CAM39390 dodqctdl5,9/25/2014,9/25/2014,9/22/2014,1,Online Display,Web
Treadclimber,CAM39390 dodqctdl5,9/26/2014,9/26/2014,9/22/2014,1,Online Display,Web
Treadclimber,CAM39390 dodqctdl5,9/27/2014,9/27/2014,9/22/2014,1,Online Display,Web
Treadclimber,CAM39391 dodrftdl4,9/22/2014,9/22/2014,9/22/2014,2,Online Display,Web
Treadclimber,CAM39391 dodrftdl4,9/23/2014,9/23/2014,9/22/2014,1,Online Display,Web
Treadclimber,CAM39391 dodrftdl4,9/28/2014,9/28/2014,9/22/2014,1,Online Display,Web
Treadclimber,CAM41084 dodmagtdl4,9/22/2014,9/22/2014,9/22/2014,1,Online Display,Web
Treadclimber,CAM41084 dodmagtdl4,,9/24/2014,9/22/2014,1,Online Display,Web
Treadclimber,CAM41084 dodmagtdl4,9/25/2014,9/25/2014,9/22/2014,2,Online Display,Web
Treadclimber,CAM41084 dodmagtdl4,9/26/2014,9/26/2014,9/22/2014,1,Online Display,Web
Treadclimber,CAM41084 dodmagtdl4,9/27/2014,9/27/2014,9/22/2014,1,Online Display,Web
Treadclimber,CAM41084 dodmagtdl4,9/28/2014,9/28/2014,9/22/2014,1,Online Display,Web
Treadclimber,CAM41086 dodnettdl4,9/22/2014,9/22/2014,9/22/2014,4,Online Display,Web
Treadclimber,CAM41086 dodnettdl4,,9/22/2014,9/22/2014,2,Online Display,Web
Treadclimber,CAM41086 dodnettdl4,9/23/2014,9/23/2014,9/22/2014,1,Online Display,Web
Treadclimber,CAM41086 dodnettdl4,,9/23/2014,9/22/2014,2,Online Display,Web
Treadclimber,CAM41086 dodnettdl4,9/24/2014,9/24/2014,9/22/2014,1,Online Display,Web
Treadclimber,CAM41086 dodnettdl4,,9/24/2014,9/22/2014,1,Online Display,Web
Treadclimber,CAM41086 dodnettdl4,9/25/2014,9/25/2014,9/22/2014,2,Online Display,Web
Treadclimber,CAM41086 dodnettdl4,,9/25/2014,9/22/2014,4,Online Display,Web
Treadclimber,CAM41086 dodnettdl4,9/26/2014,9/26/2014,9/22/2014,2,Online Display,Web
Treadclimber,CAM41086 dodnettdl4,,9/26/2014,9/22/2014,1,Online Display,Web
Treadclimber,CAM41086 dodnettdl4,,9/27/2014,9/22/2014,1,Online Display,Web
Treadclimber,CAM41086 dodnettdl4,9/28/2014,9/28/2014,9/22/2014,1,Online Display,Web
Treadclimber,CAM41086 dodnettdl4,,9/28/2014,9/22/2014,4,Online Display,Web
Treadclimber,CAM41087 dodqctdl6,9/22/2014,9/22/2014,9/22/2014,4,Online Display,Web
Treadclimber,CAM41087 dodqctdl6,9/23/2014,9/23/2014,9/22/2014,1,Online Display,Web
Treadclimber,CAM41087 dodqctdl6,,9/24/2014,9/22/2014,1,Online Display,Web
Treadclimber,CAM41087 dodqctdl6,,9/25/2014,9/22/2014,2,Online Display,Web
Treadclimber,CAM41087 dodqctdl6,9/26/2014,9/26/2014,9/22/2014,1,Online Display,Web
Treadclimber,CAM41087 dodqctdl6,,9/26/2014,9/22/2014,1,Online Display,Web
Treadclimber,CAM41087 dodqctdl6,9/27/2014,9/27/2014,9/22/2014,1,Online Display,Web
Treadclimber,CAM41091 dodrftdl5,9/24/2014,9/24/2014,9/22/2014,1,Online Display,Web
Treadclimber,CAM41091 dodrftdl5,,9/24/2014,9/22/2014,1,Online Display,Web
Treadclimber,CAM41091 dodrftdl5,9/25/2014,9/25/2014,9/22/2014,3,Online Display,Web
Treadclimber,CAM41091 dodrftdl5,9/26/2014,9/26/2014,9/22/2014,1,Online Display,Web
Treadclimber,CAM41091 dodrftdl5,,9/26/2014,9/22/2014,3,Online Display,Web
Treadclimber,CAM41091 dodrftdl5,9/28/2014,9/28/2014,9/22/2014,1,Online Display,Web
Treadclimber,CAM41091 dodrftdl5,,9/28/2014,9/22/2014,4,Online Display,Web
Treadclimber,CAM41174 dodybttdl1,9/24/2014,9/24/2014,9/22/2014,2,Online Display,Web
Treadclimber,CAM43710 SAWDODNETT13GG,9/24/2014,9/24/2014,9/22/2014,1,Online Display,Call Center Internal
Treadclimber,CAM44552 dodmagtdl5,9/24/2014,9/24/2014,9/22/2014,1,Online Display,Web
Treadclimber,CAM45518 DODADCTDL2,9/22/2014,9/22/2014,9/22/2014,3,Online Display,Web
Treadclimber,CAM45518 DODADCTDL2,9/23/2014,9/23/2014,9/22/2014,1,Online Display,Web
Treadclimber,CAM45518 DODADCTDL2,9/24/2014,9/24/2014,9/22/2014,1,Online Display,Web
Treadclimber,CAM45518 DODADCTDL2,9/25/2014,9/25/2014,9/22/2014,1,Online Display,Web
Treadclimber,CAM45518 DODADCTDL2,,9/26/2014,9/22/2014,1,Online Display,Web
Treadclimber,CAM45519 DODADCTDL3,9/22/2014,9/22/2014,9/22/2014,3,Online Display,Web
Treadclimber,CAM45519 DODADCTDL3,,9/22/2014,9/22/2014,1,Online Display,Web
Treadclimber,CAM45519 DODADCTDL3,9/23/2014,9/23/2014,9/22/2014,2,Online Display,Web
Treadclimber,CAM45519 DODADCTDL3,,9/23/2014,9/22/2014,4,Online Display,Web
Treadclimber,CAM45519 DODADCTDL3,9/24/2014,9/24/2014,9/22/2014,2,Online Display,Web
Treadclimber,CAM45519 DODADCTDL3,,9/24/2014,9/22/2014,1,Online Display,Web
Treadclimber,CAM45519 DODADCTDL3,9/26/2014,9/26/2014,9/22/2014,1,Online Display,Web
Treadclimber,CAM45519 DODADCTDL3,9/27/2014,9/27/2014,9/22/2014,3,Online Display,Web
Treadclimber,CAM45519 DODADCTDL3,,9/27/2014,9/22/2014,1,Online Display,Web
Treadclimber,CAM45519 DODADCTDL3,9/28/2014,9/28/2014,9/22/2014,1,Online Display,Web
Treadclimber,CAM45519 DODADCTDL3,,9/28/2014,9/22/2014,1,Online Display,Web
Treadclimber,CAM45567 SAWDODADCT,9/27/2014,9/27/2014,9/22/2014,1,Online Display,Call Center Internal
Treadclimber,CAM30793 SAWDOSG2D,,9/25/2014,9/22/2014,1,Online Search,Call Center Internal
Treadclimber,CAM31080 dosg2ggl1bf,,9/23/2014,9/22/2014,1,Online Search,Web
Treadclimber,CAM31080 dosg2ggl1bf,,9/25/2014,9/22/2014,1,Online Search,Web
Treadclimber,CAM31080 dosg2ggl1bf,,9/27/2014,9/22/2014,1,Online Search,Web
Treadclimber,CAM31082 dosg2tgl1tc,9/22/2014,9/22/2014,9/22/2014,3,Online Search,Web
Treadclimber,CAM31082 dosg2tgl1tc,,9/22/2014,9/22/2014,3,Online Search,Web
Treadclimber,CAM31082 dosg2tgl1tc,9/23/2014,9/23/2014,9/22/2014,4,Online Search,Web
Treadclimber,CAM31082 dosg2tgl1tc,,9/23/2014,9/22/2014,6,Online Search,Web
Treadclimber,CAM31082 dosg2tgl1tc,9/24/2014,9/24/2014,9/22/2014,5,Online Search,Web
Treadclimber,CAM31082 dosg2tgl1tc,,9/24/2014,9/22/2014,6,Online Search,Web
Treadclimber,CAM31082 dosg2tgl1tc,9/25/2014,9/25/2014,9/22/2014,1,Online Search,Web
Treadclimber,CAM31082 dosg2tgl1tc,,9/25/2014,9/22/2014,4,Online Search,Web
Treadclimber,CAM31082 dosg2tgl1tc,9/26/2014,9/26/2014,9/22/2014,4,Online Search,Web
Treadclimber,CAM31082 dosg2tgl1tc,,9/26/2014,9/22/2014,2,Online Search,Web
Treadclimber,CAM31082 dosg2tgl1tc,9/27/2014,9/27/2014,9/22/2014,2,Online Search,Web
Treadclimber,CAM31082 dosg2tgl1tc,,9/27/2014,9/22/2014,4,Online Search,Web
Treadclimber,CAM31082 dosg2tgl1tc,9/28/2014,9/28/2014,9/22/2014,1,Online Search,Web
Treadclimber,CAM31082 dosg2tgl1tc,,9/28/2014,9/22/2014,3,Online Search,Web
Treadclimber,CAM32307 SAWDOSG2C,,9/23/2014,9/22/2014,1,Online Search,Call Center Internal
Treadclimber,CAM32376 dosg2csl1,,9/27/2014,9/22/2014,1,Online Search,Web
Treadclimber,CAM32376 dosg2csl1,,9/28/2014,9/22/2014,1,Online Search,Web
Treadclimber,CAM32595 SAWDOSBIT,9/22/2014,9/22/2014,9/22/2014,1,Online Search,Call Center Internal
Treadclimber,CAM32595 SAWDOSBIT,9/23/2014,9/23/2014,9/22/2014,1,Online Search,Call Center Internal
Treadclimber,CAM32595 SAWDOSBIT,,9/24/2014,9/22/2014,1,Online Search,Call Center Internal
Treadclimber,CAM32595 SAWDOSBIT,,9/25/2014,9/22/2014,1,Online Search,Call Center Internal
Treadclimber,CAM32595 SAWDOSBIT,,9/26/2014,9/22/2014,1,Online Search,Call Center Internal
Treadclimber,CAM32595 SAWDOSBIT,9/28/2014,9/28/2014,9/22/2014,1,Online Search,Call Center Internal
Treadclimber,CAM32595 SAWDOSBIT,9/22/2014,9/22/2014,9/22/2014,1,Online Search,Third Party Call Center - Evolve
Treadclimber,CAM32595 SAWDOSBIT,9/24/2014,9/24/2014,9/22/2014,1,Online Search,Third Party Call Center - Evolve
Treadclimber,CAM32595 SAWDOSBIT,,9/25/2014,9/22/2014,1,Online Search,Third Party Call Center - Evolve
Treadclimber,CAM32595 SAWDOSBIT,,9/26/2014,9/22/2014,1,Online Search,Third Party Call Center - Evolve
Treadclimber,CAM36194 dosg2tsl1,,9/22/2014,9/22/2014,1,Online Search,Web
Treadclimber,CAM36194 dosg2tsl1,9/23/2014,9/23/2014,9/22/2014,1,Online Search,Web
Treadclimber,CAM36194 dosg2tsl1,,9/23/2014,9/22/2014,2,Online Search,Web
Treadclimber,CAM36194 dosg2tsl1,9/24/2014,9/24/2014,9/22/2014,1,Online Search,Web
Treadclimber,CAM36194 dosg2tsl1,,9/25/2014,9/22/2014,1,Online Search,Web
Treadclimber,CAM36194 dosg2tsl1,,9/27/2014,9/22/2014,1,Online Search,Web
Treadclimber,CAM36194 dosg2tsl1,,9/28/2014,9/22/2014,1,Online Search,Web
Treadclimber,CAM36206 dosg2tsl7,,9/23/2014,9/22/2014,2,Online Search,Web
Treadclimber,CAM36206 dosg2tsl7,9/24/2014,9/24/2014,9/22/2014,1,Online Search,Web
Treadclimber,CAM36206 dosg2tsl7,,9/26/2014,9/22/2014,1,Online Search,Web
Treadclimber,CAM36206 dosg2tsl7,9/27/2014,9/27/2014,9/22/2014,2,Online Search,Web
Treadclimber,CAM36884 dosbitsl1,,9/22/2014,9/22/2014,1,Online Search,Web
Treadclimber,CAM37434 dosg2gsl29,,9/25/2014,9/22/2014,1,Online Search,Web
Treadclimber,CAM37440 dosg2tsl21,9/22/2014,9/22/2014,9/22/2014,19,Online Search,Web
Treadclimber,CAM37440 dosg2tsl21,,9/22/2014,9/22/2014,19,Online Search,Web
Treadclimber,CAM37440 dosg2tsl21,9/23/2014,9/23/2014,9/22/2014,17,Online Search,Web
Treadclimber,CAM37440 dosg2tsl21,,9/23/2014,9/22/2014,23,Online Search,Web
Treadclimber,CAM37440 dosg2tsl21,9/24/2014,9/24/2014,9/22/2014,16,Online Search,Web
Treadclimber,CAM37440 dosg2tsl21,9/28/2014,9/24/2014,9/22/2014,1,Online Search,Web
Treadclimber,CAM37440 dosg2tsl21,,9/24/2014,9/22/2014,22,Online Search,Web
Treadclimber,CAM37440 dosg2tsl21,9/25/2014,9/25/2014,9/22/2014,15,Online Search,Web
Treadclimber,CAM37440 dosg2tsl21,9/26/2014,9/25/2014,9/22/2014,1,Online Search,Web
Treadclimber,CAM37440 dosg2tsl21,,9/25/2014,9/22/2014,24,Online Search,Web
Treadclimber,CAM37440 dosg2tsl21,9/26/2014,9/26/2014,9/22/2014,12,Online Search,Web
Treadclimber,CAM37440 dosg2tsl21,,9/26/2014,9/22/2014,14,Online Search,Web
Treadclimber,CAM37440 dosg2tsl21,9/27/2014,9/27/2014,9/22/2014,17,Online Search,Web
Treadclimber,CAM37440 dosg2tsl21,,9/27/2014,9/22/2014,21,Online Search,Web
Treadclimber,CAM37440 dosg2tsl21,9/28/2014,9/28/2014,9/22/2014,14,Online Search,Web
Treadclimber,CAM37440 dosg2tsl21,,9/28/2014,9/22/2014,16,Online Search,Web
Treadclimber,CAM37442 dosg2tsl23,,9/27/2014,9/22/2014,1,Online Search,Web
Treadclimber,CAM37492 dosbitsl5,9/22/2014,9/22/2014,9/22/2014,8,Online Search,Web
Treadclimber,CAM37492 dosbitsl5,,9/22/2014,9/22/2014,1,Online Search,Web
Treadclimber,CAM37492 dosbitsl5,9/23/2014,9/23/2014,9/22/2014,7,Online Search,Web
Treadclimber,CAM37492 dosbitsl5,,9/23/2014,9/22/2014,1,Online Search,Web
Treadclimber,CAM37492 dosbitsl5,9/24/2014,9/24/2014,9/22/2014,5,Online Search,Web
Treadclimber,CAM37492 dosbitsl5,9/25/2014,9/25/2014,9/22/2014,5,Online Search,Web
Treadclimber,CAM37492 dosbitsl5,,9/25/2014,9/22/2014,1,Online Search,Web
Treadclimber,CAM37492 dosbitsl5,9/26/2014,9/26/2014,9/22/2014,7,Online Search,Web
Treadclimber,CAM37492 dosbitsl5,10/10/2014,9/26/2014,9/22/2014,1,Online Search,Web
Treadclimber,CAM37492 dosbitsl5,9/27/2014,9/27/2014,9/22/2014,1,Online Search,Web
Treadclimber,CAM37492 dosbitsl5,9/28/2014,9/28/2014,9/22/2014,5,Online Search,Web
Treadclimber,CAM37494 dosbitsl7,9/22/2014,9/22/2014,9/22/2014,1,Online Search,Web
Treadclimber,CAM37494 dosbitsl7,,9/24/2014,9/22/2014,1,Online Search,Web
Treadclimber,CAM37494 dosbitsl7,,9/25/2014,9/22/2014,1,Online Search,Web
Treadclimber,CAM37494 dosbitsl7,,9/26/2014,9/22/2014,1,Online Search,Web
Treadclimber,CAM37494 dosbitsl7,,9/27/2014,9/22/2014,1,Online Search,Web
Treadclimber,CAM37495 dosbitsl8,9/22/2014,9/22/2014,9/22/2014,1,Online Search,Web
Treadclimber,CAM37495 dosbitsl8,,9/23/2014,9/22/2014,1,Online Search,Web
Treadclimber,CAM37495 dosbitsl8,9/26/2014,9/26/2014,9/22/2014,2,Online Search,Web
Treadclimber,CAM37655 dosbitsl10,9/22/2014,9/22/2014,9/22/2014,18,Online Search,Web
Treadclimber,CAM37655 dosbitsl10,,9/22/2014,9/22/2014,14,Online Search,Web
Treadclimber,CAM37655 dosbitsl10,9/23/2014,9/23/2014,9/22/2014,14,Online Search,Web
Treadclimber,CAM37655 dosbitsl10,,9/23/2014,9/22/2014,8,Online Search,Web
Treadclimber,CAM37655 dosbitsl10,9/24/2014,9/24/2014,9/22/2014,11,Online Search,Web
Treadclimber,CAM37655 dosbitsl10,10/2/2014,9/24/2014,9/22/2014,1,Online Search,Web
Treadclimber,CAM37655 dosbitsl10,,9/24/2014,9/22/2014,19,Online Search,Web
Treadclimber,CAM37655 dosbitsl10,9/25/2014,9/25/2014,9/22/2014,7,Online Search,Web
Treadclimber,CAM37655 dosbitsl10,,9/25/2014,9/22/2014,14,Online Search,Web
Treadclimber,CAM37655 dosbitsl10,9/26/2014,9/26/2014,9/22/2014,12,Online Search,Web
Treadclimber,CAM37655 dosbitsl10,,9/26/2014,9/22/2014,9,Online Search,Web
Treadclimber,CAM37655 dosbitsl10,9/27/2014,9/27/2014,9/22/2014,18,Online Search,Web
Treadclimber,CAM37655 dosbitsl10,,9/27/2014,9/22/2014,14,Online Search,Web
Treadclimber,CAM37655 dosbitsl10,9/28/2014,9/28/2014,9/22/2014,16,Online Search,Web
Treadclimber,CAM37655 dosbitsl10,10/9/2014,9/28/2014,9/22/2014,1,Online Search,Web
Treadclimber,CAM37655 dosbitsl10,,9/28/2014,9/22/2014,13,Online Search,Web
Treadclimber,CAM38842 dosg2tsl27,9/22/2014,9/22/2014,9/22/2014,24,Online Search,Web
Treadclimber,CAM38842 dosg2tsl27,9/23/2014,9/22/2014,9/22/2014,1,Online Search,Web
Treadclimber,CAM38842 dosg2tsl27,9/28/2014,9/22/2014,9/22/2014,1,Online Search,Web
Treadclimber,CAM38842 dosg2tsl27,9/23/2014,9/23/2014,9/22/2014,20,Online Search,Web
Treadclimber,CAM38842 dosg2tsl27,,9/23/2014,9/22/2014,1,Online Search,Web
Treadclimber,CAM38842 dosg2tsl27,9/24/2014,9/24/2014,9/22/2014,18,Online Search,Web
Treadclimber,CAM38842 dosg2tsl27,9/25/2014,9/25/2014,9/22/2014,14,Online Search,Web
Treadclimber,CAM38842 dosg2tsl27,9/26/2014,9/26/2014,9/22/2014,10,Online Search,Web
Treadclimber,CAM38842 dosg2tsl27,9/27/2014,9/27/2014,9/22/2014,18,Online Search,Web
Treadclimber,CAM38842 dosg2tsl27,,9/27/2014,9/22/2014,1,Online Search,Web
Treadclimber,CAM38842 dosg2tsl27,9/28/2014,9/28/2014,9/22/2014,13,Online Search,Web
Treadclimber,CAM39442 dosbitgl1tc,,9/22/2014,9/22/2014,2,Online Search,Web
Treadclimber,CAM39442 dosbitgl1tc,9/23/2014,9/23/2014,9/22/2014,2,Online Search,Web
Treadclimber,CAM39442 dosbitgl1tc,10/1/2014,9/23/2014,9/22/2014,1,Online Search,Web
Treadclimber,CAM39442 dosbitgl1tc,,9/23/2014,9/22/2014,3,Online Search,Web
Treadclimber,CAM39442 dosbitgl1tc,9/24/2014,9/24/2014,9/22/2014,4,Online Search,Web
Treadclimber,CAM39442 dosbitgl1tc,9/25/2014,9/25/2014,9/22/2014,1,Online Search,Web
Treadclimber,CAM39442 dosbitgl1tc,,9/25/2014,9/22/2014,2,Online Search,Web
Treadclimber,CAM39442 dosbitgl1tc,9/26/2014,9/26/2014,9/22/2014,2,Online Search,Web
Treadclimber,CAM39442 dosbitgl1tc,,9/26/2014,9/22/2014,3,Online Search,Web
Treadclimber,CAM39442 dosbitgl1tc,9/27/2014,9/27/2014,9/22/2014,2,Online Search,Web
Treadclimber,CAM39442 dosbitgl1tc,9/28/2014,9/28/2014,9/22/2014,2,Online Search,Web
Treadclimber,CAM39442 dosbitgl1tc,,9/28/2014,9/22/2014,1,Online Search,Web
Treadclimber,CAM43666 dosg2tmobile4,9/22/2014,9/22/2014,9/22/2014,15,Online Search,Web
Treadclimber,CAM43666 dosg2tmobile4,9/26/2014,9/22/2014,9/22/2014,1,Online Search,Web
Treadclimber,CAM43666 dosg2tmobile4,9/30/2014,9/22/2014,9/22/2014,1,Online Search,Web
Treadclimber,CAM43666 dosg2tmobile4,,9/22/2014,9/22/2014,2,Online Search,Web
Treadclimber,CAM43666 dosg2tmobile4,9/23/2014,9/23/2014,9/22/2014,12,Online Search,Web
Treadclimber,CAM43666 dosg2tmobile4,,9/23/2014,9/22/2014,5,Online Search,Web
Treadclimber,CAM43666 dosg2tmobile4,9/24/2014,9/24/2014,9/22/2014,6,Online Search,Web
Treadclimber,CAM43666 dosg2tmobile4,9/29/2014,9/24/2014,9/22/2014,1,Online Search,Web
Treadclimber,CAM43666 dosg2tmobile4,,9/24/2014,9/22/2014,4,Online Search,Web
Treadclimber,CAM43666 dosg2tmobile4,9/25/2014,9/25/2014,9/22/2014,10,Online Search,Web
Treadclimber,CAM43666 dosg2tmobile4,,9/25/2014,9/22/2014,3,Online Search,Web
Treadclimber,CAM43666 dosg2tmobile4,9/26/2014,9/26/2014,9/22/2014,6,Online Search,Web
Treadclimber,CAM43666 dosg2tmobile4,,9/26/2014,9/22/2014,4,Online Search,Web
Treadclimber,CAM43666 dosg2tmobile4,9/27/2014,9/27/2014,9/22/2014,9,Online Search,Web
Treadclimber,CAM43666 dosg2tmobile4,,9/27/2014,9/22/2014,3,Online Search,Web
Treadclimber,CAM43666 dosg2tmobile4,9/28/2014,9/28/2014,9/22/2014,12,Online Search,Web
Treadclimber,CAM43666 dosg2tmobile4,,9/28/2014,9/22/2014,4,Online Search,Web
Treadclimber,CAM43667 dosg2tmobile5,9/22/2014,9/22/2014,9/22/2014,20,Online Search,Web
Treadclimber,CAM43667 dosg2tmobile5,9/23/2014,9/23/2014,9/22/2014,13,Online Search,Web
Treadclimber,CAM43667 dosg2tmobile5,9/24/2014,9/24/2014,9/22/2014,14,Online Search,Web
Treadclimber,CAM43667 dosg2tmobile5,9/25/2014,9/25/2014,9/22/2014,15,Online Search,Web
Treadclimber,CAM43667 dosg2tmobile5,,9/25/2014,9/22/2014,1,Online Search,Web
Treadclimber,CAM43667 dosg2tmobile5,9/26/2014,9/26/2014,9/22/2014,11,Online Search,Web
Treadclimber,CAM43667 dosg2tmobile5,9/27/2014,9/27/2014,9/22/2014,10,Online Search,Web
Treadclimber,CAM43667 dosg2tmobile5,9/28/2014,9/28/2014,9/22/2014,25,Online Search,Web
Treadclimber,CAM43804 dosg2tmobile6,9/22/2014,9/22/2014,9/22/2014,3,Online Search,Web
Treadclimber,CAM43804 dosg2tmobile6,,9/22/2014,9/22/2014,1,Online Search,Web
Treadclimber,CAM43804 dosg2tmobile6,9/23/2014,9/23/2014,9/22/2014,2,Online Search,Web
Treadclimber,CAM43804 dosg2tmobile6,,9/23/2014,9/22/2014,2,Online Search,Web
Treadclimber,CAM43804 dosg2tmobile6,9/24/2014,9/24/2014,9/22/2014,2,Online Search,Web
Treadclimber,CAM43804 dosg2tmobile6,,9/24/2014,9/22/2014,2,Online Search,Web
Treadclimber,CAM43804 dosg2tmobile6,9/25/2014,9/25/2014,9/22/2014,1,Online Search,Web
Treadclimber,CAM43804 dosg2tmobile6,9/26/2014,9/26/2014,9/22/2014,2,Online Search,Web
Treadclimber,CAM43804 dosg2tmobile6,9/27/2014,9/27/2014,9/22/2014,2,Online Search,Web
Treadclimber,CAM43804 dosg2tmobile6,9/28/2014,9/28/2014,9/22/2014,5,Online Search,Web
Treadclimber,CAM44065 SAWDOSG2TMOBILE2,9/22/2014,9/22/2014,9/22/2014,1,Online Search,Call Center Internal
Treadclimber,CAM44065 SAWDOSG2TMOBILE2,10/27/2014,9/22/2014,9/22/2014,1,Online Search,Call Center Internal
Treadclimber,CAM44065 SAWDOSG2TMOBILE2,,9/25/2014,9/22/2014,1,Online Search,Call Center Internal
Treadclimber,CAM44065 SAWDOSG2TMOBILE2,9/26/2014,9/26/2014,9/22/2014,1,Online Search,Call Center Internal
Treadclimber,CAM44065 SAWDOSG2TMOBILE2,9/26/2014,9/26/2014,9/22/2014,1,Online Search,Third Party Call Center - West
Treadclimber,CAM44108 dosbitsl13,9/22/2014,9/22/2014,9/22/2014,9,Online Search,Web
Treadclimber,CAM44108 dosbitsl13,9/23/2014,9/23/2014,9/22/2014,2,Online Search,Web
Treadclimber,CAM44108 dosbitsl13,9/24/2014,9/24/2014,9/22/2014,2,Online Search,Web
Treadclimber,CAM44108 dosbitsl13,9/26/2014,9/26/2014,9/22/2014,1,Online Search,Web
Treadclimber,CAM44108 dosbitsl13,9/27/2014,9/27/2014,9/22/2014,2,Online Search,Web
Treadclimber,CAM44108 dosbitsl13,9/28/2014,9/28/2014,9/22/2014,1,Online Search,Web
Treadclimber,CAM44223 SAWDOSBIE,,9/22/2014,9/22/2014,1,Online Search,Call Center Internal
Treadclimber,CAM44230 SAWDOSG2E,,9/25/2014,9/22/2014,2,Online Search,Call Center Internal
Treadclimber,CAM44230 SAWDOSG2E,,9/27/2014,9/22/2014,1,Online Search,Call Center Internal
Treadclimber,CAM44230 SAWDOSG2E,,9/28/2014,9/22/2014,1,Online Search,Call Center Internal
Treadclimber,CAM44230 SAWDOSG2E,,9/22/2014,9/22/2014,1,Online Search,Third Party Call Center - Evolve
Treadclimber,CAM44230 SAWDOSG2E,,9/24/2014,9/22/2014,1,Online Search,Third Party Call Center - Evolve
Treadclimber,CAM44230 SAWDOSG2E,,9/25/2014,9/22/2014,1,Online Search,Third Party Call Center - Evolve
Treadclimber,CAM44230 SAWDOSG2E,,9/27/2014,9/22/2014,1,Online Search,Third Party Call Center - Evolve
Treadclimber,CAM44429 dosbiesl1,,9/24/2014,9/22/2014,1,Online Search,Web
Treadclimber,CAM44429 dosbiesl1,,9/27/2014,9/22/2014,1,Online Search,Web
Treadclimber,CAM44435 dosg2egl1mx,,9/25/2014,9/22/2014,1,Online Search,Call Center Internal
Treadclimber,CAM44435 dosg2egl1mx,,9/22/2014,9/22/2014,1,Online Search,Web
Treadclimber,CAM44435 dosg2egl1mx,,9/24/2014,9/22/2014,1,Online Search,Web
Treadclimber,CAM44435 dosg2egl1mx,,9/25/2014,9/22/2014,1,Online Search,Web
Treadclimber,CAM44497 dosg2esl1,,9/22/2014,9/22/2014,2,Online Search,Web
Treadclimber,CAM44497 dosg2esl1,,9/25/2014,9/22/2014,1,Online Search,Web
Treadclimber,CAM44497 dosg2esl1,,9/26/2014,9/22/2014,2,Online Search,Web
Treadclimber,CAM44520 dosbiegl1mx,,9/22/2014,9/22/2014,1,Online Search,Web
Treadclimber,CAM44520 dosbiegl1mx,,9/26/2014,9/22/2014,1,Online Search,Web
Treadclimber,CAM45009 dosg2eml1,,9/26/2014,9/22/2014,1,Online Search,Web
Treadclimber,CAM45732 DOSBIESL7,,9/23/2014,9/22/2014,1,Online Search,Web
Treadclimber,CAM45853 DOSBITSL16,9/24/2014,9/24/2014,9/22/2014,2,Online Search,Web
Treadclimber,CAM45853 DOSBITSL16,9/25/2014,9/25/2014,9/22/2014,2,Online Search,Web
Treadclimber,CAM45853 DOSBITSL16,9/28/2014,9/28/2014,9/22/2014,3,Online Search,Web
Treadclimber,CAM32123 dofg2tfeed1,9/22/2014,9/22/2014,9/22/2014,3,Online Shopping,Web
Treadclimber,CAM32123 dofg2tfeed1,,9/22/2014,9/22/2014,4,Online Shopping,Web
Treadclimber,CAM32123 dofg2tfeed1,9/23/2014,9/23/2014,9/22/2014,4,Online Shopping,Web
Treadclimber,CAM32123 dofg2tfeed1,,9/23/2014,9/22/2014,2,Online Shopping,Web
Treadclimber,CAM32123 dofg2tfeed1,9/24/2014,9/24/2014,9/22/2014,5,Online Shopping,Web
Treadclimber,CAM32123 dofg2tfeed1,,9/24/2014,9/22/2014,1,Online Shopping,Web
Treadclimber,CAM32123 dofg2tfeed1,9/25/2014,9/25/2014,9/22/2014,2,Online Shopping,Web
Treadclimber,CAM32123 dofg2tfeed1,10/6/2014,9/25/2014,9/22/2014,1,Online Shopping,Web
Treadclimber,CAM32123 dofg2tfeed1,,9/25/2014,9/22/2014,1,Online Shopping,Web
Treadclimber,CAM32123 dofg2tfeed1,9/26/2014,9/26/2014,9/22/2014,2,Online Shopping,Web
Treadclimber,CAM32123 dofg2tfeed1,,9/26/2014,9/22/2014,2,Online Shopping,Web
Treadclimber,CAM32123 dofg2tfeed1,9/27/2014,9/27/2014,9/22/2014,4,Online Shopping,Web
Treadclimber,CAM32123 dofg2tfeed1,,9/27/2014,9/22/2014,3,Online Shopping,Web
Treadclimber,CAM32123 dofg2tfeed1,9/28/2014,9/28/2014,9/22/2014,5,Online Shopping,Web
Treadclimber,CAM32123 dofg2tfeed1,,9/28/2014,9/22/2014,2,Online Shopping,Web
Treadclimber,CAM32125 dofnexttfeed1,,9/22/2014,9/22/2014,1,Online Shopping,Web
Treadclimber,CAM32125 dofnexttfeed1,,9/23/2014,9/22/2014,1,Online Shopping,Web
Treadclimber,CAM32126 dofpgtfeed1,,9/23/2014,9/22/2014,1,Online Shopping,Web
Treadclimber,CAM32126 dofpgtfeed1,,9/24/2014,9/22/2014,1,Online Shopping,Web
Treadclimber,CAM32126 dofpgtfeed1,,9/26/2014,9/22/2014,1,Online Shopping,Web
Treadclimber,CAM32129 dofsztfeed1,,9/24/2014,9/22/2014,1,Online Shopping,Web
Treadclimber,CAM32129 dofsztfeed1,,9/26/2014,9/22/2014,1,Online Shopping,Web
Treadclimber,CAM33966 dofg2cfeed1,,9/22/2014,9/22/2014,3,Online Shopping,Web
Treadclimber,CAM33966 dofg2cfeed1,,9/23/2014,9/22/2014,2,Online Shopping,Web
Treadclimber,CAM33966 dofg2cfeed1,,9/26/2014,9/22/2014,1,Online Shopping,Web
Treadclimber,CAM33966 dofg2cfeed1,,9/27/2014,9/22/2014,1,Online Shopping,Web
Treadclimber,CAM35998 SAWICAOFSTPRT,,9/26/2014,9/22/2014,1,Online Shopping,Call Center Internal
Treadclimber,CAM41244 dofbectfeed2,,9/24/2014,9/22/2014,2,Online Shopping,Web
Treadclimber,CAM41244 dofbectfeed2,,9/28/2014,9/22/2014,1,Online Shopping,Web
Treadclimber,CAM44887 dofg2efeed1,,9/22/2014,9/22/2014,1,Online Shopping,Web
Treadclimber,CAM44887 dofg2efeed1,,9/24/2014,9/22/2014,1,Online Shopping,Web
Treadclimber,CAM44887 dofg2efeed1,,9/26/2014,9/22/2014,1,Online Shopping,Web
Treadclimber,CAM44887 dofg2efeed1,,9/28/2014,9/22/2014,2,Online Shopping,Web
Treadclimber,CAM45043 SAWDOFG2E,,9/23/2014,9/22/2014,1,Online Shopping,Call Center Internal
Treadclimber,CAM45043 SAWDOFG2E,,9/25/2014,9/22/2014,1,Online Shopping,Call Center Internal
Treadclimber,CAM45043 SAWDOFG2E,,9/27/2014,9/22/2014,1,Online Shopping,Call Center Internal
Treadclimber,CAM45043 SAWDOFG2E,,9/27/2014,9/22/2014,1,Online Shopping,Third Party Call Center - Evolve
Treadclimber,CAM45856 DOXFBTSUCCESS,9/23/2014,9/23/2014,9/22/2014,3,Online Social,Web
Treadclimber,CAM45856 DOXFBTSUCCESS,9/24/2014,9/24/2014,9/22/2014,1,Online Social,Web
Treadclimber,CAM39152 dovhulutvl1,9/22/2014,9/22/2014,9/22/2014,1,Online Video,Web
Treadclimber,CAM39152 dovhulutvl1,,9/23/2014,9/22/2014,1,Online Video,Web
Treadclimber,CAM45534 DOVSTKTMVL2,9/23/2014,9/23/2014,9/22/2014,1,Online Video,Web
Treadclimber,CAM45534 DOVSTKTMVL2,9/25/2014,9/25/2014,9/22/2014,5,Online Video,Web
Treadclimber,CAM30938 SHOPTEXTWALK,9/22/2014,9/22/2014,9/22/2014,1,Other - Agency,Shoptext
Treadclimber,CAM30938 SHOPTEXTWALK,9/23/2014,9/23/2014,9/22/2014,1,Other - Agency,Shoptext
Treadclimber,CAM30938 SHOPTEXTWALK,9/25/2014,9/25/2014,9/22/2014,1,Other - Agency,Shoptext
Treadclimber,CAM30938 SHOPTEXTWALK,9/27/2014,9/27/2014,9/22/2014,1,Other - Agency,Shoptext
Treadclimber,CAM34858 SHOPTEXTSTEP,9/22/2014,9/22/2014,9/22/2014,1,Other - Agency,Shoptext
Treadclimber,CAM36528 FACEBOOK010612,9/23/2014,9/23/2014,9/22/2014,1,Other - Agency,Call Center Internal
Treadclimber,CAM41285 deotshoptextstep,10/8/2014,9/25/2014,9/22/2014,1,Other - Agency,Web
Treadclimber,CAM41286 deotshoptextwalk,9/22/2014,9/22/2014,9/22/2014,2,Other - Agency,Web
Treadclimber,CAM24151 MAXFITADDVAL,,9/27/2014,9/22/2014,1,Print,Call Center Internal
Treadclimber,CAM34918 P0311WOMDYAPRIL,,9/27/2014,9/22/2014,1,Print,Call Center Internal
Treadclimber,CAM36723 P0612WDAYTC20,9/22/2014,9/22/2014,9/22/2014,1,Print,Call Center Internal
Treadclimber,CAM38956 P0613WDAYTC20B,9/25/2014,9/25/2014,9/22/2014,1,Print,Third Party Call Center - Evolve
Treadclimber,CAM43746 P02141STWMNTC20B,9/27/2014,9/27/2014,9/22/2014,1,Print,Call Center Internal
Treadclimber,CAM45013 P0614WEBMDTC20B,,9/23/2014,9/22/2014,1,Print,Call Center Internal
Treadclimber,CAM45013 P0614WEBMDTC20B,9/24/2014,9/24/2014,9/22/2014,1,Print,Call Center Internal
Treadclimber,CAM45335 P0714WWATCHTC20B,9/22/2014,9/22/2014,9/22/2014,1,Print,Call Center Internal
Treadclimber,CAM45468 P0914RRAYONSRT,9/22/2014,9/22/2014,9/22/2014,1,Print,Call Center Internal
Treadclimber,CAM45468 P0914RRAYONSRT,9/25/2014,9/25/2014,9/22/2014,2,Print,Call Center Internal
Treadclimber,CAM45468 P0914RRAYONSRT,9/26/2014,9/26/2014,9/22/2014,1,Print,Third Party Call Center - West
Treadclimber,CAM45553 P0914WWATCHTC20B,9/22/2014,9/22/2014,9/22/2014,1,Print,Third Party Call Center - Evolve
Treadclimber,CAM45553 P0914WWATCHTC20B,,9/27/2014,9/22/2014,1,Print,Third Party Call Center - Evolve
Treadclimber,CAM45555 P08141STWMNCOLL,9/23/2014,9/23/2014,9/22/2014,1,Print,Call Center Internal
Treadclimber,CAM45556 P0914DIABETCOLL,9/22/2014,9/22/2014,9/22/2014,1,Print,Third Party Call Center - West
Treadclimber,CAM1 ****N5MNBWAP5***_TRC,9/22/2014,9/22/2014,9/22/2014,1,Short Form,Call Center Internal
Treadclimber,CAM1 ****N5MNBWAP5***_TRC,,9/25/2014,9/22/2014,1,Short Form,Call Center Internal
Treadclimber,CAM1 ****N5MNBWAP5***_TRC,9/28/2014,9/28/2014,9/22/2014,1,Short Form,Call Center Internal
Treadclimber,CAM24487 SPKEN60*CRBTP***,9/24/2014,9/24/2014,9/22/2014,1,Short Form,Call Center Internal
Treadclimber,CAM34853 SAWTCIM0003,,9/28/2014,9/22/2014,1,Short Form,Call Center Internal
Treadclimber,CAM37549 HIS2N120FLOOPTIC,9/25/2014,9/25/2014,9/22/2014,1,Short Form,Call Center Internal
Treadclimber,CAM38418 PALLN120FLY13TIC,9/26/2014,9/26/2014,9/22/2014,1,Short Form,Call Center Internal
Treadclimber,CAM38567 BRVON180FLY13TIC,9/24/2014,9/24/2014,9/22/2014,1,Short Form,Call Center Internal
Treadclimber,CAM41122 CLASP60*JRNEYWST,9/23/2014,9/23/2014,9/22/2014,1,Short Form,Third Party Call Center - West
Treadclimber,CAM41122 CLASP60*JRNEYWST,9/25/2014,9/25/2014,9/22/2014,1,Short Form,Third Party Call Center - West
Treadclimber,CAM44299 LMN*N60*JNY2HTIC,9/23/2014,9/23/2014,9/22/2014,1,Short Form,Call Center Internal
Treadclimber,CAM44335 INSPN120JNYNYTIC,9/26/2014,9/26/2014,9/22/2014,1,Short Form,Call Center Internal
Treadclimber,CAM44361 SPKEN120JNYNYTIC,9/30/2014,9/24/2014,9/22/2014,1,Short Form,Call Center Internal
Treadclimber,CAM44391 FOODL60*GRT2HTIC,9/25/2014,9/25/2014,9/22/2014,1,Short Form,Call Center Internal
Treadclimber,CAM44498 SUNDN120BFMAXTIC,,9/26/2014,9/22/2014,1,Short Form,Call Center Internal
Treadclimber,CAM44649 METVN60*GRT2HTIC,9/24/2014,9/24/2014,9/22/2014,1,Short Form,Call Center Internal
Treadclimber,CAM44649 METVN60*GRT2HTIC,9/26/2014,9/26/2014,9/22/2014,1,Short Form,Call Center Internal
Treadclimber,CAM44649 METVN60*GRT2HTIC,9/28/2014,9/28/2014,9/22/2014,1,Short Form,Call Center Internal
Treadclimber,CAM44818 CM24P120GRT2HWST,9/22/2014,9/22/2014,9/22/2014,2,Short Form,Third Party Call Center - West
Treadclimber,CAM44818 CM24P120GRT2HWST,9/25/2014,9/25/2014,9/22/2014,2,Short Form,Third Party Call Center - West
Treadclimber,CAM44818 CM24P120GRT2HWST,9/28/2014,9/28/2014,9/22/2014,2,Short Form,Third Party Call Center - West
Treadclimber,CAM44826 CMGCP60*GRT2HWST,9/22/2014,9/22/2014,9/22/2014,1,Short Form,Third Party Call Center - West
Treadclimber,CAM44826 CMGCP60*GRT2HWST,9/23/2014,9/23/2014,9/22/2014,1,Short Form,Third Party Call Center - West
Treadclimber,CAM44826 CMGCP60*GRT2HWST,9/24/2014,9/24/2014,9/22/2014,1,Short Form,Third Party Call Center - West
Treadclimber,CAM44826 CMGCP60*GRT2HWST,9/25/2014,9/25/2014,9/22/2014,1,Short Form,Third Party Call Center - West
Treadclimber,CAM44826 CMGCP60*GRT2HWST,9/26/2014,9/26/2014,9/22/2014,1,Short Form,Third Party Call Center - West
Treadclimber,CAM44826 CMGCP60*GRT2HWST,9/28/2014,9/28/2014,9/22/2014,1,Short Form,Third Party Call Center - West
Treadclimber,CAM44827 CMGDP60*GRT2HWST,9/22/2014,9/22/2014,9/22/2014,2,Short Form,Third Party Call Center - West
Treadclimber,CAM44827 CMGDP60*GRT2HWST,9/23/2014,9/23/2014,9/22/2014,2,Short Form,Third Party Call Center - West
Treadclimber,CAM44827 CMGDP60*GRT2HWST,9/24/2014,9/24/2014,9/22/2014,2,Short Form,Third Party Call Center - West
Treadclimber,CAM44827 CMGDP60*GRT2HWST,9/25/2014,9/25/2014,9/22/2014,3,Short Form,Third Party Call Center - West
Treadclimber,CAM44827 CMGDP60*GRT2HWST,9/26/2014,9/26/2014,9/22/2014,2,Short Form,Third Party Call Center - West
Treadclimber,CAM44827 CMGDP60*GRT2HWST,9/27/2014,9/27/2014,9/22/2014,3,Short Form,Third Party Call Center - West
Treadclimber,CAM44827 CMGDP60*GRT2HWST,9/28/2014,9/28/2014,9/22/2014,2,Short Form,Third Party Call Center - West
Treadclimber,CAM44832 CM22P120GRT2HWST,9/27/2014,9/27/2014,9/22/2014,1,Short Form,Third Party Call Center - West
Treadclimber,CAM44834 CM23P120GRT2HWST,9/27/2014,9/27/2014,9/22/2014,1,Short Form,Third Party Call Center - West
Treadclimber,CAM44940 HALMN120GRT2HTIC,9/22/2014,9/22/2014,9/22/2014,1,Short Form,Call Center Internal
Treadclimber,CAM44940 HALMN120GRT2HTIC,9/28/2014,9/28/2014,9/22/2014,1,Short Form,Call Center Internal
Treadclimber,CAM44944 HIS2N180GRT2HTIC,9/22/2014,9/22/2014,9/22/2014,5,Short Form,Call Center Internal
Treadclimber,CAM44944 HIS2N180GRT2HTIC,9/23/2014,9/23/2014,9/22/2014,5,Short Form,Call Center Internal
Treadclimber,CAM44944 HIS2N180GRT2HTIC,9/24/2014,9/24/2014,9/22/2014,7,Short Form,Call Center Internal
Treadclimber,CAM44944 HIS2N180GRT2HTIC,9/25/2014,9/25/2014,9/22/2014,3,Short Form,Call Center Internal
Treadclimber,CAM44944 HIS2N180GRT2HTIC,9/27/2014,9/27/2014,9/22/2014,2,Short Form,Call Center Internal
Treadclimber,CAM44944 HIS2N180GRT2HTIC,9/28/2014,9/28/2014,9/22/2014,1,Short Form,Call Center Internal
Treadclimber,CAM44944 HIS2N180GRT2HTIC,9/23/2014,9/23/2014,9/22/2014,1,Short Form,Third Party Call Center - Evolve
Treadclimber,CAM44944 HIS2N180GRT2HTIC,,9/25/2014,9/22/2014,1,Short Form,Third Party Call Center - Evolve
Treadclimber,CAM44963 FOXNN120GRT2HTIC,9/22/2014,9/22/2014,9/22/2014,2,Short Form,Call Center Internal
Treadclimber,CAM44963 FOXNN120GRT2HTIC,9/23/2014,9/23/2014,9/22/2014,3,Short Form,Call Center Internal
Treadclimber,CAM44963 FOXNN120GRT2HTIC,9/24/2014,9/24/2014,9/22/2014,2,Short Form,Call Center Internal
Treadclimber,CAM44963 FOXNN120GRT2HTIC,9/22/2014,9/22/2014,9/22/2014,2,Short Form,Third Party Call Center - Evolve
Treadclimber,CAM44963 FOXNN120GRT2HTIC,9/24/2014,9/24/2014,9/22/2014,2,Short Form,Third Party Call Center - Evolve
Treadclimber,CAM44963 FOXNN120GRT2HTIC,9/25/2014,9/25/2014,9/22/2014,2,Short Form,Third Party Call Center - Evolve
Treadclimber,CAM44963 FOXNN120GRT2HTIC,10/16/2014,9/26/2014,9/22/2014,1,Short Form,Third Party Call Center - West
Treadclimber,CAM44974 INSPN120GRT2HTIC,9/26/2014,9/26/2014,9/22/2014,1,Short Form,Call Center Internal
Treadclimber,CAM44975 INSPN180GRT2HTIC,9/22/2014,9/22/2014,9/22/2014,1,Short Form,Call Center Internal
Treadclimber,CAM44975 INSPN180GRT2HTIC,9/23/2014,9/23/2014,9/22/2014,1,Short Form,Call Center Internal
Treadclimber,CAM44975 INSPN180GRT2HTIC,9/24/2014,9/24/2014,9/22/2014,7,Short Form,Call Center Internal
Treadclimber,CAM44975 INSPN180GRT2HTIC,10/11/2014,9/24/2014,9/22/2014,1,Short Form,Call Center Internal
Treadclimber,CAM44975 INSPN180GRT2HTIC,9/26/2014,9/26/2014,9/22/2014,1,Short Form,Call Center Internal
Treadclimber,CAM44975 INSPN180GRT2HTIC,9/27/2014,9/27/2014,9/22/2014,1,Short Form,Call Center Internal
Treadclimber,CAM44975 INSPN180GRT2HTIC,9/28/2014,9/28/2014,9/22/2014,3,Short Form,Call Center Internal
Treadclimber,CAM44975 INSPN180GRT2HTIC,9/24/2014,9/22/2014,9/22/2014,1,Short Form,Third Party Call Center - Evolve
Treadclimber,CAM44975 INSPN180GRT2HTIC,9/24/2014,9/24/2014,9/22/2014,1,Short Form,Third Party Call Center - Evolve
Treadclimber,CAM44975 INSPN180GRT2HTIC,9/27/2014,9/27/2014,9/22/2014,4,Short Form,Third Party Call Center - Evolve
Treadclimber,CAM44975 INSPN180GRT2HTIC,,9/27/2014,9/22/2014,1,Short Form,Third Party Call Center - Evolve
Treadclimber,CAM44975 INSPN180GRT2HTIC,,9/28/2014,9/22/2014,1,Short Form,Third Party Call Center - Evolve
Treadclimber,CAM44975 INSPN180GRT2HTIC,9/27/2014,9/27/2014,9/22/2014,5,Short Form,Third Party Call Center - West
Treadclimber,CAM45022 PUREN180GRT2HTIC,9/22/2014,9/22/2014,9/22/2014,1,Short Form,Call Center Internal
Treadclimber,CAM45022 PUREN180GRT2HTIC,9/23/2014,9/23/2014,9/22/2014,1,Short Form,Call Center Internal
Treadclimber,CAM45022 PUREN180GRT2HTIC,9/24/2014,9/24/2014,9/22/2014,2,Short Form,Call Center Internal
Treadclimber,CAM45022 PUREN180GRT2HTIC,9/25/2014,9/25/2014,9/22/2014,1,Short Form,Call Center Internal
Treadclimber,CAM45022 PUREN180GRT2HTIC,,9/27/2014,9/22/2014,1,Short Form,Call Center Internal
Treadclimber,CAM45022 PUREN180GRT2HTIC,,9/25/2014,9/22/2014,1,Short Form,Third Party Call Center - Evolve
Treadclimber,CAM45022 PUREN180GRT2HTIC,9/28/2014,9/28/2014,9/22/2014,1,Short Form,Third Party Call Center - Evolve
Treadclimber,CAM45081 TSN*C120GENTSKST,9/25/2014,9/25/2014,9/22/2014,1,Short Form,Call Center Internal
Treadclimber,CAM45083 UPTVN120GRT2HTIC,10/31/2014,9/22/2014,9/22/2014,1,Short Form,Call Center Internal
Treadclimber,CAM45083 UPTVN120GRT2HTIC,9/26/2014,9/26/2014,9/22/2014,1,Short Form,Call Center Internal
Treadclimber,CAM45090 UAIRN120JRNEYTIC,9/28/2014,9/28/2014,9/22/2014,1,Short Form,Call Center Internal
Treadclimber,CAM45112 SPKEN120GENTSTIC,9/22/2014,9/22/2014,9/22/2014,2,Short Form,Call Center Internal
Treadclimber,CAM45112 SPKEN120GENTSTIC,9/23/2014,9/23/2014,9/22/2014,6,Short Form,Call Center Internal
Treadclimber,CAM45112 SPKEN120GENTSTIC,9/24/2014,9/24/2014,9/22/2014,7,Short Form,Call Center Internal
Treadclimber,CAM45112 SPKEN120GENTSTIC,9/25/2014,9/25/2014,9/22/2014,7,Short Form,Call Center Internal
Treadclimber,CAM45112 SPKEN120GENTSTIC,9/26/2014,9/26/2014,9/22/2014,5,Short Form,Call Center Internal
Treadclimber,CAM45112 SPKEN120GENTSTIC,9/23/2014,9/23/2014,9/22/2014,2,Short Form,Third Party Call Center - Evolve
Treadclimber,CAM45163 CMGGP60*GRT2HWST,9/26/2014,9/26/2014,9/22/2014,1,Short Form,Third Party Call Center - West
Treadclimber,CAM45344 PALLN120GENTSTIC,9/22/2014,9/22/2014,9/22/2014,1,Short Form,Call Center Internal
Treadclimber,CAM45344 PALLN120GENTSTIC,9/24/2014,9/24/2014,9/22/2014,2,Short Form,Call Center Internal
Treadclimber,CAM45344 PALLN120GENTSTIC,9/25/2014,9/25/2014,9/22/2014,2,Short Form,Call Center Internal
Treadclimber,CAM45344 PALLN120GENTSTIC,10/3/2014,9/25/2014,9/22/2014,1,Short Form,Call Center Internal
Treadclimber,CAM45344 PALLN120GENTSTIC,,9/25/2014,9/22/2014,1,Short Form,Call Center Internal
Treadclimber,CAM45344 PALLN120GENTSTIC,,9/26/2014,9/22/2014,1,Short Form,Call Center Internal
Treadclimber,CAM45344 PALLN120GENTSTIC,,9/28/2014,9/22/2014,1,Short Form,Call Center Internal
Treadclimber,CAM45345 SUNDN120GENTSTIC,9/22/2014,9/22/2014,9/22/2014,5,Short Form,Call Center Internal
Treadclimber,CAM45345 SUNDN120GENTSTIC,9/23/2014,9/23/2014,9/22/2014,1,Short Form,Call Center Internal
Treadclimber,CAM45345 SUNDN120GENTSTIC,9/24/2014,9/24/2014,9/22/2014,4,Short Form,Call Center Internal
Treadclimber,CAM45345 SUNDN120GENTSTIC,9/25/2014,9/25/2014,9/22/2014,10,Short Form,Call Center Internal
Treadclimber,CAM45345 SUNDN120GENTSTIC,9/26/2014,9/26/2014,9/22/2014,5,Short Form,Call Center Internal
Treadclimber,CAM45345 SUNDN120GENTSTIC,9/27/2014,9/27/2014,9/22/2014,2,Short Form,Call Center Internal
Treadclimber,CAM45345 SUNDN120GENTSTIC,9/28/2014,9/28/2014,9/22/2014,11,Short Form,Call Center Internal
Treadclimber,CAM45345 SUNDN120GENTSTIC,9/25/2014,9/25/2014,9/22/2014,1,Short Form,Third Party Call Center - Evolve
Treadclimber,CAM45345 SUNDN120GENTSTIC,10/4/2014,9/26/2014,9/22/2014,1,Short Form,Third Party Call Center - West
Treadclimber,CAM45346 CMT*N120GENTSTIC,9/22/2014,9/22/2014,9/22/2014,10,Short Form,Call Center Internal
Treadclimber,CAM45346 CMT*N120GENTSTIC,9/23/2014,9/23/2014,9/22/2014,1,Short Form,Call Center Internal
Treadclimber,CAM45346 CMT*N120GENTSTIC,9/24/2014,9/24/2014,9/22/2014,4,Short Form,Call Center Internal
Treadclimber,CAM45346 CMT*N120GENTSTIC,9/25/2014,9/25/2014,9/22/2014,7,Short Form,Call Center Internal
Treadclimber,CAM45346 CMT*N120GENTSTIC,9/26/2014,9/26/2014,9/22/2014,1,Short Form,Call Center Internal
Treadclimber,CAM45350 METVN120GRT2HTIC,9/22/2014,9/22/2014,9/22/2014,6,Short Form,Call Center Internal
Treadclimber,CAM45350 METVN120GRT2HTIC,9/23/2014,9/23/2014,9/22/2014,12,Short Form,Call Center Internal
Treadclimber,CAM45350 METVN120GRT2HTIC,,9/23/2014,9/22/2014,1,Short Form,Call Center Internal
Treadclimber,CAM45350 METVN120GRT2HTIC,9/24/2014,9/24/2014,9/22/2014,10,Short Form,Call Center Internal
Treadclimber,CAM45350 METVN120GRT2HTIC,,9/24/2014,9/22/2014,2,Short Form,Call Center Internal
Treadclimber,CAM45350 METVN120GRT2HTIC,9/26/2014,9/26/2014,9/22/2014,10,Short Form,Call Center Internal
Treadclimber,CAM45350 METVN120GRT2HTIC,9/28/2014,9/28/2014,9/22/2014,10,Short Form,Call Center Internal
Treadclimber,CAM45350 METVN120GRT2HTIC,9/22/2014,9/22/2014,9/22/2014,1,Short Form,Third Party Call Center - Evolve
Treadclimber,CAM45350 METVN120GRT2HTIC,9/23/2014,9/23/2014,9/22/2014,1,Short Form,Third Party Call Center - Evolve
Treadclimber,CAM45350 METVN120GRT2HTIC,9/26/2014,9/26/2014,9/22/2014,2,Short Form,Third Party Call Center - Evolve
Treadclimber,CAM45350 METVN120GRT2HTIC,,9/27/2014,9/22/2014,1,Short Form,Third Party Call Center - Evolve
Treadclimber,CAM45350 METVN120GRT2HTIC,9/28/2014,9/28/2014,9/22/2014,1,Short Form,Third Party Call Center - Evolve
Treadclimber,CAM45350 METVN120GRT2HTIC,,9/28/2014,9/22/2014,1,Short Form,Third Party Call Center - Evolve
Treadclimber,CAM45350 METVN120GRT2HTIC,9/22/2014,9/22/2014,9/22/2014,1,Short Form,Third Party Call Center - West
Treadclimber,CAM45350 METVN120GRT2HTIC,9/23/2014,9/23/2014,9/22/2014,1,Short Form,Third Party Call Center - West
Treadclimber,CAM45350 METVN120GRT2HTIC,9/26/2014,9/26/2014,9/22/2014,1,Short Form,Third Party Call Center - West
Treadclimber,CAM45492 PUREN180BFMAXTIC,,9/28/2014,9/22/2014,1,Short Form,Call Center Internal
Treadclimber,CAM45543 FYI*N120GRT2HTIC,,9/23/2014,9/22/2014,1,Short Form,Call Center Internal
Treadclimber,CAM45638 UPTVN120WALKATIC,9/25/2014,9/25/2014,9/22/2014,4,Short Form,Call Center Internal
Treadclimber,CAM45638 UPTVN120WALKATIC,9/26/2014,9/26/2014,9/22/2014,2,Short Form,Call Center Internal
Treadclimber,CAM45638 UPTVN120WALKATIC,9/27/2014,9/27/2014,9/22/2014,1,Short Form,Call Center Internal
Treadclimber,CAM45638 UPTVN120WALKATIC,9/28/2014,9/28/2014,9/22/2014,4,Short Form,Call Center Internal
Treadclimber,CAM45638 UPTVN120WALKATIC,9/22/2014,9/22/2014,9/22/2014,1,Short Form,Third Party Call Center - Evolve
Treadclimber,CAM45638 UPTVN120WALKATIC,9/25/2014,9/25/2014,9/22/2014,1,Short Form,Third Party Call Center - Evolve
Treadclimber,CAM45638 UPTVN120WALKATIC,9/28/2014,9/28/2014,9/22/2014,1,Short Form,Third Party Call Center - West
Treadclimber,CAM45639 HALMN120WALKATIC,9/22/2014,9/22/2014,9/22/2014,4,Short Form,Call Center Internal
Treadclimber,CAM45639 HALMN120WALKATIC,9/23/2014,9/23/2014,9/22/2014,3,Short Form,Call Center Internal
Treadclimber,CAM45639 HALMN120WALKATIC,9/24/2014,9/24/2014,9/22/2014,3,Short Form,Call Center Internal
Treadclimber,CAM45639 HALMN120WALKATIC,10/11/2014,9/24/2014,9/22/2014,1,Short Form,Call Center Internal
Treadclimber,CAM45639 HALMN120WALKATIC,9/25/2014,9/25/2014,9/22/2014,1,Short Form,Call Center Internal
Treadclimber,CAM45639 HALMN120WALKATIC,10/3/2014,9/25/2014,9/22/2014,1,Short Form,Call Center Internal
Treadclimber,CAM45639 HALMN120WALKATIC,9/26/2014,9/26/2014,9/22/2014,1,Short Form,Call Center Internal
Treadclimber,CAM45639 HALMN120WALKATIC,9/27/2014,9/27/2014,9/22/2014,5,Short Form,Call Center Internal
Treadclimber,CAM45639 HALMN120WALKATIC,9/28/2014,9/28/2014,9/22/2014,10,Short Form,Call Center Internal
Treadclimber,CAM45639 HALMN120WALKATIC,10/11/2014,9/28/2014,9/22/2014,1,Short Form,Call Center Internal
Treadclimber,CAM45639 HALMN120WALKATIC,9/23/2014,9/23/2014,9/22/2014,2,Short Form,Third Party Call Center - Evolve
Treadclimber,CAM45639 HALMN120WALKATIC,9/26/2014,9/26/2014,9/22/2014,6,Short Form,Third Party Call Center - Evolve
Treadclimber,CAM45639 HALMN120WALKATIC,9/27/2014,9/27/2014,9/22/2014,1,Short Form,Third Party Call Center - Evolve
Treadclimber,CAM45640 ION*N120WALKATIC,9/22/2014,9/22/2014,9/22/2014,7,Short Form,Call Center Internal
Treadclimber,CAM45640 ION*N120WALKATIC,9/23/2014,9/23/2014,9/22/2014,1,Short Form,Call Center Internal
Treadclimber,CAM45640 ION*N120WALKATIC,9/25/2014,9/25/2014,9/22/2014,8,Short Form,Call Center Internal
Treadclimber,CAM45640 ION*N120WALKATIC,9/22/2014,9/22/2014,9/22/2014,3,Short Form,Third Party Call Center - Evolve
Treadclimber,CAM45640 ION*N120WALKATIC,9/22/2014,9/22/2014,9/22/2014,1,Short Form,Third Party Call Center - West
Treadclimber,CAM45641 INSPN120WALKATIC,9/22/2014,9/22/2014,9/22/2014,1,Short Form,Call Center Internal
Treadclimber,CAM45641 INSPN120WALKATIC,9/23/2014,9/23/2014,9/22/2014,7,Short Form,Call Center Internal
Treadclimber,CAM45641 INSPN120WALKATIC,9/24/2014,9/24/2014,9/22/2014,6,Short Form,Call Center Internal
Treadclimber,CAM45641 INSPN120WALKATIC,9/25/2014,9/25/2014,9/22/2014,4,Short Form,Call Center Internal
Treadclimber,CAM45641 INSPN120WALKATIC,9/26/2014,9/26/2014,9/22/2014,11,Short Form,Call Center Internal
Treadclimber,CAM45641 INSPN120WALKATIC,,9/26/2014,9/22/2014,1,Short Form,Call Center Internal
Treadclimber,CAM45641 INSPN120WALKATIC,9/27/2014,9/27/2014,9/22/2014,4,Short Form,Call Center Internal
Treadclimber,CAM45641 INSPN120WALKATIC,9/22/2014,9/22/2014,9/22/2014,1,Short Form,Third Party Call Center - Evolve
Treadclimber,CAM45641 INSPN120WALKATIC,,9/23/2014,9/22/2014,1,Short Form,Third Party Call Center - Evolve
Treadclimber,CAM45641 INSPN120WALKATIC,9/25/2014,9/25/2014,9/22/2014,1,Short Form,Third Party Call Center - Evolve
Treadclimber,CAM45641 INSPN120WALKATIC,9/26/2014,9/25/2014,9/22/2014,1,Short Form,Third Party Call Center - Evolve
Treadclimber,CAM45641 INSPN120WALKATIC,9/26/2014,9/26/2014,9/22/2014,1,Short Form,Third Party Call Center - Evolve
Treadclimber,CAM45641 INSPN120WALKATIC,10/7/2014,9/26/2014,9/22/2014,1,Short Form,Third Party Call Center - Evolve
Treadclimber,CAM45641 INSPN120WALKATIC,9/27/2014,9/27/2014,9/22/2014,1,Short Form,Third Party Call Center - Evolve
Treadclimber,CAM45641 INSPN120WALKATIC,9/26/2014,9/26/2014,9/22/2014,1,Short Form,Third Party Call Center - West
Treadclimber,CAM45643 FOXNN120WALKATIC,9/24/2014,9/24/2014,9/22/2014,2,Short Form,Call Center Internal
Treadclimber,CAM45643 FOXNN120WALKATIC,10/4/2014,9/24/2014,9/22/2014,1,Short Form,Call Center Internal
Treadclimber,CAM45643 FOXNN120WALKATIC,9/28/2014,9/28/2014,9/22/2014,2,Short Form,Call Center Internal
Treadclimber,CAM45643 FOXNN120WALKATIC,9/23/2014,9/23/2014,9/22/2014,2,Short Form,Third Party Call Center - Evolve
Treadclimber,CAM45643 FOXNN120WALKATIC,9/24/2014,9/24/2014,9/22/2014,1,Short Form,Third Party Call Center - Evolve
Treadclimber,CAM45643 FOXNN120WALKATIC,9/25/2014,9/25/2014,9/22/2014,1,Short Form,Third Party Call Center - Evolve
Treadclimber,CAM45643 FOXNN120WALKATIC,9/26/2014,9/26/2014,9/22/2014,2,Short Form,Third Party Call Center - Evolve
Treadclimber,CAM45643 FOXNN120WALKATIC,9/27/2014,9/27/2014,9/22/2014,2,Short Form,Third Party Call Center - Evolve
Treadclimber,CAM45643 FOXNN120WALKATIC,,9/28/2014,9/22/2014,1,Short Form,Third Party Call Center - Evolve
Treadclimber,CAM45643 FOXNN120WALKATIC,9/28/2014,9/28/2014,9/22/2014,1,Short Form,Third Party Call Center - West
Treadclimber,CAM45645 GAMLL120WALKATIC,9/23/2014,9/23/2014,9/22/2014,1,Short Form,Call Center Internal
Treadclimber,CAM45650 CSI*N120WALKATIC,9/22/2014,9/22/2014,9/22/2014,1,Short Form,Call Center Internal
Treadclimber,CAM45650 CSI*N120WALKATIC,9/24/2014,9/24/2014,9/22/2014,1,Short Form,Call Center Internal
Treadclimber,CAM45650 CSI*N120WALKATIC,9/26/2014,9/26/2014,9/22/2014,1,Short Form,Call Center Internal
Treadclimber,CAM45650 CSI*N120WALKATIC,9/28/2014,9/28/2014,9/22/2014,1,Short Form,Call Center Internal
Treadclimber,CAM45652 SUNDN120WALKATIC,9/27/2014,9/27/2014,9/22/2014,1,Short Form,Call Center Internal
Treadclimber,CAM45653 METVN120WALKATIC,9/22/2014,9/22/2014,9/22/2014,10,Short Form,Call Center Internal
Treadclimber,CAM45653 METVN120WALKATIC,,9/22/2014,9/22/2014,1,Short Form,Call Center Internal
Treadclimber,CAM45653 METVN120WALKATIC,9/24/2014,9/24/2014,9/22/2014,10,Short Form,Call Center Internal
Treadclimber,CAM45653 METVN120WALKATIC,10/10/2014,9/24/2014,9/22/2014,1,Short Form,Call Center Internal
Treadclimber,CAM45653 METVN120WALKATIC,9/25/2014,9/25/2014,9/22/2014,15,Short Form,Call Center Internal
Treadclimber,CAM45653 METVN120WALKATIC,9/26/2014,9/26/2014,9/22/2014,3,Short Form,Call Center Internal
Treadclimber,CAM45653 METVN120WALKATIC,9/27/2014,9/27/2014,9/22/2014,8,Short Form,Call Center Internal
Treadclimber,CAM45653 METVN120WALKATIC,9/22/2014,9/22/2014,9/22/2014,1,Short Form,Third Party Call Center - Evolve
Treadclimber,CAM45653 METVN120WALKATIC,9/24/2014,9/24/2014,9/22/2014,1,Short Form,Third Party Call Center - Evolve
Treadclimber,CAM45653 METVN120WALKATIC,9/25/2014,9/25/2014,9/22/2014,2,Short Form,Third Party Call Center - Evolve
Treadclimber,CAM45653 METVN120WALKATIC,9/27/2014,9/27/2014,9/22/2014,10,Short Form,Third Party Call Center - Evolve
Treadclimber,CAM45653 METVN120WALKATIC,10/7/2014,9/27/2014,9/22/2014,1,Short Form,Third Party Call Center - Evolve
Treadclimber,CAM45653 METVN120WALKATIC,9/22/2014,9/22/2014,9/22/2014,1,Short Form,Third Party Call Center - West
Treadclimber,CAM45653 METVN120WALKATIC,9/27/2014,9/27/2014,9/22/2014,1,Short Form,Third Party Call Center - West
Treadclimber,CAM45658 ARTLL60*WALKATIC,9/22/2014,9/22/2014,9/22/2014,2,Short Form,Call Center Internal
Treadclimber,CAM45659 FX**L60*WALKATIC,9/22/2014,9/22/2014,9/22/2014,2,Short Form,Call Center Internal
Treadclimber,CAM45659 FX**L60*WALKATIC,9/28/2014,9/28/2014,9/22/2014,1,Short Form,Call Center Internal
Treadclimber,CAM45660 FOODL60*WALKATIC,9/22/2014,9/22/2014,9/22/2014,1,Short Form,Call Center Internal
Treadclimber,CAM45660 FOODL60*WALKATIC,9/25/2014,9/25/2014,9/22/2014,1,Short Form,Call Center Internal
Treadclimber,CAM45660 FOODL60*WALKATIC,9/25/2014,9/25/2014,9/22/2014,1,Short Form,Third Party Call Center - West
Treadclimber,CAM45661 HGTVL60*WALKATIC,9/22/2014,9/22/2014,9/22/2014,1,Short Form,Call Center Internal
Treadclimber,CAM45662 HISTL60*WALKATIC,9/28/2014,9/28/2014,9/22/2014,1,Short Form,Call Center Internal
Treadclimber,CAM45663 USA*L60*WALKATIC,9/22/2014,9/22/2014,9/22/2014,1,Short Form,Call Center Internal
Treadclimber,CAM45663 USA*L60*WALKATIC,9/26/2014,9/26/2014,9/22/2014,1,Short Form,Third Party Call Center - Evolve
Treadclimber,CAM45664 TNTLL60*WALKATIC,9/23/2014,9/23/2014,9/22/2014,1,Short Form,Call Center Internal
Treadclimber,CAM45664 TNTLL60*WALKATIC,9/26/2014,9/26/2014,9/22/2014,1,Short Form,Call Center Internal
Treadclimber,CAM45664 TNTLL60*WALKATIC,9/27/2014,9/27/2014,9/22/2014,1,Short Form,Call Center Internal
Treadclimber,CAM45664 TNTLL60*WALKATIC,9/22/2014,9/22/2014,9/22/2014,1,Short Form,Third Party Call Center - Evolve
Treadclimber,CAM45664 TNTLL60*WALKATIC,,9/25/2014,9/22/2014,1,Short Form,Third Party Call Center - Evolve
Treadclimber,CAM45665 AMC*L60*WALKATIC,9/26/2014,9/26/2014,9/22/2014,2,Short Form,Call Center Internal
Treadclimber,CAM45666 SPKEL60*WALKATIC,9/23/2014,9/23/2014,9/22/2014,1,Short Form,Call Center Internal
Treadclimber,CAM45666 SPKEL60*WALKATIC,9/24/2014,9/24/2014,9/22/2014,1,Short Form,Call Center Internal
Treadclimber,CAM45666 SPKEL60*WALKATIC,9/25/2014,9/25/2014,9/22/2014,1,Short Form,Call Center Internal
Treadclimber,CAM45666 SPKEL60*WALKATIC,9/28/2014,9/28/2014,9/22/2014,1,Short Form,Call Center Internal
Treadclimber,CAM45666 SPKEL60*WALKATIC,9/24/2014,9/24/2014,9/22/2014,1,Short Form,Third Party Call Center - Evolve
Treadclimber,CAM45666 SPKEL60*WALKATIC,9/27/2014,9/27/2014,9/22/2014,1,Short Form,Third Party Call Center - Evolve
Treadclimber,CAM45667 LIFLL60*WALKATIC,9/27/2014,9/27/2014,9/22/2014,3,Short Form,Call Center Internal
Treadclimber,CAM45667 LIFLL60*WALKATIC,9/27/2014,9/27/2014,9/22/2014,1,Short Form,Third Party Call Center - Evolve
Treadclimber,CAM45668 ESPNL60*WALKATIC,9/23/2014,9/23/2014,9/22/2014,1,Short Form,Call Center Internal
Treadclimber,CAM45668 ESPNL60*WALKATIC,9/24/2014,9/24/2014,9/22/2014,1,Short Form,Call Center Internal
Treadclimber,CAM45670 VH1*L60*WALKATIC,,9/23/2014,9/22/2014,1,Short Form,Third Party Call Center - Evolve
Treadclimber,CAM45670 VH1*L60*WALKATIC,9/24/2014,9/24/2014,9/22/2014,1,Short Form,Third Party Call Center - Evolve
Treadclimber,CAM45673 LMN*L60*WALKATIC,9/22/2014,9/22/2014,9/22/2014,1,Short Form,Call Center Internal
Treadclimber,CAM45673 LMN*L60*WALKATIC,9/24/2014,9/24/2014,9/22/2014,1,Short Form,Call Center Internal
Treadclimber,CAM45673 LMN*L60*WALKATIC,9/25/2014,9/25/2014,9/22/2014,5,Short Form,Call Center Internal
Treadclimber,CAM45673 LMN*L60*WALKATIC,9/27/2014,9/27/2014,9/22/2014,1,Short Form,Call Center Internal
Treadclimber,CAM45673 LMN*L60*WALKATIC,9/28/2014,9/28/2014,9/22/2014,15,Short Form,Call Center Internal
Treadclimber,CAM45673 LMN*L60*WALKATIC,10/14/2014,9/28/2014,9/22/2014,1,Short Form,Call Center Internal
Treadclimber,CAM45673 LMN*L60*WALKATIC,,9/28/2014,9/22/2014,2,Short Form,Call Center Internal
Treadclimber,CAM45673 LMN*L60*WALKATIC,9/28/2014,9/28/2014,9/22/2014,2,Short Form,Third Party Call Center - Evolve
Treadclimber,CAM45864 INSPN180WALKATIC,9/22/2014,9/22/2014,9/22/2014,6,Short Form,Call Center Internal
Treadclimber,CAM45864 INSPN180WALKATIC,9/23/2014,9/23/2014,9/22/2014,1,Short Form,Call Center Internal
Treadclimber,CAM45864 INSPN180WALKATIC,9/24/2014,9/24/2014,9/22/2014,3,Short Form,Call Center Internal
Treadclimber,CAM45864 INSPN180WALKATIC,,9/24/2014,9/22/2014,1,Short Form,Call Center Internal
Treadclimber,CAM45864 INSPN180WALKATIC,9/26/2014,9/26/2014,9/22/2014,5,Short Form,Call Center Internal
Treadclimber,CAM45864 INSPN180WALKATIC,9/28/2014,9/28/2014,9/22/2014,6,Short Form,Call Center Internal
Treadclimber,CAM45864 INSPN180WALKATIC,9/24/2014,9/24/2014,9/22/2014,2,Short Form,Third Party Call Center - Evolve
Treadclimber,CAM45864 INSPN180WALKATIC,9/26/2014,9/26/2014,9/22/2014,1,Short Form,Third Party Call Center - Evolve
Treadclimber,CAM45864 INSPN180WALKATIC,9/22/2014,9/22/2014,9/22/2014,2,Short Form,Third Party Call Center - West
Treadclimber,CAM45867 HIS2N180WALKATIC,9/25/2014,9/25/2014,9/22/2014,4,Short Form,Call Center Internal
Treadclimber,CAM45867 HIS2N180WALKATIC,10/3/2014,9/25/2014,9/22/2014,1,Short Form,Call Center Internal
Treadclimber,CAM28157 SALESFOLLOWUP,,9/24/2014,9/22/2014,1,Un-Sourced,Call Center Internal
Treadclimber,CAM28157 SALESFOLLOWUP,,9/25/2014,9/22/2014,2,Un-Sourced,Call Center Internal
Treadclimber,CAM28157 SALESFOLLOWUP,,9/27/2014,9/22/2014,2,Un-Sourced,Call Center Internal
Treadclimber,CAM40821 1800BOWFLEX,,9/23/2014,9/22/2014,1,Un-Sourced,Call Center Internal
Treadclimber,CAM40825 1800TREADCLIMBER,9/23/2014,9/23/2014,9/22/2014,1,Un-Sourced,Call Center Internal
Treadclimber,CAM40825 1800TREADCLIMBER,9/24/2014,9/24/2014,9/22/2014,1,Un-Sourced,Call Center Internal
Treadclimber,CAM40825 1800TREADCLIMBER,,9/24/2014,9/22/2014,2,Un-Sourced,Call Center Internal
Treadclimber,CAM40825 1800TREADCLIMBER,9/25/2014,9/25/2014,9/22/2014,1,Un-Sourced,Call Center Internal
Treadclimber,CAM40825 1800TREADCLIMBER,,9/25/2014,9/22/2014,1,Un-Sourced,Call Center Internal
Treadclimber,CAM40825 1800TREADCLIMBER,,9/27/2014,9/22/2014,1,Un-Sourced,Call Center Internal
Treadclimber,CAM40825 1800TREADCLIMBER,9/28/2014,9/28/2014,9/22/2014,1,Un-Sourced,Call Center Internal
Treadclimber,CAM40825 1800TREADCLIMBER,,9/28/2014,9/22/2014,3,Un-Sourced,Call Center Internal
Treadclimber,CAM45327 1800MAXTRAINER,,9/22/2014,9/22/2014,1,Un-Sourced,Call Center Internal
Treadclimber,CAM45327 1800MAXTRAINER,,9/23/2014,9/22/2014,2,Un-Sourced,Call Center Internal
Treadclimber,CAM45327 1800MAXTRAINER,,9/24/2014,9/22/2014,4,Un-Sourced,Call Center Internal
Treadclimber,CAM45327 1800MAXTRAINER,,9/26/2014,9/22/2014,3,Un-Sourced,Call Center Internal
Treadclimber,CAM45327 1800MAXTRAINER,,9/28/2014,9/22/2014,1,Un-Sourced,Call Center Internal
Treadclimber,CAM29847 dcbnls,,10/3/2014,9/29/2014,1,Catalog,Web
Treadclimber,CAM44843 dcbhomesum14,,9/30/2014,9/29/2014,2,Catalog,Web
Treadclimber,CAM44843 dcbhomesum14,,10/5/2014,9/29/2014,2,Catalog,Web
Treadclimber,CAM36796 SAWDPETPRINT12A,,10/1/2014,9/29/2014,1,Electronic - Print,Call Center Internal
Treadclimber,CAM36797 dpetprint12a,10/3/2014,10/3/2014,9/29/2014,2,Electronic - Print,Web
Treadclimber,CAM36797 dpetprint12a,10/4/2014,10/4/2014,9/29/2014,3,Electronic - Print,Web
Treadclimber,CAM36797 dpetprint12a,10/5/2014,10/5/2014,9/29/2014,2,Electronic - Print,Web
Treadclimber,CAM37269 dpetprint12d,10/4/2014,10/4/2014,9/29/2014,1,Electronic - Print,Web
Treadclimber,CAM37269 dpetprint12d,10/5/2014,10/5/2014,9/29/2014,1,Electronic - Print,Web
Treadclimber,CAM37579 dpetprint12e,10/2/2014,10/2/2014,9/29/2014,2,Electronic - Print,Web
Treadclimber,CAM38406 SAWDPETPRINT12F,,9/29/2014,9/29/2014,2,Electronic - Print,Call Center Internal
Treadclimber,CAM38406 SAWDPETPRINT12F,10/4/2014,10/4/2014,9/29/2014,1,Electronic - Print,Call Center Internal
Treadclimber,CAM38406 SAWDPETPRINT12F,,10/4/2014,9/29/2014,1,Electronic - Print,Call Center Internal
Treadclimber,CAM38406 SAWDPETPRINT12F,,10/5/2014,9/29/2014,1,Electronic - Print,Call Center Internal
Treadclimber,CAM41392 qrtrcrayray,10/3/2014,10/3/2014,9/29/2014,1,Electronic - Print,Web
Treadclimber,CAM41392 qrtrcrayray,10/4/2014,10/4/2014,9/29/2014,1,Electronic - Print,Web
Treadclimber,CAM44180 qrtwghtwtch,10/3/2014,10/3/2014,9/29/2014,1,Electronic - Print,Web
Treadclimber,CAM44180 qrtwghtwtch,10/5/2014,10/5/2014,9/29/2014,1,Electronic - Print,Web
Treadclimber,CAM44189 qrtdiafore,10/1/2014,10/1/2014,9/29/2014,1,Electronic - Print,Web
Treadclimber,CAM44192 qrtffw,9/30/2014,9/30/2014,9/29/2014,1,Electronic - Print,Web
Treadclimber,CAM44192 qrtffw,10/1/2014,10/1/2014,9/29/2014,1,Electronic - Print,Web
Treadclimber,CAM44523 dpetprint14a,10/3/2014,10/3/2014,9/29/2014,1,Electronic - Print,Web
Treadclimber,CAM45855 QRTAARP,10/5/2014,10/5/2014,9/29/2014,1,Electronic - Print,Web
Treadclimber,CAM10432 SAWOHFCTC,10/4/2014,10/4/2014,9/29/2014,1,Electronic - Short Form,Call Center Internal
Treadclimber,CAM16426 DSETDIR,9/29/2014,9/29/2014,9/29/2014,39,Electronic - Short Form,Web
Treadclimber,CAM16426 DSETDIR,10/11/2014,9/29/2014,9/29/2014,1,Electronic - Short Form,Web
Treadclimber,CAM16426 DSETDIR,9/30/2014,9/30/2014,9/29/2014,29,Electronic - Short Form,Web
Treadclimber,CAM16426 DSETDIR,10/12/2014,9/30/2014,9/29/2014,1,Electronic - Short Form,Web
Treadclimber,CAM16426 DSETDIR,10/1/2014,10/1/2014,9/29/2014,3,Electronic - Short Form,Web
Treadclimber,CAM16426 DSETDIR,,10/1/2014,9/29/2014,3,Electronic - Short Form,Web
Treadclimber,CAM16426 DSETDIR,10/2/2014,10/2/2014,9/29/2014,20,Electronic - Short Form,Web
Treadclimber,CAM16426 DSETDIR,10/3/2014,10/3/2014,9/29/2014,11,Electronic - Short Form,Web
Treadclimber,CAM16426 DSETDIR,,10/3/2014,9/29/2014,1,Electronic - Short Form,Web
Treadclimber,CAM16426 DSETDIR,10/4/2014,10/4/2014,9/29/2014,10,Electronic - Short Form,Web
Treadclimber,CAM16426 DSETDIR,10/5/2014,10/5/2014,9/29/2014,24,Electronic - Short Form,Web
Treadclimber,CAM16426 DSETDIR,,10/5/2014,9/29/2014,1,Electronic - Short Form,Web
Treadclimber,CAM30971 icastsf09buytc,10/5/2014,10/5/2014,9/29/2014,1,Electronic - Short Form,Web
Treadclimber,CAM36075 dsetsf11a,9/30/2014,9/30/2014,9/29/2014,1,Electronic - Short Form,Web
Treadclimber,CAM36075 dsetsf11a,10/1/2014,10/1/2014,9/29/2014,1,Electronic - Short Form,Web
Treadclimber,CAM36075 dsetsf11a,10/2/2014,10/2/2014,9/29/2014,1,Electronic - Short Form,Web
Treadclimber,CAM36075 dsetsf11a,10/3/2014,10/3/2014,9/29/2014,3,Electronic - Short Form,Web
Treadclimber,CAM36075 dsetsf11a,10/4/2014,10/4/2014,9/29/2014,7,Electronic - Short Form,Web
Treadclimber,CAM36075 dsetsf11a,10/5/2014,10/5/2014,9/29/2014,14,Electronic - Short Form,Web
Treadclimber,CAM36077 dsetsf11c,,9/29/2014,9/29/2014,1,Electronic - Short Form,Web
Treadclimber,CAM36077 dsetsf11c,10/1/2014,10/1/2014,9/29/2014,1,Electronic - Short Form,Web
Treadclimber,CAM36077 dsetsf11c,,10/1/2014,9/29/2014,1,Electronic - Short Form,Web
Treadclimber,CAM36077 dsetsf11c,10/4/2014,10/4/2014,9/29/2014,1,Electronic - Short Form,Web
Treadclimber,CAM36078 dsetsf11d,9/29/2014,9/29/2014,9/29/2014,20,Electronic - Short Form,Web
Treadclimber,CAM36078 dsetsf11d,9/30/2014,9/30/2014,9/29/2014,15,Electronic - Short Form,Web
Treadclimber,CAM36078 dsetsf11d,10/1/2014,10/1/2014,9/29/2014,18,Electronic - Short Form,Web
Treadclimber,CAM36078 dsetsf11d,10/2/2014,10/2/2014,9/29/2014,17,Electronic - Short Form,Web
Treadclimber,CAM36078 dsetsf11d,10/3/2014,10/3/2014,9/29/2014,18,Electronic - Short Form,Web
Treadclimber,CAM36078 dsetsf11d,10/4/2014,10/4/2014,9/29/2014,19,Electronic - Short Form,Web
Treadclimber,CAM36078 dsetsf11d,10/5/2014,10/5/2014,9/29/2014,28,Electronic - Short Form,Web
Treadclimber,CAM36078 dsetsf11d,,10/5/2014,9/29/2014,3,Electronic - Short Form,Web
Treadclimber,CAM36079 dsetsf11e,10/1/2014,10/1/2014,9/29/2014,1,Electronic - Short Form,Web
Treadclimber,CAM36104 SAWSF11E,9/30/2014,9/30/2014,9/29/2014,1,Electronic - Short Form,Call Center Internal
Treadclimber,CAM36104 SAWSF11E,,9/30/2014,9/29/2014,1,Electronic - Short Form,Call Center Internal
Treadclimber,CAM36104 SAWSF11E,,10/1/2014,9/29/2014,1,Electronic - Short Form,Call Center Internal
Treadclimber,CAM36104 SAWSF11E,,10/3/2014,9/29/2014,1,Electronic - Short Form,Call Center Internal
Treadclimber,CAM36287 SAWSF11G,9/29/2014,9/29/2014,9/29/2014,1,Electronic - Short Form,Call Center Internal
Treadclimber,CAM36298 dsetsf11g,9/29/2014,9/29/2014,9/29/2014,22,Electronic - Short Form,Web
Treadclimber,CAM36298 dsetsf11g,9/30/2014,9/30/2014,9/29/2014,15,Electronic - Short Form,Web
Treadclimber,CAM36298 dsetsf11g,10/1/2014,10/1/2014,9/29/2014,22,Electronic - Short Form,Web
Treadclimber,CAM36298 dsetsf11g,10/7/2014,10/1/2014,9/29/2014,1,Electronic - Short Form,Web
Treadclimber,CAM36298 dsetsf11g,10/10/2014,10/1/2014,9/29/2014,1,Electronic - Short Form,Web
Treadclimber,CAM36298 dsetsf11g,,10/1/2014,9/29/2014,1,Electronic - Short Form,Web
Treadclimber,CAM36298 dsetsf11g,10/2/2014,10/2/2014,9/29/2014,17,Electronic - Short Form,Web
Treadclimber,CAM36298 dsetsf11g,10/3/2014,10/3/2014,9/29/2014,8,Electronic - Short Form,Web
Treadclimber,CAM36298 dsetsf11g,11/1/2014,10/3/2014,9/29/2014,1,Electronic - Short Form,Web
Treadclimber,CAM36298 dsetsf11g,10/4/2014,10/4/2014,9/29/2014,8,Electronic - Short Form,Web
Treadclimber,CAM36298 dsetsf11g,10/5/2014,10/5/2014,9/29/2014,22,Electronic - Short Form,Web
Treadclimber,CAM36435 dsetsf11h,10/5/2014,10/5/2014,9/29/2014,2,Electronic - Short Form,Web
Treadclimber,CAM36605 SAWSF12A,9/29/2014,9/29/2014,9/29/2014,1,Electronic - Short Form,Call Center Internal
Treadclimber,CAM36605 SAWSF12A,9/30/2014,9/30/2014,9/29/2014,2,Electronic - Short Form,Call Center Internal
Treadclimber,CAM36605 SAWSF12A,10/1/2014,10/1/2014,9/29/2014,2,Electronic - Short Form,Call Center Internal
Treadclimber,CAM36605 SAWSF12A,10/4/2014,10/4/2014,9/29/2014,1,Electronic - Short Form,Call Center Internal
Treadclimber,CAM36605 SAWSF12A,10/5/2014,10/5/2014,9/29/2014,1,Electronic - Short Form,Call Center Internal
Treadclimber,CAM36608 dsetsf12a,9/29/2014,9/29/2014,9/29/2014,169,Electronic - Short Form,Web
Treadclimber,CAM36608 dsetsf12a,10/6/2014,9/29/2014,9/29/2014,1,Electronic - Short Form,Web
Treadclimber,CAM36608 dsetsf12a,,9/29/2014,9/29/2014,1,Electronic - Short Form,Web
Treadclimber,CAM36608 dsetsf12a,9/30/2014,9/30/2014,9/29/2014,222,Electronic - Short Form,Web
Treadclimber,CAM36608 dsetsf12a,10/15/2014,9/30/2014,9/29/2014,1,Electronic - Short Form,Web
Treadclimber,CAM36608 dsetsf12a,,9/30/2014,9/29/2014,1,Electronic - Short Form,Web
Treadclimber,CAM36608 dsetsf12a,10/1/2014,10/1/2014,9/29/2014,91,Electronic - Short Form,Web
Treadclimber,CAM36608 dsetsf12a,10/2/2014,10/1/2014,9/29/2014,1,Electronic - Short Form,Web
Treadclimber,CAM36608 dsetsf12a,10/26/2014,10/1/2014,9/29/2014,1,Electronic - Short Form,Web
Treadclimber,CAM36608 dsetsf12a,,10/1/2014,9/29/2014,12,Electronic - Short Form,Web
Treadclimber,CAM36608 dsetsf12a,10/2/2014,10/2/2014,9/29/2014,50,Electronic - Short Form,Web
Treadclimber,CAM36608 dsetsf12a,10/3/2014,10/2/2014,9/29/2014,1,Electronic - Short Form,Web
Treadclimber,CAM36608 dsetsf12a,,10/2/2014,9/29/2014,3,Electronic - Short Form,Web
Treadclimber,CAM36608 dsetsf12a,10/3/2014,10/3/2014,9/29/2014,36,Electronic - Short Form,Web
Treadclimber,CAM36608 dsetsf12a,10/4/2014,10/3/2014,9/29/2014,2,Electronic - Short Form,Web
Treadclimber,CAM36608 dsetsf12a,,10/3/2014,9/29/2014,1,Electronic - Short Form,Web
Treadclimber,CAM36608 dsetsf12a,10/4/2014,10/4/2014,9/29/2014,149,Electronic - Short Form,Web
Treadclimber,CAM36608 dsetsf12a,10/7/2014,10/4/2014,9/29/2014,1,Electronic - Short Form,Web
Treadclimber,CAM36608 dsetsf12a,10/13/2014,10/4/2014,9/29/2014,1,Electronic - Short Form,Web
Treadclimber,CAM36608 dsetsf12a,,10/4/2014,9/29/2014,3,Electronic - Short Form,Web
Treadclimber,CAM36608 dsetsf12a,10/5/2014,10/5/2014,9/29/2014,141,Electronic - Short Form,Web
Treadclimber,CAM36608 dsetsf12a,,10/5/2014,9/29/2014,10,Electronic - Short Form,Web
Treadclimber,CAM36609 dsetsf12b,9/30/2014,9/30/2014,9/29/2014,1,Electronic - Short Form,Web
Treadclimber,CAM36609 dsetsf12b,10/1/2014,10/1/2014,9/29/2014,1,Electronic - Short Form,Web
Treadclimber,CAM36787 SAWDSETSF12C,9/30/2014,9/30/2014,9/29/2014,1,Electronic - Short Form,Call Center Internal
Treadclimber,CAM36795 dsetsf12c,9/30/2014,9/30/2014,9/29/2014,81,Electronic - Short Form,Web
Treadclimber,CAM36795 dsetsf12c,10/11/2014,9/30/2014,9/29/2014,1,Electronic - Short Form,Web
Treadclimber,CAM36795 dsetsf12c,,9/30/2014,9/29/2014,3,Electronic - Short Form,Web
Treadclimber,CAM36795 dsetsf12c,10/1/2014,10/1/2014,9/29/2014,7,Electronic - Short Form,Web
Treadclimber,CAM36795 dsetsf12c,,10/1/2014,9/29/2014,2,Electronic - Short Form,Web
Treadclimber,CAM36795 dsetsf12c,10/3/2014,10/3/2014,9/29/2014,1,Electronic - Short Form,Web
Treadclimber,CAM36795 dsetsf12c,10/4/2014,10/4/2014,9/29/2014,3,Electronic - Short Form,Web
Treadclimber,CAM36795 dsetsf12c,10/5/2014,10/5/2014,9/29/2014,1,Electronic - Short Form,Web
Treadclimber,CAM4213 SAWWEBBF_TRC,9/29/2014,9/29/2014,9/29/2014,1,Electronic - Short Form,Call Center Internal
Treadclimber,CAM44172 dseesf14a,,10/1/2014,9/29/2014,1,Electronic - Short Form,Call Center Internal
Treadclimber,CAM44172 dseesf14a,,9/29/2014,9/29/2014,1,Electronic - Short Form,Web
Treadclimber,CAM45388 DSEESF14F,,10/5/2014,9/29/2014,1,Electronic - Short Form,Call Center Internal
Treadclimber,CAM45802 DSETSF14A,,9/30/2014,9/29/2014,1,Electronic - Short Form,Call Center Internal
Treadclimber,CAM45802 DSETSF14A,10/3/2014,10/3/2014,9/29/2014,1,Electronic - Short Form,Call Center Internal
Treadclimber,CAM45802 DSETSF14A,9/29/2014,9/29/2014,9/29/2014,8,Electronic - Short Form,Web
Treadclimber,CAM45802 DSETSF14A,,9/29/2014,9/29/2014,1,Electronic - Short Form,Web
Treadclimber,CAM45802 DSETSF14A,9/30/2014,9/30/2014,9/29/2014,4,Electronic - Short Form,Web
Treadclimber,CAM45802 DSETSF14A,10/1/2014,10/1/2014,9/29/2014,15,Electronic - Short Form,Web
Treadclimber,CAM45802 DSETSF14A,,10/1/2014,9/29/2014,3,Electronic - Short Form,Web
Treadclimber,CAM45802 DSETSF14A,10/2/2014,10/2/2014,9/29/2014,12,Electronic - Short Form,Web
Treadclimber,CAM45802 DSETSF14A,10/3/2014,10/3/2014,9/29/2014,18,Electronic - Short Form,Web
Treadclimber,CAM45802 DSETSF14A,,10/3/2014,9/29/2014,2,Electronic - Short Form,Web
Treadclimber,CAM45802 DSETSF14A,10/4/2014,10/4/2014,9/29/2014,4,Electronic - Short Form,Web
Treadclimber,CAM45802 DSETSF14A,11/10/2014,10/4/2014,9/29/2014,1,Electronic - Short Form,Web
Treadclimber,CAM45802 DSETSF14A,10/5/2014,10/5/2014,9/29/2014,17,Electronic - Short Form,Web
Treadclimber,CAM6060 SAWOTVTC,9/30/2014,9/30/2014,9/29/2014,1,Electronic - Short Form,Call Center Internal
Treadclimber,CAM6060 SAWOTVTC,10/5/2014,10/5/2014,9/29/2014,1,Electronic - Short Form,Call Center Internal
Treadclimber,CAM127 1800BOWFLEX_BFC,,10/3/2014,9/29/2014,1,Electronic - UnSourced,Call Center Internal
Treadclimber,CAM127 1800BOWFLEX_BFC,,10/4/2014,9/29/2014,2,Electronic - UnSourced,Call Center Internal
Treadclimber,CAM132 1800BOWFLEX_CAT,9/29/2014,9/29/2014,9/29/2014,1,Electronic - UnSourced,Call Center Internal
Treadclimber,CAM133 1800BOWFLEX_TRC,9/29/2014,9/29/2014,9/29/2014,5,Electronic - UnSourced,Call Center Internal
Treadclimber,CAM133 1800BOWFLEX_TRC,9/30/2014,9/30/2014,9/29/2014,2,Electronic - UnSourced,Call Center Internal
Treadclimber,CAM133 1800BOWFLEX_TRC,10/1/2014,10/1/2014,9/29/2014,2,Electronic - UnSourced,Call Center Internal
Treadclimber,CAM133 1800BOWFLEX_TRC,,10/1/2014,9/29/2014,1,Electronic - UnSourced,Call Center Internal
Treadclimber,CAM133 1800BOWFLEX_TRC,10/2/2014,10/2/2014,9/29/2014,1,Electronic - UnSourced,Call Center Internal
Treadclimber,CAM133 1800BOWFLEX_TRC,,10/2/2014,9/29/2014,2,Electronic - UnSourced,Call Center Internal
Treadclimber,CAM133 1800BOWFLEX_TRC,10/3/2014,10/3/2014,9/29/2014,4,Electronic - UnSourced,Call Center Internal
Treadclimber,CAM133 1800BOWFLEX_TRC,,10/3/2014,9/29/2014,1,Electronic - UnSourced,Call Center Internal
Treadclimber,CAM133 1800BOWFLEX_TRC,10/4/2014,10/4/2014,9/29/2014,2,Electronic - UnSourced,Call Center Internal
Treadclimber,CAM133 1800BOWFLEX_TRC,,10/4/2014,9/29/2014,1,Electronic - UnSourced,Call Center Internal
Treadclimber,CAM133 1800BOWFLEX_TRC,10/5/2014,10/5/2014,9/29/2014,3,Electronic - UnSourced,Call Center Internal
Treadclimber,CAM133 1800BOWFLEX_TRC,,10/5/2014,9/29/2014,1,Electronic - UnSourced,Call Center Internal
Treadclimber,CAM16414 DEGBFTRC,9/29/2014,9/29/2014,9/29/2014,43,Electronic - UnSourced,Web
Treadclimber,CAM16414 DEGBFTRC,,9/29/2014,9/29/2014,14,Electronic - UnSourced,Web
Treadclimber,CAM16414 DEGBFTRC,9/30/2014,9/30/2014,9/29/2014,39,Electronic - UnSourced,Web
Treadclimber,CAM16414 DEGBFTRC,,9/30/2014,9/29/2014,15,Electronic - UnSourced,Web
Treadclimber,CAM16414 DEGBFTRC,10/1/2014,10/1/2014,9/29/2014,34,Electronic - UnSourced,Web
Treadclimber,CAM16414 DEGBFTRC,,10/1/2014,9/29/2014,49,Electronic - UnSourced,Web
Treadclimber,CAM16414 DEGBFTRC,10/2/2014,10/2/2014,9/29/2014,26,Electronic - UnSourced,Web
Treadclimber,CAM16414 DEGBFTRC,10/5/2014,10/2/2014,9/29/2014,1,Electronic - UnSourced,Web
Treadclimber,CAM16414 DEGBFTRC,,10/2/2014,9/29/2014,20,Electronic - UnSourced,Web
Treadclimber,CAM16414 DEGBFTRC,10/3/2014,10/3/2014,9/29/2014,27,Electronic - UnSourced,Web
Treadclimber,CAM16414 DEGBFTRC,,10/3/2014,9/29/2014,17,Electronic - UnSourced,Web
Treadclimber,CAM16414 DEGBFTRC,10/4/2014,10/4/2014,9/29/2014,28,Electronic - UnSourced,Web
Treadclimber,CAM16414 DEGBFTRC,,10/4/2014,9/29/2014,18,Electronic - UnSourced,Web
Treadclimber,CAM16414 DEGBFTRC,10/5/2014,10/5/2014,9/29/2014,31,Electronic - UnSourced,Web
Treadclimber,CAM16414 DEGBFTRC,10/27/2014,10/5/2014,9/29/2014,1,Electronic - UnSourced,Web
Treadclimber,CAM16414 DEGBFTRC,,10/5/2014,9/29/2014,22,Electronic - UnSourced,Web
Treadclimber,CAM19213 DEGTRC4,,10/2/2014,9/29/2014,1,Electronic - UnSourced,Web
Treadclimber,CAM19213 DEGTRC4,10/3/2014,10/3/2014,9/29/2014,1,Electronic - UnSourced,Web
Treadclimber,CAM23879 degt1sitetc,9/29/2014,9/29/2014,9/29/2014,5,Electronic - UnSourced,Web
Treadclimber,CAM23879 degt1sitetc,,9/29/2014,9/29/2014,5,Electronic - UnSourced,Web
Treadclimber,CAM23879 degt1sitetc,9/30/2014,9/30/2014,9/29/2014,6,Electronic - UnSourced,Web
Treadclimber,CAM23879 degt1sitetc,,9/30/2014,9/29/2014,7,Electronic - UnSourced,Web
Treadclimber,CAM23879 degt1sitetc,10/1/2014,10/1/2014,9/29/2014,5,Electronic - UnSourced,Web
Treadclimber,CAM23879 degt1sitetc,,10/1/2014,9/29/2014,19,Electronic - UnSourced,Web
Treadclimber,CAM23879 degt1sitetc,10/2/2014,10/2/2014,9/29/2014,4,Electronic - UnSourced,Web
Treadclimber,CAM23879 degt1sitetc,,10/2/2014,9/29/2014,4,Electronic - UnSourced,Web
Treadclimber,CAM23879 degt1sitetc,10/3/2014,10/3/2014,9/29/2014,1,Electronic - UnSourced,Web
Treadclimber,CAM23879 degt1sitetc,,10/3/2014,9/29/2014,8,Electronic - UnSourced,Web
Treadclimber,CAM23879 degt1sitetc,10/4/2014,10/4/2014,9/29/2014,5,Electronic - UnSourced,Web
Treadclimber,CAM23879 degt1sitetc,,10/4/2014,9/29/2014,10,Electronic - UnSourced,Web
Treadclimber,CAM23879 degt1sitetc,10/5/2014,10/5/2014,9/29/2014,5,Electronic - UnSourced,Web
Treadclimber,CAM23879 degt1sitetc,,10/5/2014,9/29/2014,6,Electronic - UnSourced,Web
Treadclimber,CAM32136 deggbhg,,9/30/2014,9/29/2014,1,Electronic - UnSourced,Web
Treadclimber,CAM32136 deggbhg,,10/1/2014,9/29/2014,1,Electronic - UnSourced,Web
Treadclimber,CAM32136 deggbhg,,10/2/2014,9/29/2014,1,Electronic - UnSourced,Web
Treadclimber,CAM32136 deggbhg,,10/3/2014,9/29/2014,1,Electronic - UnSourced,Web
Treadclimber,CAM41189 degemax,,9/29/2014,9/29/2014,1,Electronic - UnSourced,Call Center Internal
Treadclimber,CAM41189 degemax,,9/29/2014,9/29/2014,2,Electronic - UnSourced,Web
Treadclimber,CAM41189 degemax,,9/30/2014,9/29/2014,1,Electronic - UnSourced,Web
Treadclimber,CAM41189 degemax,,10/1/2014,9/29/2014,2,Electronic - UnSourced,Web
Treadclimber,CAM41189 degemax,,10/2/2014,9/29/2014,1,Electronic - UnSourced,Web
Treadclimber,CAM41189 degemax,,10/5/2014,9/29/2014,1,Electronic - UnSourced,Web
Treadclimber,CAM44236 SAWMAX,,9/29/2014,9/29/2014,2,Electronic - UnSourced,Call Center Internal
Treadclimber,CAM44236 SAWMAX,,10/1/2014,9/29/2014,1,Electronic - UnSourced,Call Center Internal
Treadclimber,CAM44236 SAWMAX,,10/3/2014,9/29/2014,1,Electronic - UnSourced,Call Center Internal
Treadclimber,CAM44236 SAWMAX,,10/5/2014,9/29/2014,3,Electronic - UnSourced,Call Center Internal
Treadclimber,CAM44236 SAWMAX,,10/4/2014,9/29/2014,1,Electronic - UnSourced,Third Party Call Center - Evolve
Treadclimber,CAM44433 dege1sitemx,,9/29/2014,9/29/2014,1,Electronic - UnSourced,Web
Treadclimber,CAM44433 dege1sitemx,,9/30/2014,9/29/2014,2,Electronic - UnSourced,Web
Treadclimber,CAM44433 dege1sitemx,,10/3/2014,9/29/2014,3,Electronic - UnSourced,Web
Treadclimber,CAM44433 dege1sitemx,,10/5/2014,9/29/2014,2,Electronic - UnSourced,Web
Treadclimber,CAM44626 1800BOWFLEX_BMT,,9/29/2014,9/29/2014,2,Electronic - UnSourced,Call Center Internal
Treadclimber,CAM44626 1800BOWFLEX_BMT,,10/1/2014,9/29/2014,1,Electronic - UnSourced,Call Center Internal
Treadclimber,CAM44626 1800BOWFLEX_BMT,,10/2/2014,9/29/2014,1,Electronic - UnSourced,Call Center Internal
Treadclimber,CAM44626 1800BOWFLEX_BMT,,10/5/2014,9/29/2014,1,Electronic - UnSourced,Call Center Internal
Treadclimber,CAM6025 SAWWEBTC,9/29/2014,9/29/2014,9/29/2014,3,Electronic - UnSourced,Call Center Internal
Treadclimber,CAM6025 SAWWEBTC,,9/29/2014,9/29/2014,1,Electronic - UnSourced,Call Center Internal
Treadclimber,CAM6025 SAWWEBTC,9/30/2014,9/30/2014,9/29/2014,2,Electronic - UnSourced,Call Center Internal
Treadclimber,CAM6025 SAWWEBTC,,10/1/2014,9/29/2014,1,Electronic - UnSourced,Call Center Internal
Treadclimber,CAM6025 SAWWEBTC,,10/2/2014,9/29/2014,1,Electronic - UnSourced,Call Center Internal
Treadclimber,CAM6025 SAWWEBTC,10/3/2014,10/3/2014,9/29/2014,3,Electronic - UnSourced,Call Center Internal
Treadclimber,CAM6025 SAWWEBTC,,10/3/2014,9/29/2014,1,Electronic - UnSourced,Call Center Internal
Treadclimber,CAM6025 SAWWEBTC,,10/4/2014,9/29/2014,1,Electronic - UnSourced,Call Center Internal
Treadclimber,CAM6025 SAWWEBTC,10/2/2014,10/2/2014,9/29/2014,1,Electronic - UnSourced,Third Party Call Center - Evolve
Treadclimber,CAM10045 SAWYAHSPTC,10/3/2014,10/3/2014,9/29/2014,1,Online,Call Center Internal
Treadclimber,CAM10390 SAWWEBCTC,,10/1/2014,9/29/2014,1,Online,Call Center Internal
Treadclimber,CAM10390 SAWWEBCTC,,10/3/2014,9/29/2014,1,Online,Call Center Internal
Treadclimber,CAM12351 SAWFROOGTC,9/30/2014,9/30/2014,9/29/2014,1,Online,Call Center Internal
Treadclimber,CAM14136 SAWMAXIMST,,10/2/2014,9/29/2014,1,Online,Call Center Internal
Treadclimber,CAM41400 AFFRATED,,9/30/2014,9/29/2014,1,Online,Call Center Internal
Treadclimber,CAM4179 SAWGOOGTC_BFX,,9/30/2014,9/29/2014,1,Online,Call Center Internal
Treadclimber,CAM6110 SAWGOOGTC,9/29/2014,9/29/2014,9/29/2014,1,Online,Call Center Internal
Treadclimber,CAM6110 SAWGOOGTC,9/30/2014,9/30/2014,9/29/2014,2,Online,Call Center Internal
Treadclimber,CAM6110 SAWGOOGTC,,9/30/2014,9/29/2014,2,Online,Call Center Internal
Treadclimber,CAM6110 SAWGOOGTC,10/1/2014,10/1/2014,9/29/2014,1,Online,Call Center Internal
Treadclimber,CAM6110 SAWGOOGTC,,10/1/2014,9/29/2014,1,Online,Call Center Internal
Treadclimber,CAM6110 SAWGOOGTC,10/2/2014,10/2/2014,9/29/2014,1,Online,Call Center Internal
Treadclimber,CAM6110 SAWGOOGTC,10/3/2014,10/3/2014,9/29/2014,1,Online,Call Center Internal
Treadclimber,CAM6110 SAWGOOGTC,10/4/2014,10/4/2014,9/29/2014,1,Online,Call Center Internal
Treadclimber,CAM6110 SAWGOOGTC,,10/4/2014,9/29/2014,1,Online,Call Center Internal
Treadclimber,CAM6110 SAWGOOGTC,10/5/2014,10/5/2014,9/29/2014,1,Online,Call Center Internal
Treadclimber,CAM6110 SAWGOOGTC,,10/5/2014,9/29/2014,1,Online,Call Center Internal
Treadclimber,CAM6110 SAWGOOGTC,,10/4/2014,9/29/2014,1,Online,Third Party Call Center - Evolve
Treadclimber,CAM6110 SAWGOOGTC,10/5/2014,10/5/2014,9/29/2014,1,Online,Third Party Call Center - Evolve
Treadclimber,CAM38445 dodnettdl1,9/30/2014,9/30/2014,9/29/2014,1,Online Display,Web
Treadclimber,CAM38445 dodnettdl1,,9/30/2014,9/29/2014,1,Online Display,Web
Treadclimber,CAM38445 dodnettdl1,10/1/2014,10/1/2014,9/29/2014,2,Online Display,Web
Treadclimber,CAM38445 dodnettdl1,,10/1/2014,9/29/2014,1,Online Display,Web
Treadclimber,CAM38445 dodnettdl1,10/2/2014,10/2/2014,9/29/2014,3,Online Display,Web
Treadclimber,CAM38445 dodnettdl1,,10/2/2014,9/29/2014,4,Online Display,Web
Treadclimber,CAM38445 dodnettdl1,10/3/2014,10/3/2014,9/29/2014,4,Online Display,Web
Treadclimber,CAM38445 dodnettdl1,,10/3/2014,9/29/2014,9,Online Display,Web
Treadclimber,CAM38445 dodnettdl1,10/4/2014,10/4/2014,9/29/2014,4,Online Display,Web
Treadclimber,CAM38445 dodnettdl1,,10/4/2014,9/29/2014,3,Online Display,Web
Treadclimber,CAM38445 dodnettdl1,10/5/2014,10/5/2014,9/29/2014,3,Online Display,Web
Treadclimber,CAM38445 dodnettdl1,,10/5/2014,9/29/2014,3,Online Display,Web
Treadclimber,CAM38479 SAWDODNETT,,9/29/2014,9/29/2014,1,Online Display,Call Center Internal
Treadclimber,CAM38481 SAWDODRFT,10/3/2014,10/3/2014,9/29/2014,1,Online Display,Call Center Internal
Treadclimber,CAM38880 dodrftdl3,9/30/2014,9/30/2014,9/29/2014,1,Online Display,Web
Treadclimber,CAM39389 dodnettdl3,9/30/2014,9/30/2014,9/29/2014,1,Online Display,Web
Treadclimber,CAM39389 dodnettdl3,10/2/2014,10/2/2014,9/29/2014,1,Online Display,Web
Treadclimber,CAM39389 dodnettdl3,,10/3/2014,9/29/2014,1,Online Display,Web
Treadclimber,CAM39389 dodnettdl3,10/5/2014,10/5/2014,9/29/2014,1,Online Display,Web
Treadclimber,CAM39390 dodqctdl5,9/29/2014,9/29/2014,9/29/2014,2,Online Display,Web
Treadclimber,CAM39390 dodqctdl5,9/30/2014,9/30/2014,9/29/2014,1,Online Display,Web
Treadclimber,CAM39390 dodqctdl5,10/14/2014,9/30/2014,9/29/2014,1,Online Display,Web
Treadclimber,CAM39391 dodrftdl4,9/29/2014,9/29/2014,9/29/2014,1,Online Display,Web
Treadclimber,CAM39391 dodrftdl4,10/1/2014,10/1/2014,9/29/2014,1,Online Display,Web
Treadclimber,CAM39391 dodrftdl4,,10/1/2014,9/29/2014,1,Online Display,Web
Treadclimber,CAM39391 dodrftdl4,10/2/2014,10/2/2014,9/29/2014,3,Online Display,Web
Treadclimber,CAM39391 dodrftdl4,10/3/2014,10/3/2014,9/29/2014,4,Online Display,Web
Treadclimber,CAM39391 dodrftdl4,10/4/2014,10/4/2014,9/29/2014,2,Online Display,Web
Treadclimber,CAM39391 dodrftdl4,,10/4/2014,9/29/2014,1,Online Display,Web
Treadclimber,CAM39391 dodrftdl4,10/5/2014,10/5/2014,9/29/2014,3,Online Display,Web
Treadclimber,CAM41084 dodmagtdl4,10/1/2014,10/1/2014,9/29/2014,1,Online Display,Web
Treadclimber,CAM41084 dodmagtdl4,,10/1/2014,9/29/2014,1,Online Display,Web
Treadclimber,CAM41084 dodmagtdl4,10/2/2014,10/2/2014,9/29/2014,1,Online Display,Web
Treadclimber,CAM41084 dodmagtdl4,10/3/2014,10/3/2014,9/29/2014,2,Online Display,Web
Treadclimber,CAM41084 dodmagtdl4,,10/4/2014,9/29/2014,1,Online Display,Web
Treadclimber,CAM41084 dodmagtdl4,10/5/2014,10/5/2014,9/29/2014,3,Online Display,Web
Treadclimber,CAM41084 dodmagtdl4,,10/5/2014,9/29/2014,1,Online Display,Web
Treadclimber,CAM41086 dodnettdl4,9/29/2014,9/29/2014,9/29/2014,1,Online Display,Web
Treadclimber,CAM41086 dodnettdl4,9/30/2014,9/30/2014,9/29/2014,2,Online Display,Web
Treadclimber,CAM41086 dodnettdl4,,9/30/2014,9/29/2014,3,Online Display,Web
Treadclimber,CAM41086 dodnettdl4,,10/1/2014,9/29/2014,1,Online Display,Web
Treadclimber,CAM41087 dodqctdl6,9/29/2014,9/29/2014,9/29/2014,1,Online Display,Web
Treadclimber,CAM41087 dodqctdl6,9/30/2014,9/30/2014,9/29/2014,3,Online Display,Web
Treadclimber,CAM41091 dodrftdl5,9/30/2014,9/30/2014,9/29/2014,2,Online Display,Web
Treadclimber,CAM41091 dodrftdl5,,9/30/2014,9/29/2014,2,Online Display,Web
Treadclimber,CAM41091 dodrftdl5,10/1/2014,10/1/2014,9/29/2014,3,Online Display,Web
Treadclimber,CAM41091 dodrftdl5,,10/1/2014,9/29/2014,2,Online Display,Web
Treadclimber,CAM41091 dodrftdl5,10/2/2014,10/2/2014,9/29/2014,1,Online Display,Web
Treadclimber,CAM41091 dodrftdl5,,10/2/2014,9/29/2014,3,Online Display,Web
Treadclimber,CAM41091 dodrftdl5,10/3/2014,10/3/2014,9/29/2014,4,Online Display,Web
Treadclimber,CAM41091 dodrftdl5,,10/3/2014,9/29/2014,3,Online Display,Web
Treadclimber,CAM41091 dodrftdl5,10/4/2014,10/4/2014,9/29/2014,1,Online Display,Web
Treadclimber,CAM41091 dodrftdl5,,10/4/2014,9/29/2014,1,Online Display,Web
Treadclimber,CAM41091 dodrftdl5,10/5/2014,10/5/2014,9/29/2014,3,Online Display,Web
Treadclimber,CAM41091 dodrftdl5,,10/5/2014,9/29/2014,2,Online Display,Web
Treadclimber,CAM41174 dodybttdl1,9/29/2014,9/29/2014,9/29/2014,1,Online Display,Web
Treadclimber,CAM43710 SAWDODNETT13GG,10/1/2014,10/1/2014,9/29/2014,1,Online Display,Call Center Internal
Treadclimber,CAM45518 DODADCTDL2,9/29/2014,9/29/2014,9/29/2014,2,Online Display,Web
Treadclimber,CAM45518 DODADCTDL2,9/30/2014,9/30/2014,9/29/2014,2,Online Display,Web
Treadclimber,CAM45518 DODADCTDL2,10/2/2014,10/2/2014,9/29/2014,2,Online Display,Web
Treadclimber,CAM45518 DODADCTDL2,10/4/2014,10/4/2014,9/29/2014,2,Online Display,Web
Treadclimber,CAM45519 DODADCTDL3,9/30/2014,9/30/2014,9/29/2014,1,Online Display,Web
Treadclimber,CAM45519 DODADCTDL3,10/1/2014,10/1/2014,9/29/2014,2,Online Display,Web
Treadclimber,CAM45519 DODADCTDL3,,10/1/2014,9/29/2014,3,Online Display,Web
Treadclimber,CAM45519 DODADCTDL3,10/2/2014,10/2/2014,9/29/2014,1,Online Display,Web
Treadclimber,CAM45519 DODADCTDL3,,10/2/2014,9/29/2014,2,Online Display,Web
Treadclimber,CAM45519 DODADCTDL3,,10/4/2014,9/29/2014,1,Online Display,Web
Treadclimber,CAM45519 DODADCTDL3,,10/5/2014,9/29/2014,3,Online Display,Web
Treadclimber,CAM45903 DODQCTDL7,10/5/2014,10/5/2014,9/29/2014,1,Online Display,Web
Treadclimber,CAM45905 DODRFTDL6,10/1/2014,10/1/2014,9/29/2014,2,Online Display,Web
Treadclimber,CAM30796 SAWDOSG2G,,9/30/2014,9/29/2014,1,Online Search,Call Center Internal
Treadclimber,CAM31080 dosg2ggl1bf,,9/29/2014,9/29/2014,1,Online Search,Web
Treadclimber,CAM31080 dosg2ggl1bf,,10/2/2014,9/29/2014,1,Online Search,Web
Treadclimber,CAM31080 dosg2ggl1bf,,10/5/2014,9/29/2014,1,Online Search,Web
Treadclimber,CAM31082 dosg2tgl1tc,9/29/2014,9/29/2014,9/29/2014,1,Online Search,Web
Treadclimber,CAM31082 dosg2tgl1tc,9/30/2014,9/29/2014,9/29/2014,1,Online Search,Web
Treadclimber,CAM31082 dosg2tgl1tc,,9/29/2014,9/29/2014,1,Online Search,Web
Treadclimber,CAM31082 dosg2tgl1tc,9/30/2014,9/30/2014,9/29/2014,2,Online Search,Web
Treadclimber,CAM31082 dosg2tgl1tc,,9/30/2014,9/29/2014,3,Online Search,Web
Treadclimber,CAM31082 dosg2tgl1tc,,10/1/2014,9/29/2014,10,Online Search,Web
Treadclimber,CAM31082 dosg2tgl1tc,10/2/2014,10/2/2014,9/29/2014,3,Online Search,Web
Treadclimber,CAM31082 dosg2tgl1tc,,10/2/2014,9/29/2014,2,Online Search,Web
Treadclimber,CAM31082 dosg2tgl1tc,10/3/2014,10/3/2014,9/29/2014,5,Online Search,Web
Treadclimber,CAM31082 dosg2tgl1tc,,10/3/2014,9/29/2014,4,Online Search,Web
Treadclimber,CAM31082 dosg2tgl1tc,10/4/2014,10/4/2014,9/29/2014,1,Online Search,Web
Treadclimber,CAM31082 dosg2tgl1tc,,10/4/2014,9/29/2014,1,Online Search,Web
Treadclimber,CAM31082 dosg2tgl1tc,10/5/2014,10/5/2014,9/29/2014,16,Online Search,Web
Treadclimber,CAM31082 dosg2tgl1tc,,10/5/2014,9/29/2014,3,Online Search,Web
Treadclimber,CAM32308 SAWDOSMSNC,,9/30/2014,9/29/2014,2,Online Search,Call Center Internal
Treadclimber,CAM32376 dosg2csl1,,9/29/2014,9/29/2014,1,Online Search,Web
Treadclimber,CAM32380 dosmsncsl1,,9/30/2014,9/29/2014,1,Online Search,Web
Treadclimber,CAM32380 dosmsncsl1,,10/2/2014,9/29/2014,2,Online Search,Web
Treadclimber,CAM32380 dosmsncsl1,,10/4/2014,9/29/2014,1,Online Search,Web
Treadclimber,CAM32595 SAWDOSBIT,9/29/2014,9/29/2014,9/29/2014,1,Online Search,Call Center Internal
Treadclimber,CAM32595 SAWDOSBIT,,9/29/2014,9/29/2014,3,Online Search,Call Center Internal
Treadclimber,CAM32595 SAWDOSBIT,,9/30/2014,9/29/2014,1,Online Search,Call Center Internal
Treadclimber,CAM32595 SAWDOSBIT,10/1/2014,10/1/2014,9/29/2014,3,Online Search,Call Center Internal
Treadclimber,CAM32595 SAWDOSBIT,,10/1/2014,9/29/2014,2,Online Search,Call Center Internal
Treadclimber,CAM32595 SAWDOSBIT,10/4/2014,10/4/2014,9/29/2014,1,Online Search,Call Center Internal
Treadclimber,CAM32595 SAWDOSBIT,,10/4/2014,9/29/2014,3,Online Search,Call Center Internal
Treadclimber,CAM32595 SAWDOSBIT,10/5/2014,10/5/2014,9/29/2014,1,Online Search,Call Center Internal
Treadclimber,CAM32595 SAWDOSBIT,,10/1/2014,9/29/2014,1,Online Search,Third Party Call Center - Evolve
Treadclimber,CAM36194 dosg2tsl1,9/30/2014,9/30/2014,9/29/2014,3,Online Search,Web
Treadclimber,CAM36194 dosg2tsl1,,9/30/2014,9/29/2014,1,Online Search,Web
Treadclimber,CAM36194 dosg2tsl1,,10/1/2014,9/29/2014,3,Online Search,Web
Treadclimber,CAM36194 dosg2tsl1,10/2/2014,10/2/2014,9/29/2014,1,Online Search,Web
Treadclimber,CAM36194 dosg2tsl1,,10/2/2014,9/29/2014,1,Online Search,Web
Treadclimber,CAM36194 dosg2tsl1,,10/3/2014,9/29/2014,1,Online Search,Web
Treadclimber,CAM36194 dosg2tsl1,,10/4/2014,9/29/2014,1,Online Search,Web
Treadclimber,CAM36194 dosg2tsl1,10/5/2014,10/5/2014,9/29/2014,1,Online Search,Web
Treadclimber,CAM36194 dosg2tsl1,,10/5/2014,9/29/2014,1,Online Search,Web
Treadclimber,CAM36206 dosg2tsl7,9/29/2014,9/29/2014,9/29/2014,1,Online Search,Web
Treadclimber,CAM36206 dosg2tsl7,9/30/2014,9/30/2014,9/29/2014,1,Online Search,Web
Treadclimber,CAM36206 dosg2tsl7,10/2/2014,10/2/2014,9/29/2014,3,Online Search,Web
Treadclimber,CAM36206 dosg2tsl7,,10/3/2014,9/29/2014,1,Online Search,Web
Treadclimber,CAM36206 dosg2tsl7,,10/5/2014,9/29/2014,1,Online Search,Web
Treadclimber,CAM36884 dosbitsl1,10/3/2014,10/3/2014,9/29/2014,1,Online Search,Web
Treadclimber,CAM36884 dosbitsl1,10/7/2014,10/5/2014,9/29/2014,1,Online Search,Web
Treadclimber,CAM37440 dosg2tsl21,9/29/2014,9/29/2014,9/29/2014,15,Online Search,Web
Treadclimber,CAM37440 dosg2tsl21,10/1/2014,9/29/2014,9/29/2014,1,Online Search,Web
Treadclimber,CAM37440 dosg2tsl21,,9/29/2014,9/29/2014,17,Online Search,Web
Treadclimber,CAM37440 dosg2tsl21,9/30/2014,9/30/2014,9/29/2014,27,Online Search,Web
Treadclimber,CAM37440 dosg2tsl21,11/14/2014,9/30/2014,9/29/2014,1,Online Search,Web
Treadclimber,CAM37440 dosg2tsl21,,9/30/2014,9/29/2014,16,Online Search,Web
Treadclimber,CAM37440 dosg2tsl21,10/1/2014,10/1/2014,9/29/2014,14,Online Search,Web
Treadclimber,CAM37440 dosg2tsl21,,10/1/2014,9/29/2014,38,Online Search,Web
Treadclimber,CAM37440 dosg2tsl21,10/2/2014,10/2/2014,9/29/2014,16,Online Search,Web
Treadclimber,CAM37440 dosg2tsl21,,10/2/2014,9/29/2014,12,Online Search,Web
Treadclimber,CAM37440 dosg2tsl21,10/3/2014,10/3/2014,9/29/2014,12,Online Search,Web
Treadclimber,CAM37440 dosg2tsl21,10/9/2014,10/3/2014,9/29/2014,1,Online Search,Web
Treadclimber,CAM37440 dosg2tsl21,,10/3/2014,9/29/2014,12,Online Search,Web
Treadclimber,CAM37440 dosg2tsl21,10/4/2014,10/4/2014,9/29/2014,12,Online Search,Web
Treadclimber,CAM37440 dosg2tsl21,,10/4/2014,9/29/2014,17,Online Search,Web
Treadclimber,CAM37440 dosg2tsl21,10/5/2014,10/5/2014,9/29/2014,13,Online Search,Web
Treadclimber,CAM37440 dosg2tsl21,10/31/2014,10/5/2014,9/29/2014,1,Online Search,Web
Treadclimber,CAM37440 dosg2tsl21,,10/5/2014,9/29/2014,22,Online Search,Web
Treadclimber,CAM37492 dosbitsl5,9/29/2014,9/29/2014,9/29/2014,10,Online Search,Web
Treadclimber,CAM37492 dosbitsl5,,9/29/2014,9/29/2014,1,Online Search,Web
Treadclimber,CAM37492 dosbitsl5,9/30/2014,9/30/2014,9/29/2014,14,Online Search,Web
Treadclimber,CAM37492 dosbitsl5,,9/30/2014,9/29/2014,2,Online Search,Web
Treadclimber,CAM37492 dosbitsl5,10/1/2014,10/1/2014,9/29/2014,8,Online Search,Web
Treadclimber,CAM37492 dosbitsl5,,10/1/2014,9/29/2014,2,Online Search,Web
Treadclimber,CAM37492 dosbitsl5,10/2/2014,10/2/2014,9/29/2014,7,Online Search,Web
Treadclimber,CAM37492 dosbitsl5,10/3/2014,10/3/2014,9/29/2014,2,Online Search,Web
Treadclimber,CAM37492 dosbitsl5,10/4/2014,10/4/2014,9/29/2014,3,Online Search,Web
Treadclimber,CAM37492 dosbitsl5,10/14/2014,10/4/2014,9/29/2014,1,Online Search,Web
Treadclimber,CAM37492 dosbitsl5,,10/4/2014,9/29/2014,1,Online Search,Web
Treadclimber,CAM37492 dosbitsl5,10/5/2014,10/5/2014,9/29/2014,12,Online Search,Web
Treadclimber,CAM37494 dosbitsl7,,9/29/2014,9/29/2014,1,Online Search,Web
Treadclimber,CAM37494 dosbitsl7,,10/1/2014,9/29/2014,3,Online Search,Web
Treadclimber,CAM37494 dosbitsl7,,10/2/2014,9/29/2014,1,Online Search,Web
Treadclimber,CAM37494 dosbitsl7,10/3/2014,10/3/2014,9/29/2014,1,Online Search,Web
Treadclimber,CAM37494 dosbitsl7,,10/5/2014,9/29/2014,1,Online Search,Web
Treadclimber,CAM37495 dosbitsl8,,10/1/2014,9/29/2014,1,Online Search,Web
Treadclimber,CAM37495 dosbitsl8,10/5/2014,10/5/2014,9/29/2014,1,Online Search,Web
Treadclimber,CAM37655 dosbitsl10,9/29/2014,9/29/2014,9/29/2014,11,Online Search,Web
Treadclimber,CAM37655 dosbitsl10,,9/29/2014,9/29/2014,13,Online Search,Web
Treadclimber,CAM37655 dosbitsl10,9/30/2014,9/30/2014,9/29/2014,22,Online Search,Web
Treadclimber,CAM37655 dosbitsl10,10/13/2014,9/30/2014,9/29/2014,1,Online Search,Web
Treadclimber,CAM37655 dosbitsl10,,9/30/2014,9/29/2014,11,Online Search,Web
Treadclimber,CAM37655 dosbitsl10,10/1/2014,10/1/2014,9/29/2014,15,Online Search,Web
Treadclimber,CAM37655 dosbitsl10,11/9/2014,10/1/2014,9/29/2014,1,Online Search,Web
Treadclimber,CAM37655 dosbitsl10,,10/1/2014,9/29/2014,32,Online Search,Web
Treadclimber,CAM37655 dosbitsl10,10/2/2014,10/2/2014,9/29/2014,13,Online Search,Web
Treadclimber,CAM37655 dosbitsl10,,10/2/2014,9/29/2014,9,Online Search,Web
Treadclimber,CAM37655 dosbitsl10,10/3/2014,10/3/2014,9/29/2014,14,Online Search,Web
Treadclimber,CAM37655 dosbitsl10,,10/3/2014,9/29/2014,12,Online Search,Web
Treadclimber,CAM37655 dosbitsl10,10/4/2014,10/4/2014,9/29/2014,17,Online Search,Web
Treadclimber,CAM37655 dosbitsl10,10/24/2014,10/4/2014,9/29/2014,1,Online Search,Web
Treadclimber,CAM37655 dosbitsl10,,10/4/2014,9/29/2014,11,Online Search,Web
Treadclimber,CAM37655 dosbitsl10,10/5/2014,10/5/2014,9/29/2014,15,Online Search,Web
Treadclimber,CAM37655 dosbitsl10,,10/5/2014,9/29/2014,11,Online Search,Web
Treadclimber,CAM38842 dosg2tsl27,9/29/2014,9/29/2014,9/29/2014,26,Online Search,Web
Treadclimber,CAM38842 dosg2tsl27,,9/29/2014,9/29/2014,3,Online Search,Web
Treadclimber,CAM38842 dosg2tsl27,9/30/2014,9/30/2014,9/29/2014,35,Online Search,Web
Treadclimber,CAM38842 dosg2tsl27,10/1/2014,10/1/2014,9/29/2014,26,Online Search,Web
Treadclimber,CAM38842 dosg2tsl27,10/8/2014,10/1/2014,9/29/2014,1,Online Search,Web
Treadclimber,CAM38842 dosg2tsl27,,10/1/2014,9/29/2014,1,Online Search,Web
Treadclimber,CAM38842 dosg2tsl27,10/2/2014,10/2/2014,9/29/2014,17,Online Search,Web
Treadclimber,CAM38842 dosg2tsl27,,10/2/2014,9/29/2014,1,Online Search,Web
Treadclimber,CAM38842 dosg2tsl27,10/3/2014,10/3/2014,9/29/2014,14,Online Search,Web
Treadclimber,CAM38842 dosg2tsl27,10/4/2014,10/4/2014,9/29/2014,20,Online Search,Web
Treadclimber,CAM38842 dosg2tsl27,,10/4/2014,9/29/2014,1,Online Search,Web
Treadclimber,CAM38842 dosg2tsl27,10/5/2014,10/5/2014,9/29/2014,21,Online Search,Web
Treadclimber,CAM39442 dosbitgl1tc,9/29/2014,9/29/2014,9/29/2014,4,Online Search,Web
Treadclimber,CAM39442 dosbitgl1tc,,9/29/2014,9/29/2014,1,Online Search,Web
Treadclimber,CAM39442 dosbitgl1tc,9/30/2014,9/30/2014,9/29/2014,2,Online Search,Web
Treadclimber,CAM39442 dosbitgl1tc,,9/30/2014,9/29/2014,1,Online Search,Web
Treadclimber,CAM39442 dosbitgl1tc,10/1/2014,10/1/2014,9/29/2014,1,Online Search,Web
Treadclimber,CAM39442 dosbitgl1tc,,10/1/2014,9/29/2014,4,Online Search,Web
Treadclimber,CAM39442 dosbitgl1tc,,10/2/2014,9/29/2014,1,Online Search,Web
Treadclimber,CAM39442 dosbitgl1tc,10/3/2014,10/3/2014,9/29/2014,4,Online Search,Web
Treadclimber,CAM39442 dosbitgl1tc,,10/3/2014,9/29/2014,2,Online Search,Web
Treadclimber,CAM39442 dosbitgl1tc,10/4/2014,10/4/2014,9/29/2014,1,Online Search,Web
Treadclimber,CAM39442 dosbitgl1tc,,10/4/2014,9/29/2014,2,Online Search,Web
Treadclimber,CAM39442 dosbitgl1tc,10/5/2014,10/5/2014,9/29/2014,2,Online Search,Web
Treadclimber,CAM39442 dosbitgl1tc,,10/5/2014,9/29/2014,1,Online Search,Web
Treadclimber,CAM43666 dosg2tmobile4,9/29/2014,9/29/2014,9/29/2014,15,Online Search,Web
Treadclimber,CAM43666 dosg2tmobile4,10/2/2014,9/29/2014,9/29/2014,1,Online Search,Web
Treadclimber,CAM43666 dosg2tmobile4,,9/29/2014,9/29/2014,1,Online Search,Web
Treadclimber,CAM43666 dosg2tmobile4,9/30/2014,9/30/2014,9/29/2014,15,Online Search,Web
Treadclimber,CAM43666 dosg2tmobile4,,9/30/2014,9/29/2014,1,Online Search,Web
Treadclimber,CAM43666 dosg2tmobile4,10/1/2014,10/1/2014,9/29/2014,10,Online Search,Web
Treadclimber,CAM43666 dosg2tmobile4,,10/1/2014,9/29/2014,2,Online Search,Web
Treadclimber,CAM43666 dosg2tmobile4,10/2/2014,10/2/2014,9/29/2014,11,Online Search,Web
Treadclimber,CAM43666 dosg2tmobile4,,10/2/2014,9/29/2014,2,Online Search,Web
Treadclimber,CAM43666 dosg2tmobile4,10/3/2014,10/3/2014,9/29/2014,7,Online Search,Web
Treadclimber,CAM43666 dosg2tmobile4,10/4/2014,10/3/2014,9/29/2014,1,Online Search,Web
Treadclimber,CAM43666 dosg2tmobile4,,10/3/2014,9/29/2014,2,Online Search,Web
Treadclimber,CAM43666 dosg2tmobile4,10/4/2014,10/4/2014,9/29/2014,10,Online Search,Web
Treadclimber,CAM43666 dosg2tmobile4,10/20/2014,10/4/2014,9/29/2014,1,Online Search,Web
Treadclimber,CAM43666 dosg2tmobile4,,10/4/2014,9/29/2014,3,Online Search,Web
Treadclimber,CAM43666 dosg2tmobile4,10/5/2014,10/5/2014,9/29/2014,20,Online Search,Web
Treadclimber,CAM43666 dosg2tmobile4,,10/5/2014,9/29/2014,4,Online Search,Web
Treadclimber,CAM43667 dosg2tmobile5,9/29/2014,9/29/2014,9/29/2014,26,Online Search,Web
Treadclimber,CAM43667 dosg2tmobile5,9/30/2014,9/30/2014,9/29/2014,33,Online Search,Web
Treadclimber,CAM43667 dosg2tmobile5,10/16/2014,9/30/2014,9/29/2014,1,Online Search,Web
Treadclimber,CAM43667 dosg2tmobile5,10/1/2014,10/1/2014,9/29/2014,14,Online Search,Web
Treadclimber,CAM43667 dosg2tmobile5,,10/1/2014,9/29/2014,1,Online Search,Web
Treadclimber,CAM43667 dosg2tmobile5,10/2/2014,10/2/2014,9/29/2014,16,Online Search,Web
Treadclimber,CAM43667 dosg2tmobile5,10/3/2014,10/3/2014,9/29/2014,5,Online Search,Web
Treadclimber,CAM43667 dosg2tmobile5,10/4/2014,10/4/2014,9/29/2014,20,Online Search,Web
Treadclimber,CAM43667 dosg2tmobile5,10/5/2014,10/5/2014,9/29/2014,23,Online Search,Web
Treadclimber,CAM43804 dosg2tmobile6,9/29/2014,9/29/2014,9/29/2014,4,Online Search,Web
Treadclimber,CAM43804 dosg2tmobile6,,9/29/2014,9/29/2014,2,Online Search,Web
Treadclimber,CAM43804 dosg2tmobile6,9/30/2014,9/30/2014,9/29/2014,4,Online Search,Web
Treadclimber,CAM43804 dosg2tmobile6,,9/30/2014,9/29/2014,2,Online Search,Web
Treadclimber,CAM43804 dosg2tmobile6,10/1/2014,10/1/2014,9/29/2014,1,Online Search,Web
Treadclimber,CAM43804 dosg2tmobile6,,10/1/2014,9/29/2014,2,Online Search,Web
Treadclimber,CAM43804 dosg2tmobile6,10/2/2014,10/2/2014,9/29/2014,4,Online Search,Web
Treadclimber,CAM43804 dosg2tmobile6,,10/2/2014,9/29/2014,2,Online Search,Web
Treadclimber,CAM43804 dosg2tmobile6,10/3/2014,10/3/2014,9/29/2014,5,Online Search,Web
Treadclimber,CAM43804 dosg2tmobile6,10/4/2014,10/4/2014,9/29/2014,2,Online Search,Web
Treadclimber,CAM43804 dosg2tmobile6,,10/4/2014,9/29/2014,2,Online Search,Web
Treadclimber,CAM43804 dosg2tmobile6,10/5/2014,10/5/2014,9/29/2014,3,Online Search,Web
Treadclimber,CAM44065 SAWDOSG2TMOBILE2,9/30/2014,9/30/2014,9/29/2014,2,Online Search,Call Center Internal
Treadclimber,CAM44065 SAWDOSG2TMOBILE2,10/3/2014,10/3/2014,9/29/2014,1,Online Search,Call Center Internal
Treadclimber,CAM44065 SAWDOSG2TMOBILE2,,10/3/2014,9/29/2014,1,Online Search,Call Center Internal
Treadclimber,CAM44065 SAWDOSG2TMOBILE2,10/4/2014,10/4/2014,9/29/2014,1,Online Search,Call Center Internal
Treadclimber,CAM44065 SAWDOSG2TMOBILE2,10/5/2014,10/5/2014,9/29/2014,1,Online Search,Call Center Internal
Treadclimber,CAM44108 dosbitsl13,9/29/2014,9/29/2014,9/29/2014,3,Online Search,Web
Treadclimber,CAM44108 dosbitsl13,9/30/2014,9/30/2014,9/29/2014,6,Online Search,Web
Treadclimber,CAM44108 dosbitsl13,10/1/2014,10/1/2014,9/29/2014,3,Online Search,Web
Treadclimber,CAM44108 dosbitsl13,10/4/2014,10/4/2014,9/29/2014,2,Online Search,Web
Treadclimber,CAM44108 dosbitsl13,10/5/2014,10/5/2014,9/29/2014,4,Online Search,Web
Treadclimber,CAM44223 SAWDOSBIE,,10/1/2014,9/29/2014,1,Online Search,Call Center Internal
Treadclimber,CAM44223 SAWDOSBIE,,10/4/2014,9/29/2014,1,Online Search,Call Center Internal
Treadclimber,CAM44223 SAWDOSBIE,,10/2/2014,9/29/2014,1,Online Search,Third Party Call Center - Evolve
Treadclimber,CAM44230 SAWDOSG2E,,9/29/2014,9/29/2014,1,Online Search,Call Center Internal
Treadclimber,CAM44230 SAWDOSG2E,,9/30/2014,9/29/2014,2,Online Search,Call Center Internal
Treadclimber,CAM44230 SAWDOSG2E,,10/5/2014,9/29/2014,1,Online Search,Call Center Internal
Treadclimber,CAM44230 SAWDOSG2E,,10/3/2014,9/29/2014,1,Online Search,Third Party Call Center - Evolve
Treadclimber,CAM44429 dosbiesl1,,10/4/2014,9/29/2014,2,Online Search,Web
Treadclimber,CAM44497 dosg2esl1,,9/29/2014,9/29/2014,1,Online Search,Web
Treadclimber,CAM44497 dosg2esl1,,9/30/2014,9/29/2014,1,Online Search,Web
Treadclimber,CAM44497 dosg2esl1,,10/1/2014,9/29/2014,2,Online Search,Web
Treadclimber,CAM44539 SAWDOSG2EMOBILE2,,10/1/2014,9/29/2014,1,Online Search,Call Center Internal
Treadclimber,CAM45853 DOSBITSL16,10/3/2014,10/3/2014,9/29/2014,2,Online Search,Web
Treadclimber,CAM45853 DOSBITSL16,10/5/2014,10/5/2014,9/29/2014,1,Online Search,Web
Treadclimber,CAM32123 dofg2tfeed1,9/29/2014,9/29/2014,9/29/2014,4,Online Shopping,Web
Treadclimber,CAM32123 dofg2tfeed1,9/30/2014,9/30/2014,9/29/2014,3,Online Shopping,Web
Treadclimber,CAM32123 dofg2tfeed1,,9/30/2014,9/29/2014,1,Online Shopping,Web
Treadclimber,CAM32123 dofg2tfeed1,10/1/2014,10/1/2014,9/29/2014,5,Online Shopping,Web
Treadclimber,CAM32123 dofg2tfeed1,,10/1/2014,9/29/2014,4,Online Shopping,Web
Treadclimber,CAM32123 dofg2tfeed1,10/2/2014,10/2/2014,9/29/2014,2,Online Shopping,Web
Treadclimber,CAM32123 dofg2tfeed1,,10/2/2014,9/29/2014,3,Online Shopping,Web
Treadclimber,CAM32123 dofg2tfeed1,10/3/2014,10/3/2014,9/29/2014,4,Online Shopping,Web
Treadclimber,CAM32123 dofg2tfeed1,,10/3/2014,9/29/2014,1,Online Shopping,Web
Treadclimber,CAM32123 dofg2tfeed1,10/4/2014,10/4/2014,9/29/2014,3,Online Shopping,Web
Treadclimber,CAM32123 dofg2tfeed1,,10/4/2014,9/29/2014,1,Online Shopping,Web
Treadclimber,CAM32123 dofg2tfeed1,10/5/2014,10/5/2014,9/29/2014,6,Online Shopping,Web
Treadclimber,CAM32125 dofnexttfeed1,,10/1/2014,9/29/2014,2,Online Shopping,Web
Treadclimber,CAM32125 dofnexttfeed1,10/2/2014,10/2/2014,9/29/2014,1,Online Shopping,Web
Treadclimber,CAM32126 dofpgtfeed1,10/3/2014,10/3/2014,9/29/2014,2,Online Shopping,Web
Treadclimber,CAM32126 dofpgtfeed1,10/22/2014,10/4/2014,9/29/2014,1,Online Shopping,Web
Treadclimber,CAM33966 dofg2cfeed1,,10/1/2014,9/29/2014,3,Online Shopping,Web
Treadclimber,CAM33966 dofg2cfeed1,,10/3/2014,9/29/2014,2,Online Shopping,Web
Treadclimber,CAM44887 dofg2efeed1,,10/1/2014,9/29/2014,1,Online Shopping,Web
Treadclimber,CAM44887 dofg2efeed1,,10/3/2014,9/29/2014,1,Online Shopping,Web
Treadclimber,CAM45043 SAWDOFG2E,,9/29/2014,9/29/2014,1,Online Shopping,Call Center Internal
Treadclimber,CAM45043 SAWDOFG2E,,10/5/2014,9/29/2014,1,Online Shopping,Call Center Internal
Treadclimber,CAM45043 SAWDOFG2E,,10/3/2014,9/29/2014,1,Online Shopping,Third Party Call Center - Evolve
Treadclimber,CAM37290 doohulutvl1,9/30/2014,9/30/2014,9/29/2014,1,Online Video,Web
Treadclimber,CAM37290 doohulutvl1,10/2/2014,10/2/2014,9/29/2014,1,Online Video,Web
Treadclimber,CAM39152 dovhulutvl1,9/29/2014,9/29/2014,9/29/2014,4,Online Video,Web
Treadclimber,CAM39152 dovhulutvl1,9/30/2014,9/30/2014,9/29/2014,6,Online Video,Web
Treadclimber,CAM39152 dovhulutvl1,10/1/2014,10/1/2014,9/29/2014,6,Online Video,Web
Treadclimber,CAM39152 dovhulutvl1,10/2/2014,10/2/2014,9/29/2014,1,Online Video,Web
Treadclimber,CAM39152 dovhulutvl1,10/3/2014,10/3/2014,9/29/2014,1,Online Video,Web
Treadclimber,CAM39152 dovhulutvl1,10/4/2014,10/4/2014,9/29/2014,3,Online Video,Web
Treadclimber,CAM39152 dovhulutvl1,10/5/2014,10/5/2014,9/29/2014,5,Online Video,Web
Treadclimber,CAM45527 DOVRFTVL1,,9/30/2014,9/29/2014,1,Online Video,Web
Treadclimber,CAM45534 DOVSTKTMVL2,9/29/2014,9/29/2014,9/29/2014,1,Online Video,Web
Treadclimber,CAM45803 DOVHULUTVL3,10/4/2014,10/4/2014,9/29/2014,1,Online Video,Web
Treadclimber,CAM45803 DOVHULUTVL3,10/5/2014,10/5/2014,9/29/2014,1,Online Video,Web
Treadclimber,CAM30938 SHOPTEXTWALK,9/30/2014,9/30/2014,9/29/2014,6,Other - Agency,Shoptext
Treadclimber,CAM30938 SHOPTEXTWALK,10/1/2014,10/1/2014,9/29/2014,2,Other - Agency,Shoptext
Treadclimber,CAM30938 SHOPTEXTWALK,10/2/2014,10/2/2014,9/29/2014,1,Other - Agency,Shoptext
Treadclimber,CAM30938 SHOPTEXTWALK,10/3/2014,10/3/2014,9/29/2014,2,Other - Agency,Shoptext
Treadclimber,CAM30938 SHOPTEXTWALK,10/4/2014,10/4/2014,9/29/2014,1,Other - Agency,Shoptext
Treadclimber,CAM30938 SHOPTEXTWALK,10/5/2014,10/5/2014,9/29/2014,1,Other - Agency,Shoptext
Treadclimber,CAM34858 SHOPTEXTSTEP,9/29/2014,9/29/2014,9/29/2014,1,Other - Agency,Shoptext
Treadclimber,CAM34858 SHOPTEXTSTEP,10/4/2014,10/4/2014,9/29/2014,1,Other - Agency,Shoptext
Treadclimber,CAM41285 deotshoptextstep,9/29/2014,9/29/2014,9/29/2014,1,Other - Agency,Web
Treadclimber,CAM41286 deotshoptextwalk,10/1/2014,10/1/2014,9/29/2014,1,Other - Agency,Web
Treadclimber,CAM41286 deotshoptextwalk,10/4/2014,10/4/2014,9/29/2014,2,Other - Agency,Web
Treadclimber,CAM41286 deotshoptextwalk,10/5/2014,10/5/2014,9/29/2014,1,Other - Agency,Web
Treadclimber,CAM22953 CALLBACKSAVE100,9/30/2014,9/30/2014,9/29/2014,1,Print,Call Center Internal
Treadclimber,CAM34914 P0311WWAT5500,9/29/2014,9/29/2014,9/29/2014,1,Print,Call Center Internal
Treadclimber,CAM34914 P0311WWAT5500,10/3/2014,10/3/2014,9/29/2014,1,Print,Call Center Internal
Treadclimber,CAM35011 P0511FITNS5500,10/2/2014,10/2/2014,9/29/2014,1,Print,Call Center Internal
Treadclimber,CAM38956 P0613WDAYTC20B,10/1/2014,10/1/2014,9/29/2014,1,Print,Call Center Internal
Treadclimber,CAM45468 P0914RRAYONSRT,9/30/2014,9/30/2014,9/29/2014,1,Print,Call Center Internal
Treadclimber,CAM45468 P0914RRAYONSRT,9/30/2014,9/30/2014,9/29/2014,1,Print,Third Party Call Center - Evolve
Treadclimber,CAM45554 P0914WWATCHTC20C,9/30/2014,9/30/2014,9/29/2014,1,Print,Call Center Internal
Treadclimber,CAM45555 P08141STWMNCOLL,9/29/2014,9/29/2014,9/29/2014,1,Print,Call Center Internal
Treadclimber,CAM1 ****N5MNBWAP5***_TRC,9/29/2014,9/29/2014,9/29/2014,1,Short Form,Call Center Internal
Treadclimber,CAM1 ****N5MNBWAP5***_TRC,10/1/2014,10/1/2014,9/29/2014,1,Short Form,Call Center Internal
Treadclimber,CAM1 ****N5MNBWAP5***_TRC,10/3/2014,10/3/2014,9/29/2014,3,Short Form,Call Center Internal
Treadclimber,CAM1 ****N5MNBWAP5***_TRC,10/4/2014,10/4/2014,9/29/2014,2,Short Form,Call Center Internal
Treadclimber,CAM1 ****N5MNBWAP5***_TRC,,10/5/2014,9/29/2014,2,Short Form,Call Center Internal
Treadclimber,CAM29980 HALMN60*MOBTC***,10/4/2014,10/4/2014,9/29/2014,1,Short Form,Call Center Internal
Treadclimber,CAM37231 VEL*N120FLOOPTIC,10/3/2014,10/3/2014,9/29/2014,1,Short Form,Call Center Internal
Treadclimber,CAM41122 CLASP60*JRNEYWST,9/29/2014,9/29/2014,9/29/2014,1,Short Form,Third Party Call Center - West
Treadclimber,CAM43874 SUNDN120JYBOWTIC,10/3/2014,10/3/2014,9/29/2014,1,Short Form,Call Center Internal
Treadclimber,CAM44317 CMT*N120JNYNYTIC,10/3/2014,10/3/2014,9/29/2014,1,Short Form,Call Center Internal
Treadclimber,CAM44335 INSPN120JNYNYTIC,10/4/2014,10/4/2014,9/29/2014,1,Short Form,Call Center Internal
Treadclimber,CAM44379 ION*L60*GRT2HTIC,9/29/2014,9/29/2014,9/29/2014,3,Short Form,Call Center Internal
Treadclimber,CAM44379 ION*L60*GRT2HTIC,9/30/2014,9/30/2014,9/29/2014,5,Short Form,Call Center Internal
Treadclimber,CAM44381 LMN*L60*GRT2HTIC,10/5/2014,10/5/2014,9/29/2014,1,Short Form,Call Center Internal
Treadclimber,CAM44405 SPKEN120BFMAXTIC,,10/1/2014,9/29/2014,1,Short Form,Call Center Internal
Treadclimber,CAM44649 METVN60*GRT2HTIC,10/2/2014,10/2/2014,9/29/2014,1,Short Form,Call Center Internal
Treadclimber,CAM44827 CMGDP60*GRT2HWST,9/30/2014,9/30/2014,9/29/2014,1,Short Form,Call Center Internal
Treadclimber,CAM44827 CMGDP60*GRT2HWST,9/29/2014,9/29/2014,9/29/2014,1,Short Form,Third Party Call Center - West
Treadclimber,CAM44940 HALMN120GRT2HTIC,,9/29/2014,9/29/2014,1,Short Form,Call Center Internal
Treadclimber,CAM44940 HALMN120GRT2HTIC,,10/4/2014,9/29/2014,1,Short Form,Call Center Internal
Treadclimber,CAM44944 HIS2N180GRT2HTIC,9/29/2014,9/29/2014,9/29/2014,1,Short Form,Call Center Internal
Treadclimber,CAM44944 HIS2N180GRT2HTIC,9/30/2014,9/30/2014,9/29/2014,1,Short Form,Call Center Internal
Treadclimber,CAM44944 HIS2N180GRT2HTIC,,9/30/2014,9/29/2014,1,Short Form,Call Center Internal
Treadclimber,CAM44944 HIS2N180GRT2HTIC,10/1/2014,10/1/2014,9/29/2014,1,Short Form,Call Center Internal
Treadclimber,CAM44944 HIS2N180GRT2HTIC,,10/1/2014,9/29/2014,1,Short Form,Call Center Internal
Treadclimber,CAM44944 HIS2N180GRT2HTIC,10/3/2014,10/3/2014,9/29/2014,1,Short Form,Call Center Internal
Treadclimber,CAM44963 FOXNN120GRT2HTIC,10/2/2014,10/2/2014,9/29/2014,1,Short Form,Call Center Internal
Treadclimber,CAM44963 FOXNN120GRT2HTIC,10/3/2014,10/3/2014,9/29/2014,1,Short Form,Call Center Internal
Treadclimber,CAM44963 FOXNN120GRT2HTIC,10/3/2014,10/3/2014,9/29/2014,1,Short Form,Third Party Call Center - Evolve
Treadclimber,CAM44963 FOXNN120GRT2HTIC,10/4/2014,10/4/2014,9/29/2014,3,Short Form,Third Party Call Center - Evolve
Treadclimber,CAM44963 FOXNN120GRT2HTIC,10/5/2014,10/5/2014,9/29/2014,2,Short Form,Third Party Call Center - Evolve
Treadclimber,CAM44974 INSPN120GRT2HTIC,10/2/2014,10/2/2014,9/29/2014,1,Short Form,Call Center Internal
Treadclimber,CAM44975 INSPN180GRT2HTIC,9/29/2014,9/29/2014,9/29/2014,4,Short Form,Call Center Internal
Treadclimber,CAM44975 INSPN180GRT2HTIC,10/1/2014,9/29/2014,9/29/2014,1,Short Form,Call Center Internal
Treadclimber,CAM44975 INSPN180GRT2HTIC,9/30/2014,9/30/2014,9/29/2014,2,Short Form,Call Center Internal
Treadclimber,CAM44975 INSPN180GRT2HTIC,10/1/2014,10/1/2014,9/29/2014,5,Short Form,Call Center Internal
Treadclimber,CAM44975 INSPN180GRT2HTIC,10/2/2014,10/2/2014,9/29/2014,3,Short Form,Call Center Internal
Treadclimber,CAM44975 INSPN180GRT2HTIC,10/3/2014,10/3/2014,9/29/2014,1,Short Form,Call Center Internal
Treadclimber,CAM44975 INSPN180GRT2HTIC,10/4/2014,10/4/2014,9/29/2014,1,Short Form,Call Center Internal
Treadclimber,CAM44975 INSPN180GRT2HTIC,10/6/2014,10/1/2014,9/29/2014,1,Short Form,Third Party Call Center - Evolve
Treadclimber,CAM44975 INSPN180GRT2HTIC,10/3/2014,10/3/2014,9/29/2014,1,Short Form,Third Party Call Center - Evolve
Treadclimber,CAM44975 INSPN180GRT2HTIC,10/4/2014,10/4/2014,9/29/2014,3,Short Form,Third Party Call Center - Evolve
Treadclimber,CAM44975 INSPN180GRT2HTIC,,10/4/2014,9/29/2014,1,Short Form,Third Party Call Center - Evolve
Treadclimber,CAM44986 KREMC120GRT2HKST,10/1/2014,10/1/2014,9/29/2014,1,Short Form,Call Center Internal
Treadclimber,CAM45022 PUREN180GRT2HTIC,10/2/2014,10/2/2014,9/29/2014,2,Short Form,Call Center Internal
Treadclimber,CAM45022 PUREN180GRT2HTIC,10/3/2014,10/3/2014,9/29/2014,1,Short Form,Call Center Internal
Treadclimber,CAM45344 PALLN120GENTSTIC,10/2/2014,10/2/2014,9/29/2014,2,Short Form,Call Center Internal
Treadclimber,CAM45344 PALLN120GENTSTIC,10/4/2014,10/4/2014,9/29/2014,2,Short Form,Call Center Internal
Treadclimber,CAM45344 PALLN120GENTSTIC,10/3/2014,10/3/2014,9/29/2014,1,Short Form,Third Party Call Center - Evolve
Treadclimber,CAM45345 SUNDN120GENTSTIC,9/29/2014,9/29/2014,9/29/2014,3,Short Form,Call Center Internal
Treadclimber,CAM45345 SUNDN120GENTSTIC,9/30/2014,9/30/2014,9/29/2014,1,Short Form,Call Center Internal
Treadclimber,CAM45345 SUNDN120GENTSTIC,10/1/2014,10/1/2014,9/29/2014,2,Short Form,Call Center Internal
Treadclimber,CAM45345 SUNDN120GENTSTIC,10/2/2014,10/2/2014,9/29/2014,5,Short Form,Call Center Internal
Treadclimber,CAM45345 SUNDN120GENTSTIC,10/3/2014,10/3/2014,9/29/2014,13,Short Form,Call Center Internal
Treadclimber,CAM45345 SUNDN120GENTSTIC,10/5/2014,10/5/2014,9/29/2014,5,Short Form,Call Center Internal
Treadclimber,CAM45349 METVN120BOOMRTIC,,10/1/2014,9/29/2014,1,Short Form,Call Center Internal
Treadclimber,CAM45350 METVN120GRT2HTIC,9/29/2014,9/29/2014,9/29/2014,1,Short Form,Call Center Internal
Treadclimber,CAM45350 METVN120GRT2HTIC,9/30/2014,9/30/2014,9/29/2014,12,Short Form,Call Center Internal
Treadclimber,CAM45350 METVN120GRT2HTIC,10/1/2014,10/1/2014,9/29/2014,11,Short Form,Call Center Internal
Treadclimber,CAM45350 METVN120GRT2HTIC,10/9/2014,10/1/2014,9/29/2014,1,Short Form,Call Center Internal
Treadclimber,CAM45350 METVN120GRT2HTIC,10/2/2014,10/2/2014,9/29/2014,10,Short Form,Call Center Internal
Treadclimber,CAM45350 METVN120GRT2HTIC,10/3/2014,10/3/2014,9/29/2014,2,Short Form,Call Center Internal
Treadclimber,CAM45350 METVN120GRT2HTIC,10/1/2014,10/1/2014,9/29/2014,1,Short Form,Third Party Call Center - Evolve
Treadclimber,CAM45350 METVN120GRT2HTIC,,10/1/2014,9/29/2014,1,Short Form,Third Party Call Center - Evolve
Treadclimber,CAM45350 METVN120GRT2HTIC,10/4/2014,10/4/2014,9/29/2014,1,Short Form,Third Party Call Center - Evolve
Treadclimber,CAM45350 METVN120GRT2HTIC,,10/4/2014,9/29/2014,1,Short Form,Third Party Call Center - Evolve
Treadclimber,CAM45492 PUREN180BFMAXTIC,,10/5/2014,9/29/2014,1,Short Form,Call Center Internal
Treadclimber,CAM45543 FYI*N120GRT2HTIC,9/30/2014,9/30/2014,9/29/2014,1,Short Form,Call Center Internal
Treadclimber,CAM45543 FYI*N120GRT2HTIC,10/1/2014,10/1/2014,9/29/2014,1,Short Form,Call Center Internal
Treadclimber,CAM45543 FYI*N120GRT2HTIC,,10/2/2014,9/29/2014,1,Short Form,Call Center Internal
Treadclimber,CAM45543 FYI*N120GRT2HTIC,10/4/2014,10/4/2014,9/29/2014,2,Short Form,Call Center Internal
Treadclimber,CAM45543 FYI*N120GRT2HTIC,10/5/2014,10/5/2014,9/29/2014,4,Short Form,Call Center Internal
Treadclimber,CAM45543 FYI*N120GRT2HTIC,10/1/2014,10/1/2014,9/29/2014,1,Short Form,Third Party Call Center - Evolve
Treadclimber,CAM45546 SUNDN180GRT2HTIC,9/29/2014,9/29/2014,9/29/2014,2,Short Form,Call Center Internal
Treadclimber,CAM45546 SUNDN180GRT2HTIC,10/5/2014,10/5/2014,9/29/2014,1,Short Form,Call Center Internal
Treadclimber,CAM45546 SUNDN180GRT2HTIC,10/4/2014,10/4/2014,9/29/2014,1,Short Form,Third Party Call Center - Evolve
Treadclimber,CAM45546 SUNDN180GRT2HTIC,10/5/2014,10/5/2014,9/29/2014,1,Short Form,Third Party Call Center - Evolve
Treadclimber,CAM45601 VEL*N180BFMAXTIC,,9/30/2014,9/29/2014,1,Short Form,Call Center Internal
Treadclimber,CAM45602 SUNDN180BFMAXTIC,,9/30/2014,9/29/2014,1,Short Form,Call Center Internal
Treadclimber,CAM45638 UPTVN120WALKATIC,9/29/2014,9/29/2014,9/29/2014,2,Short Form,Call Center Internal
Treadclimber,CAM45638 UPTVN120WALKATIC,9/30/2014,9/30/2014,9/29/2014,2,Short Form,Call Center Internal
Treadclimber,CAM45638 UPTVN120WALKATIC,10/4/2014,10/4/2014,9/29/2014,2,Short Form,Call Center Internal
Treadclimber,CAM45638 UPTVN120WALKATIC,10/5/2014,10/5/2014,9/29/2014,5,Short Form,Call Center Internal
Treadclimber,CAM45639 HALMN120WALKATIC,9/29/2014,9/29/2014,9/29/2014,4,Short Form,Call Center Internal
Treadclimber,CAM45639 HALMN120WALKATIC,9/30/2014,9/30/2014,9/29/2014,5,Short Form,Call Center Internal
Treadclimber,CAM45639 HALMN120WALKATIC,10/1/2014,10/1/2014,9/29/2014,2,Short Form,Call Center Internal
Treadclimber,CAM45639 HALMN120WALKATIC,10/2/2014,10/2/2014,9/29/2014,2,Short Form,Call Center Internal
Treadclimber,CAM45639 HALMN120WALKATIC,10/10/2014,10/2/2014,9/29/2014,1,Short Form,Call Center Internal
Treadclimber,CAM45639 HALMN120WALKATIC,10/4/2014,10/4/2014,9/29/2014,8,Short Form,Call Center Internal
Treadclimber,CAM45639 HALMN120WALKATIC,10/5/2014,10/5/2014,9/29/2014,9,Short Form,Call Center Internal
Treadclimber,CAM45639 HALMN120WALKATIC,9/29/2014,9/29/2014,9/29/2014,1,Short Form,Third Party Call Center - Evolve
Treadclimber,CAM45639 HALMN120WALKATIC,10/24/2014,9/29/2014,9/29/2014,1,Short Form,Third Party Call Center - Evolve
Treadclimber,CAM45639 HALMN120WALKATIC,10/1/2014,10/1/2014,9/29/2014,1,Short Form,Third Party Call Center - Evolve
Treadclimber,CAM45639 HALMN120WALKATIC,10/4/2014,10/4/2014,9/29/2014,7,Short Form,Third Party Call Center - Evolve
Treadclimber,CAM45639 HALMN120WALKATIC,10/5/2014,10/5/2014,9/29/2014,3,Short Form,Third Party Call Center - Evolve
Treadclimber,CAM45640 ION*N120WALKATIC,9/29/2014,9/29/2014,9/29/2014,10,Short Form,Call Center Internal
Treadclimber,CAM45640 ION*N120WALKATIC,9/30/2014,9/30/2014,9/29/2014,41,Short Form,Call Center Internal
Treadclimber,CAM45640 ION*N120WALKATIC,,9/30/2014,9/29/2014,2,Short Form,Call Center Internal
Treadclimber,CAM45640 ION*N120WALKATIC,10/1/2014,10/1/2014,9/29/2014,1,Short Form,Call Center Internal
Treadclimber,CAM45640 ION*N120WALKATIC,10/2/2014,10/2/2014,9/29/2014,1,Short Form,Call Center Internal
Treadclimber,CAM45640 ION*N120WALKATIC,10/3/2014,10/3/2014,9/29/2014,9,Short Form,Call Center Internal
Treadclimber,CAM45640 ION*N120WALKATIC,10/5/2014,10/5/2014,9/29/2014,12,Short Form,Call Center Internal
Treadclimber,CAM45640 ION*N120WALKATIC,9/30/2014,9/30/2014,9/29/2014,3,Short Form,Third Party Call Center - Evolve
Treadclimber,CAM45640 ION*N120WALKATIC,10/1/2014,10/1/2014,9/29/2014,1,Short Form,Third Party Call Center - Evolve
Treadclimber,CAM45640 ION*N120WALKATIC,,10/1/2014,9/29/2014,1,Short Form,Third Party Call Center - Evolve
Treadclimber,CAM45640 ION*N120WALKATIC,,10/3/2014,9/29/2014,1,Short Form,Third Party Call Center - Evolve
Treadclimber,CAM45640 ION*N120WALKATIC,10/5/2014,10/5/2014,9/29/2014,6,Short Form,Third Party Call Center - Evolve
Treadclimber,CAM45640 ION*N120WALKATIC,11/6/2014,10/5/2014,9/29/2014,1,Short Form,Third Party Call Center - Evolve
Treadclimber,CAM45641 INSPN120WALKATIC,9/29/2014,9/29/2014,9/29/2014,12,Short Form,Call Center Internal
Treadclimber,CAM45641 INSPN120WALKATIC,9/30/2014,9/30/2014,9/29/2014,20,Short Form,Call Center Internal
Treadclimber,CAM45641 INSPN120WALKATIC,10/1/2014,10/1/2014,9/29/2014,10,Short Form,Call Center Internal
Treadclimber,CAM45641 INSPN120WALKATIC,,10/1/2014,9/29/2014,1,Short Form,Call Center Internal
Treadclimber,CAM45641 INSPN120WALKATIC,10/2/2014,10/2/2014,9/29/2014,1,Short Form,Call Center Internal
Treadclimber,CAM45641 INSPN120WALKATIC,10/3/2014,10/3/2014,9/29/2014,1,Short Form,Call Center Internal
Treadclimber,CAM45641 INSPN120WALKATIC,10/4/2014,10/4/2014,9/29/2014,7,Short Form,Call Center Internal
Treadclimber,CAM45641 INSPN120WALKATIC,10/5/2014,10/5/2014,9/29/2014,2,Short Form,Call Center Internal
Treadclimber,CAM45643 FOXNN120WALKATIC,10/1/2014,10/1/2014,9/29/2014,2,Short Form,Call Center Internal
Treadclimber,CAM45643 FOXNN120WALKATIC,10/3/2014,10/3/2014,9/29/2014,1,Short Form,Call Center Internal
Treadclimber,CAM45643 FOXNN120WALKATIC,9/29/2014,9/29/2014,9/29/2014,2,Short Form,Third Party Call Center - Evolve
Treadclimber,CAM45643 FOXNN120WALKATIC,10/2/2014,10/2/2014,9/29/2014,2,Short Form,Third Party Call Center - Evolve
Treadclimber,CAM45643 FOXNN120WALKATIC,10/10/2014,10/2/2014,9/29/2014,1,Short Form,Third Party Call Center - Evolve
Treadclimber,CAM45643 FOXNN120WALKATIC,10/3/2014,10/3/2014,9/29/2014,3,Short Form,Third Party Call Center - Evolve
Treadclimber,CAM45644 FYI*N120WALKATIC,9/29/2014,9/29/2014,9/29/2014,2,Short Form,Call Center Internal
Treadclimber,CAM45644 FYI*N120WALKATIC,9/30/2014,9/30/2014,9/29/2014,1,Short Form,Call Center Internal
Treadclimber,CAM45644 FYI*N120WALKATIC,10/1/2014,10/1/2014,9/29/2014,1,Short Form,Call Center Internal
Treadclimber,CAM45644 FYI*N120WALKATIC,10/4/2014,10/4/2014,9/29/2014,3,Short Form,Call Center Internal
Treadclimber,CAM45650 CSI*N120WALKATIC,9/29/2014,9/29/2014,9/29/2014,2,Short Form,Call Center Internal
Treadclimber,CAM45650 CSI*N120WALKATIC,9/30/2014,9/30/2014,9/29/2014,1,Short Form,Call Center Internal
Treadclimber,CAM45650 CSI*N120WALKATIC,10/1/2014,10/1/2014,9/29/2014,1,Short Form,Call Center Internal
Treadclimber,CAM45650 CSI*N120WALKATIC,10/2/2014,10/2/2014,9/29/2014,1,Short Form,Call Center Internal
Treadclimber,CAM45650 CSI*N120WALKATIC,10/3/2014,10/3/2014,9/29/2014,2,Short Form,Call Center Internal
Treadclimber,CAM45650 CSI*N120WALKATIC,10/4/2014,10/4/2014,9/29/2014,2,Short Form,Call Center Internal
Treadclimber,CAM45650 CSI*N120WALKATIC,10/5/2014,10/5/2014,9/29/2014,2,Short Form,Call Center Internal
Treadclimber,CAM45650 CSI*N120WALKATIC,10/1/2014,10/1/2014,9/29/2014,1,Short Form,Third Party Call Center - Evolve
Treadclimber,CAM45653 METVN120WALKATIC,9/29/2014,9/29/2014,9/29/2014,12,Short Form,Call Center Internal
Treadclimber,CAM45653 METVN120WALKATIC,11/11/2014,9/29/2014,9/29/2014,1,Short Form,Call Center Internal
Treadclimber,CAM45653 METVN120WALKATIC,9/30/2014,9/30/2014,9/29/2014,9,Short Form,Call Center Internal
Treadclimber,CAM45653 METVN120WALKATIC,10/1/2014,10/1/2014,9/29/2014,10,Short Form,Call Center Internal
Treadclimber,CAM45653 METVN120WALKATIC,10/2/2014,10/2/2014,9/29/2014,3,Short Form,Call Center Internal
Treadclimber,CAM45653 METVN120WALKATIC,,10/2/2014,9/29/2014,1,Short Form,Call Center Internal
Treadclimber,CAM45653 METVN120WALKATIC,10/3/2014,10/3/2014,9/29/2014,1,Short Form,Call Center Internal
Treadclimber,CAM45653 METVN120WALKATIC,10/4/2014,10/4/2014,9/29/2014,10,Short Form,Call Center Internal
Treadclimber,CAM45653 METVN120WALKATIC,10/5/2014,10/5/2014,9/29/2014,1,Short Form,Call Center Internal
Treadclimber,CAM45653 METVN120WALKATIC,10/4/2014,10/4/2014,9/29/2014,2,Short Form,Third Party Call Center - Evolve
Treadclimber,CAM45663 USA*L60*WALKATIC,9/30/2014,9/30/2014,9/29/2014,2,Short Form,Call Center Internal
Treadclimber,CAM45663 USA*L60*WALKATIC,10/1/2014,10/1/2014,9/29/2014,2,Short Form,Call Center Internal
Treadclimber,CAM45663 USA*L60*WALKATIC,10/2/2014,10/2/2014,9/29/2014,2,Short Form,Call Center Internal
Treadclimber,CAM45663 USA*L60*WALKATIC,10/4/2014,10/4/2014,9/29/2014,1,Short Form,Call Center Internal
Treadclimber,CAM45663 USA*L60*WALKATIC,,10/5/2014,9/29/2014,1,Short Form,Call Center Internal
Treadclimber,CAM45663 USA*L60*WALKATIC,10/4/2014,10/4/2014,9/29/2014,1,Short Form,Third Party Call Center - Evolve
Treadclimber,CAM45664 TNTLL60*WALKATIC,9/29/2014,9/29/2014,9/29/2014,2,Short Form,Call Center Internal
Treadclimber,CAM45664 TNTLL60*WALKATIC,10/3/2014,10/3/2014,9/29/2014,1,Short Form,Call Center Internal
Treadclimber,CAM45664 TNTLL60*WALKATIC,10/4/2014,10/4/2014,9/29/2014,3,Short Form,Call Center Internal
Treadclimber,CAM45664 TNTLL60*WALKATIC,10/5/2014,10/5/2014,9/29/2014,1,Short Form,Call Center Internal
Treadclimber,CAM45665 AMC*L60*WALKATIC,,9/29/2014,9/29/2014,1,Short Form,Call Center Internal
Treadclimber,CAM45666 SPKEL60*WALKATIC,9/29/2014,9/29/2014,9/29/2014,1,Short Form,Third Party Call Center - West
Treadclimber,CAM45667 LIFLL60*WALKATIC,9/29/2014,9/29/2014,9/29/2014,1,Short Form,Call Center Internal
Treadclimber,CAM45667 LIFLL60*WALKATIC,9/30/2014,9/30/2014,9/29/2014,3,Short Form,Call Center Internal
Treadclimber,CAM45667 LIFLL60*WALKATIC,10/1/2014,10/1/2014,9/29/2014,1,Short Form,Call Center Internal
Treadclimber,CAM45667 LIFLL60*WALKATIC,10/2/2014,10/2/2014,9/29/2014,1,Short Form,Call Center Internal
Treadclimber,CAM45667 LIFLL60*WALKATIC,10/4/2014,10/4/2014,9/29/2014,1,Short Form,Call Center Internal
Treadclimber,CAM45667 LIFLL60*WALKATIC,,10/4/2014,9/29/2014,1,Short Form,Call Center Internal
Treadclimber,CAM45668 ESPNL60*WALKATIC,10/1/2014,10/1/2014,9/29/2014,1,Short Form,Call Center Internal
Treadclimber,CAM45672 ION*L60*WALKATIC,9/30/2014,9/30/2014,9/29/2014,1,Short Form,Third Party Call Center - Evolve
Treadclimber,CAM45673 LMN*L60*WALKATIC,9/29/2014,9/29/2014,9/29/2014,1,Short Form,Call Center Internal
Treadclimber,CAM45673 LMN*L60*WALKATIC,,9/29/2014,9/29/2014,1,Short Form,Call Center Internal
Treadclimber,CAM45673 LMN*L60*WALKATIC,9/30/2014,9/30/2014,9/29/2014,1,Short Form,Call Center Internal
Treadclimber,CAM45673 LMN*L60*WALKATIC,10/2/2014,10/2/2014,9/29/2014,5,Short Form,Call Center Internal
Treadclimber,CAM45673 LMN*L60*WALKATIC,10/3/2014,10/3/2014,9/29/2014,6,Short Form,Call Center Internal
Treadclimber,CAM45673 LMN*L60*WALKATIC,10/4/2014,10/4/2014,9/29/2014,3,Short Form,Call Center Internal
Treadclimber,CAM45673 LMN*L60*WALKATIC,10/5/2014,10/5/2014,9/29/2014,5,Short Form,Call Center Internal
Treadclimber,CAM45673 LMN*L60*WALKATIC,10/5/2014,10/5/2014,9/29/2014,2,Short Form,Third Party Call Center - Evolve
Treadclimber,CAM45673 LMN*L60*WALKATIC,,10/5/2014,9/29/2014,1,Short Form,Third Party Call Center - Evolve
Treadclimber,CAM45674 DIY*L60*WALKATIC,9/30/2014,9/30/2014,9/29/2014,1,Short Form,Call Center Internal
Treadclimber,CAM45817 USA*N60*WALKATIC,10/1/2014,10/1/2014,9/29/2014,1,Short Form,Third Party Call Center - Evolve
Treadclimber,CAM45864 INSPN180WALKATIC,9/29/2014,9/29/2014,9/29/2014,2,Short Form,Call Center Internal
Treadclimber,CAM45864 INSPN180WALKATIC,9/30/2014,9/30/2014,9/29/2014,7,Short Form,Call Center Internal
Treadclimber,CAM45864 INSPN180WALKATIC,,10/1/2014,9/29/2014,1,Short Form,Call Center Internal
Treadclimber,CAM45864 INSPN180WALKATIC,10/2/2014,10/2/2014,9/29/2014,3,Short Form,Call Center Internal
Treadclimber,CAM45864 INSPN180WALKATIC,10/3/2014,10/3/2014,9/29/2014,1,Short Form,Call Center Internal
Treadclimber,CAM45864 INSPN180WALKATIC,10/14/2014,10/3/2014,9/29/2014,1,Short Form,Call Center Internal
Treadclimber,CAM45864 INSPN180WALKATIC,10/5/2014,10/5/2014,9/29/2014,4,Short Form,Call Center Internal
Treadclimber,CAM45864 INSPN180WALKATIC,10/23/2014,10/5/2014,9/29/2014,1,Short Form,Call Center Internal
Treadclimber,CAM45864 INSPN180WALKATIC,9/29/2014,9/29/2014,9/29/2014,1,Short Form,Third Party Call Center - Evolve
Treadclimber,CAM45864 INSPN180WALKATIC,9/30/2014,9/30/2014,9/29/2014,3,Short Form,Third Party Call Center - Evolve
Treadclimber,CAM45864 INSPN180WALKATIC,10/1/2014,10/1/2014,9/29/2014,1,Short Form,Third Party Call Center - Evolve
Treadclimber,CAM45864 INSPN180WALKATIC,10/2/2014,10/2/2014,9/29/2014,1,Short Form,Third Party Call Center - Evolve
Treadclimber,CAM45864 INSPN180WALKATIC,10/3/2014,10/3/2014,9/29/2014,1,Short Form,Third Party Call Center - Evolve
Treadclimber,CAM45864 INSPN180WALKATIC,10/5/2014,10/5/2014,9/29/2014,3,Short Form,Third Party Call Center - Evolve
Treadclimber,CAM45866 PUREN180WALKATIC,10/1/2014,10/1/2014,9/29/2014,1,Short Form,Call Center Internal
Treadclimber,CAM45867 HIS2N180WALKATIC,9/29/2014,9/29/2014,9/29/2014,5,Short Form,Call Center Internal
Treadclimber,CAM45867 HIS2N180WALKATIC,9/30/2014,9/30/2014,9/29/2014,4,Short Form,Call Center Internal
Treadclimber,CAM45867 HIS2N180WALKATIC,10/1/2014,10/1/2014,9/29/2014,4,Short Form,Call Center Internal
Treadclimber,CAM45951 WE**N120GRT2HTIC,9/29/2014,9/29/2014,9/29/2014,1,Short Form,Call Center Internal
Treadclimber,CAM45951 WE**N120GRT2HTIC,9/30/2014,9/30/2014,9/29/2014,2,Short Form,Call Center Internal
Treadclimber,CAM45951 WE**N120GRT2HTIC,10/2/2014,10/2/2014,9/29/2014,1,Short Form,Call Center Internal
Treadclimber,CAM45952 WE**N120WALKATIC,9/29/2014,9/29/2014,9/29/2014,7,Short Form,Call Center Internal
Treadclimber,CAM45952 WE**N120WALKATIC,10/1/2014,10/1/2014,9/29/2014,4,Short Form,Call Center Internal
Treadclimber,CAM45954 SUNDN180WALKATIC,10/1/2014,10/1/2014,9/29/2014,3,Short Form,Call Center Internal
Treadclimber,CAM45954 SUNDN180WALKATIC,10/3/2014,10/3/2014,9/29/2014,2,Short Form,Call Center Internal
Treadclimber,CAM45966 TBS*P60*GRT2HWST,9/29/2014,9/29/2014,9/29/2014,1,Short Form,Third Party Call Center - West
Treadclimber,CAM28157 SALESFOLLOWUP,,9/30/2014,9/29/2014,1,Un-Sourced,Call Center Internal
Treadclimber,CAM28157 SALESFOLLOWUP,,10/2/2014,9/29/2014,1,Un-Sourced,Call Center Internal
Treadclimber,CAM28157 SALESFOLLOWUP,,10/3/2014,9/29/2014,3,Un-Sourced,Call Center Internal
Treadclimber,CAM40825 1800TREADCLIMBER,9/29/2014,9/29/2014,9/29/2014,1,Un-Sourced,Call Center Internal
Treadclimber,CAM40825 1800TREADCLIMBER,9/30/2014,9/30/2014,9/29/2014,3,Un-Sourced,Call Center Internal
Treadclimber,CAM40825 1800TREADCLIMBER,,9/30/2014,9/29/2014,1,Un-Sourced,Call Center Internal
Treadclimber,CAM40825 1800TREADCLIMBER,10/1/2014,10/1/2014,9/29/2014,5,Un-Sourced,Call Center Internal
Treadclimber,CAM40825 1800TREADCLIMBER,10/2/2014,10/2/2014,9/29/2014,1,Un-Sourced,Call Center Internal
Treadclimber,CAM40825 1800TREADCLIMBER,,10/2/2014,9/29/2014,1,Un-Sourced,Call Center Internal
Treadclimber,CAM40825 1800TREADCLIMBER,10/5/2014,10/5/2014,9/29/2014,1,Un-Sourced,Call Center Internal
Treadclimber,CAM40825 1800TREADCLIMBER,,10/5/2014,9/29/2014,2,Un-Sourced,Call Center Internal
Treadclimber,CAM45327 1800MAXTRAINER,,9/29/2014,9/29/2014,3,Un-Sourced,Call Center Internal
Treadclimber,CAM45327 1800MAXTRAINER,,9/30/2014,9/29/2014,2,Un-Sourced,Call Center Internal
Treadclimber,CAM45327 1800MAXTRAINER,,10/1/2014,9/29/2014,2,Un-Sourced,Call Center Internal
Treadclimber,CAM45327 1800MAXTRAINER,,10/2/2014,9/29/2014,1,Un-Sourced,Call Center Internal
Treadclimber,CAM18438 Bowflex-Catalog,,10/6/2014,10/6/2014,1,Catalog,Call Center Internal
Treadclimber,CAM18438 Bowflex-Catalog,,10/8/2014,10/6/2014,1,Catalog,Call Center Internal
Treadclimber,CAM27607 BFXCATWEB,,10/9/2014,10/6/2014,1,Catalog,Call Center Internal
Treadclimber,CAM44843 dcbhomesum14,,10/7/2014,10/6/2014,2,Catalog,Web
Treadclimber,CAM44843 dcbhomesum14,,10/9/2014,10/6/2014,1,Catalog,Web
Treadclimber,CAM44843 dcbhomesum14,,10/10/2014,10/6/2014,1,Catalog,Web
Treadclimber,CAM44843 dcbhomesum14,,10/12/2014,10/6/2014,1,Catalog,Web
Treadclimber,CAM36797 dpetprint12a,10/6/2014,10/6/2014,10/6/2014,4,Electronic - Print,Web
Treadclimber,CAM36797 dpetprint12a,10/7/2014,10/7/2014,10/6/2014,2,Electronic - Print,Web
Treadclimber,CAM36797 dpetprint12a,10/8/2014,10/8/2014,10/6/2014,3,Electronic - Print,Web
Treadclimber,CAM36797 dpetprint12a,10/9/2014,10/9/2014,10/6/2014,5,Electronic - Print,Web
Treadclimber,CAM36797 dpetprint12a,10/10/2014,10/10/2014,10/6/2014,4,Electronic - Print,Web
Treadclimber,CAM36797 dpetprint12a,10/11/2014,10/11/2014,10/6/2014,1,Electronic - Print,Web
Treadclimber,CAM36797 dpetprint12a,10/12/2014,10/12/2014,10/6/2014,6,Electronic - Print,Web
Treadclimber,CAM36923 dpetprint12b,10/6/2014,10/6/2014,10/6/2014,2,Electronic - Print,Web
Treadclimber,CAM37269 dpetprint12d,10/6/2014,10/6/2014,10/6/2014,1,Electronic - Print,Web
Treadclimber,CAM37269 dpetprint12d,10/8/2014,10/8/2014,10/6/2014,2,Electronic - Print,Web
Treadclimber,CAM37269 dpetprint12d,10/9/2014,10/9/2014,10/6/2014,4,Electronic - Print,Web
Treadclimber,CAM37269 dpetprint12d,10/10/2014,10/10/2014,10/6/2014,3,Electronic - Print,Web
Treadclimber,CAM37269 dpetprint12d,10/11/2014,10/11/2014,10/6/2014,5,Electronic - Print,Web
Treadclimber,CAM37269 dpetprint12d,10/12/2014,10/12/2014,10/6/2014,6,Electronic - Print,Web
Treadclimber,CAM37269 dpetprint12d,,10/12/2014,10/6/2014,1,Electronic - Print,Web
Treadclimber,CAM37579 dpetprint12e,10/11/2014,10/11/2014,10/6/2014,1,Electronic - Print,Web
Treadclimber,CAM38406 SAWDPETPRINT12F,,10/6/2014,10/6/2014,1,Electronic - Print,Call Center Internal
Treadclimber,CAM38406 SAWDPETPRINT12F,,10/11/2014,10/6/2014,1,Electronic - Print,Call Center Internal
Treadclimber,CAM44523 dpetprint14a,10/9/2014,10/9/2014,10/6/2014,1,Electronic - Print,Web
Treadclimber,CAM44523 dpetprint14a,10/10/2014,10/10/2014,10/6/2014,1,Electronic - Print,Web
Treadclimber,CAM45025 qrtwebmd,10/8/2014,10/8/2014,10/6/2014,1,Electronic - Print,Web
Treadclimber,CAM45025 qrtwebmd,10/9/2014,10/9/2014,10/6/2014,1,Electronic - Print,Web
Treadclimber,CAM45026 qrtwghtwtch2,10/6/2014,10/6/2014,10/6/2014,1,Electronic - Print,Web
Treadclimber,CAM45855 QRTAARP,10/7/2014,10/7/2014,10/6/2014,1,Electronic - Print,Web
Treadclimber,CAM45855 QRTAARP,10/8/2014,10/8/2014,10/6/2014,1,Electronic - Print,Web
Treadclimber,CAM45855 QRTAARP,10/10/2014,10/10/2014,10/6/2014,7,Electronic - Print,Web
Treadclimber,CAM45855 QRTAARP,10/11/2014,10/11/2014,10/6/2014,7,Electronic - Print,Web
Treadclimber,CAM45855 QRTAARP,10/12/2014,10/12/2014,10/6/2014,2,Electronic - Print,Web
Treadclimber,CAM16426 DSETDIR,10/6/2014,10/6/2014,10/6/2014,5,Electronic - Short Form,Web
Treadclimber,CAM16426 DSETDIR,10/7/2014,10/7/2014,10/6/2014,25,Electronic - Short Form,Web
Treadclimber,CAM16426 DSETDIR,,10/7/2014,10/6/2014,2,Electronic - Short Form,Web
Treadclimber,CAM16426 DSETDIR,10/8/2014,10/8/2014,10/6/2014,11,Electronic - Short Form,Web
Treadclimber,CAM16426 DSETDIR,,10/8/2014,10/6/2014,1,Electronic - Short Form,Web
Treadclimber,CAM16426 DSETDIR,10/9/2014,10/9/2014,10/6/2014,9,Electronic - Short Form,Web
Treadclimber,CAM16426 DSETDIR,10/10/2014,10/10/2014,10/6/2014,19,Electronic - Short Form,Web
Treadclimber,CAM16426 DSETDIR,10/26/2014,10/10/2014,10/6/2014,1,Electronic - Short Form,Web
Treadclimber,CAM16426 DSETDIR,11/4/2014,10/10/2014,10/6/2014,1,Electronic - Short Form,Web
Treadclimber,CAM16426 DSETDIR,,10/10/2014,10/6/2014,1,Electronic - Short Form,Web
Treadclimber,CAM16426 DSETDIR,10/11/2014,10/11/2014,10/6/2014,14,Electronic - Short Form,Web
Treadclimber,CAM16426 DSETDIR,,10/11/2014,10/6/2014,1,Electronic - Short Form,Web
Treadclimber,CAM16426 DSETDIR,10/12/2014,10/12/2014,10/6/2014,43,Electronic - Short Form,Web
Treadclimber,CAM16444 default_adid,10/12/2014,10/12/2014,10/6/2014,1,Electronic - Short Form,Web
Treadclimber,CAM36075 dsetsf11a,10/6/2014,10/6/2014,10/6/2014,12,Electronic - Short Form,Web
Treadclimber,CAM36075 dsetsf11a,,10/6/2014,10/6/2014,1,Electronic - Short Form,Web
Treadclimber,CAM36075 dsetsf11a,10/7/2014,10/7/2014,10/6/2014,12,Electronic - Short Form,Web
Treadclimber,CAM36075 dsetsf11a,10/8/2014,10/8/2014,10/6/2014,9,Electronic - Short Form,Web
Treadclimber,CAM36075 dsetsf11a,10/9/2014,10/9/2014,10/6/2014,6,Electronic - Short Form,Web
Treadclimber,CAM36075 dsetsf11a,10/10/2014,10/10/2014,10/6/2014,13,Electronic - Short Form,Web
Treadclimber,CAM36075 dsetsf11a,,10/10/2014,10/6/2014,1,Electronic - Short Form,Web
Treadclimber,CAM36075 dsetsf11a,10/11/2014,10/11/2014,10/6/2014,34,Electronic - Short Form,Web
Treadclimber,CAM36075 dsetsf11a,10/29/2014,10/11/2014,10/6/2014,1,Electronic - Short Form,Web
Treadclimber,CAM36075 dsetsf11a,10/12/2014,10/12/2014,10/6/2014,14,Electronic - Short Form,Web
Treadclimber,CAM36077 dsetsf11c,10/7/2014,10/7/2014,10/6/2014,2,Electronic - Short Form,Web
Treadclimber,CAM36077 dsetsf11c,10/8/2014,10/8/2014,10/6/2014,1,Electronic - Short Form,Web
Treadclimber,CAM36077 dsetsf11c,10/11/2014,10/11/2014,10/6/2014,2,Electronic - Short Form,Web
Treadclimber,CAM36077 dsetsf11c,,10/11/2014,10/6/2014,1,Electronic - Short Form,Web
