Product Interest,Ad ID,Info Kit Date,Inquiry Date,Inquiry Week Monday,Leads,Market Channel,Origin
Treadclimber,CAM36732 icastsf12a,6/30/2015,6/30/2015,6/29/2015,3,Electronic - Short Form,Web
Treadclimber,CAM36732 icastsf12a,7/1/2015,7/1/2015,6/29/2015,6,Electronic - Short Form,Web
Treadclimber,CAM36732 icastsf12a,7/2/2015,7/2/2015,6/29/2015,3,Electronic - Short Form,Web
Treadclimber,CAM36732 icastsf12a,7/4/2015,7/4/2015,6/29/2015,3,Electronic - Short Form,Web
Treadclimber,CAM36732 icastsf12a,7/5/2015,7/5/2015,6/29/2015,1,Electronic - Short Form,Web
Treadclimber,CAM45694 ICASESF14B,,6/30/2015,6/29/2015,1,Electronic - Short Form,Call Center Internal
Treadclimber,CAM45694 ICASESF14B,,7/1/2015,6/29/2015,1,Electronic - Short Form,Web
Treadclimber,CAM47456 ICASTSF15B,6/30/2015,6/30/2015,6/29/2015,21,Electronic - Short Form,Web
Treadclimber,CAM47456 ICASTSF15B,7/1/2015,7/1/2015,6/29/2015,25,Electronic - Short Form,Web
Treadclimber,CAM47456 ICASTSF15B,7/2/2015,7/2/2015,6/29/2015,39,Electronic - Short Form,Web
Treadclimber,CAM47456 ICASTSF15B,7/13/2015,7/2/2015,6/29/2015,1,Electronic - Short Form,Web
Treadclimber,CAM47456 ICASTSF15B,,7/2/2015,6/29/2015,1,Electronic - Short Form,Web
Treadclimber,CAM47456 ICASTSF15B,7/3/2015,7/3/2015,6/29/2015,35,Electronic - Short Form,Web
Treadclimber,CAM47456 ICASTSF15B,7/4/2015,7/4/2015,6/29/2015,29,Electronic - Short Form,Web
Treadclimber,CAM47456 ICASTSF15B,7/5/2015,7/5/2015,6/29/2015,65,Electronic - Short Form,Web
Treadclimber,CAM47456 ICASTSF15B,7/8/2015,7/5/2015,6/29/2015,1,Electronic - Short Form,Web
Treadclimber,CAM47456 ICASTSF15B,,7/5/2015,6/29/2015,1,Electronic - Short Form,Web
Treadclimber,CAM132 1800BOWFLEX_CAT,7/4/2015,7/4/2015,6/29/2015,1,Electronic - UnSourced,Call Center Internal
Treadclimber,CAM133 1800BOWFLEX_TRC,,6/30/2015,6/29/2015,1,Electronic - UnSourced,Call Center Internal
Treadclimber,CAM28491 icat1sitecat,6/30/2015,6/30/2015,6/29/2015,1,Electronic - UnSourced,Web
Treadclimber,CAM28491 icat1sitecat,,7/2/2015,6/29/2015,1,Electronic - UnSourced,Web
Treadclimber,CAM28491 icat1sitecat,7/4/2015,7/4/2015,6/29/2015,2,Electronic - UnSourced,Web
Treadclimber,CAM28491 icat1sitecat,7/5/2015,7/5/2015,6/29/2015,1,Electronic - UnSourced,Web
Treadclimber,CAM40760 ICATHOME,6/30/2015,6/30/2015,6/29/2015,10,Electronic - UnSourced,Web
Treadclimber,CAM40760 ICATHOME,,6/30/2015,6/29/2015,2,Electronic - UnSourced,Web
Treadclimber,CAM40760 ICATHOME,7/1/2015,7/1/2015,6/29/2015,10,Electronic - UnSourced,Web
Treadclimber,CAM40760 ICATHOME,,7/1/2015,6/29/2015,1,Electronic - UnSourced,Web
Treadclimber,CAM40760 ICATHOME,7/2/2015,7/2/2015,6/29/2015,8,Electronic - UnSourced,Web
Treadclimber,CAM40760 ICATHOME,7/3/2015,7/3/2015,6/29/2015,9,Electronic - UnSourced,Web
Treadclimber,CAM40760 ICATHOME,9/26/2015,7/3/2015,6/29/2015,1,Electronic - UnSourced,Web
Treadclimber,CAM40760 ICATHOME,,7/3/2015,6/29/2015,1,Electronic - UnSourced,Web
Treadclimber,CAM40760 ICATHOME,7/4/2015,7/4/2015,6/29/2015,11,Electronic - UnSourced,Web
Treadclimber,CAM40760 ICATHOME,7/5/2015,7/5/2015,6/29/2015,35,Electronic - UnSourced,Web
Treadclimber,CAM40760 ICATHOME,,7/5/2015,6/29/2015,2,Electronic - UnSourced,Web
Treadclimber,CAM44626 1800BOWFLEX_BMT,,7/3/2015,6/29/2015,1,Electronic - UnSourced,Call Center Internal
Treadclimber,CAM45632 ICAEE1SITECMT,,7/1/2015,6/29/2015,1,Electronic - UnSourced,Web
Treadclimber,CAM45632 ICAEE1SITECMT,,7/3/2015,6/29/2015,1,Electronic - UnSourced,Web
Treadclimber,CAM41253 icaodaktdl3,7/1/2015,7/1/2015,6/29/2015,1,Online Display,Web
Treadclimber,CAM41253 icaodaktdl3,7/2/2015,7/2/2015,6/29/2015,2,Online Display,Web
Treadclimber,CAM41253 icaodaktdl3,7/3/2015,7/3/2015,6/29/2015,1,Online Display,Web
Treadclimber,CAM41253 icaodaktdl3,7/5/2015,7/5/2015,6/29/2015,2,Online Display,Web
Treadclimber,CAM45917 SAWICAODAKE,,7/3/2015,6/29/2015,1,Online Display,Call Center Internal
Treadclimber,CAM30841 icaosgctsl2,6/30/2015,6/30/2015,6/29/2015,3,Online Search,Web
Treadclimber,CAM30841 icaosgctsl2,,6/30/2015,6/29/2015,1,Online Search,Web
Treadclimber,CAM30841 icaosgctsl2,7/1/2015,7/1/2015,6/29/2015,1,Online Search,Web
Treadclimber,CAM30841 icaosgctsl2,,7/1/2015,6/29/2015,3,Online Search,Web
Treadclimber,CAM30841 icaosgctsl2,7/2/2015,7/2/2015,6/29/2015,8,Online Search,Web
Treadclimber,CAM30841 icaosgctsl2,,7/2/2015,6/29/2015,2,Online Search,Web
Treadclimber,CAM30841 icaosgctsl2,7/3/2015,7/3/2015,6/29/2015,2,Online Search,Web
Treadclimber,CAM30841 icaosgctsl2,,7/3/2015,6/29/2015,1,Online Search,Web
Treadclimber,CAM30841 icaosgctsl2,7/5/2015,7/5/2015,6/29/2015,1,Online Search,Web
Treadclimber,CAM30841 icaosgctsl2,7/15/2015,7/5/2015,6/29/2015,1,Online Search,Web
Treadclimber,CAM30841 icaosgctsl2,,7/5/2015,6/29/2015,2,Online Search,Web
Treadclimber,CAM30842 icaosgctsl3,6/30/2015,6/30/2015,6/29/2015,1,Online Search,Web
Treadclimber,CAM30842 icaosgctsl3,7/1/2015,7/1/2015,6/29/2015,1,Online Search,Web
Treadclimber,CAM30842 icaosgctsl3,7/2/2015,7/2/2015,6/29/2015,1,Online Search,Web
Treadclimber,CAM30842 icaosgctsl3,7/5/2015,7/5/2015,6/29/2015,2,Online Search,Web
Treadclimber,CAM30896 SAWICAOSGCT,7/3/2015,7/3/2015,6/29/2015,1,Online Search,Call Center Internal
Treadclimber,CAM36695 icaosgctgl1cat,,6/30/2015,6/29/2015,1,Online Search,Web
Treadclimber,CAM36695 icaosgctgl1cat,,7/5/2015,6/29/2015,1,Online Search,Web
Treadclimber,CAM37660 icaosbctsl5,7/4/2015,7/4/2015,6/29/2015,1,Online Search,Web
Treadclimber,CAM37661 icaosgctsl5,6/30/2015,6/30/2015,6/29/2015,1,Online Search,Web
Treadclimber,CAM37661 icaosgctsl5,7/2/2015,7/2/2015,6/29/2015,1,Online Search,Web
Treadclimber,CAM37661 icaosgctsl5,7/3/2015,7/3/2015,6/29/2015,1,Online Search,Web
Treadclimber,CAM37661 icaosgctsl5,7/4/2015,7/4/2015,6/29/2015,1,Online Search,Web
Treadclimber,CAM37661 icaosgctsl5,7/5/2015,7/5/2015,6/29/2015,3,Online Search,Web
Treadclimber,CAM37864 icaosgctsl6,7/2/2015,7/2/2015,6/29/2015,1,Online Search,Web
Treadclimber,CAM37864 icaosgctsl6,,7/2/2015,6/29/2015,1,Online Search,Web
Treadclimber,CAM37865 icaosgctsl7,,6/30/2015,6/29/2015,1,Online Search,Web
Treadclimber,CAM37865 icaosgctsl7,7/1/2015,7/1/2015,6/29/2015,1,Online Search,Web
Treadclimber,CAM37865 icaosgctsl7,7/2/2015,7/2/2015,6/29/2015,1,Online Search,Web
Treadclimber,CAM37865 icaosgctsl7,7/3/2015,7/3/2015,6/29/2015,1,Online Search,Web
Treadclimber,CAM37865 icaosgctsl7,7/5/2015,7/5/2015,6/29/2015,1,Online Search,Web
Treadclimber,CAM39467 icaosbctsl1,6/30/2015,6/30/2015,6/29/2015,2,Online Search,Web
Treadclimber,CAM39467 icaosbctsl1,7/1/2015,7/1/2015,6/29/2015,1,Online Search,Web
Treadclimber,CAM39467 icaosbctsl1,7/2/2015,7/2/2015,6/29/2015,1,Online Search,Web
Treadclimber,CAM39467 icaosbctsl1,,7/3/2015,6/29/2015,1,Online Search,Web
Treadclimber,CAM39467 icaosbctsl1,7/4/2015,7/4/2015,6/29/2015,1,Online Search,Web
Treadclimber,CAM39467 icaosbctsl1,,7/4/2015,6/29/2015,1,Online Search,Web
Treadclimber,CAM40996 icaosbctgl1cat,7/3/2015,7/3/2015,6/29/2015,2,Online Search,Web
Treadclimber,CAM41072 icaosbctsl10,7/1/2015,7/1/2015,6/29/2015,1,Online Search,Web
Treadclimber,CAM41072 icaosbctsl10,7/2/2015,7/2/2015,6/29/2015,1,Online Search,Web
Treadclimber,CAM44489 icaosgctml2,7/1/2015,7/1/2015,6/29/2015,2,Online Search,Web
Treadclimber,CAM44489 icaosgctml2,,7/1/2015,6/29/2015,1,Online Search,Web
Treadclimber,CAM44489 icaosgctml2,7/2/2015,7/2/2015,6/29/2015,3,Online Search,Web
Treadclimber,CAM44489 icaosgctml2,7/3/2015,7/3/2015,6/29/2015,5,Online Search,Web
Treadclimber,CAM44489 icaosgctml2,,7/3/2015,6/29/2015,1,Online Search,Web
Treadclimber,CAM44489 icaosgctml2,7/4/2015,7/4/2015,6/29/2015,1,Online Search,Web
Treadclimber,CAM44489 icaosgctml2,7/5/2015,7/5/2015,6/29/2015,6,Online Search,Web
Treadclimber,CAM44966 icaosbctml1,7/3/2015,7/3/2015,6/29/2015,2,Online Search,Web
Treadclimber,CAM44966 icaosbctml1,7/4/2015,7/4/2015,6/29/2015,1,Online Search,Web
Treadclimber,CAM44966 icaosbctml1,7/5/2015,7/5/2015,6/29/2015,2,Online Search,Web
Treadclimber,CAM45624 ICAOSGCESL2,,7/1/2015,6/29/2015,1,Online Search,Web
Treadclimber,CAM45624 ICAOSGCESL2,,7/3/2015,6/29/2015,2,Online Search,Web
Treadclimber,CAM45624 ICAOSGCESL2,,7/4/2015,6/29/2015,1,Online Search,Web
Treadclimber,CAM45633 ICAOSGCEGL1CMT,,6/30/2015,6/29/2015,1,Online Search,Web
Treadclimber,CAM45633 ICAOSGCEGL1CMT,,7/3/2015,6/29/2015,1,Online Search,Web
Treadclimber,CAM45633 ICAOSGCEGL1CMT,,7/5/2015,6/29/2015,1,Online Search,Web
Treadclimber,CAM45690 SAWICAOSGCE,,7/1/2015,6/29/2015,1,Online Search,Call Center Internal
Treadclimber,CAM47275 ICAOSGCTSL12,7/1/2015,7/1/2015,6/29/2015,1,Online Search,Web
Treadclimber,CAM45437 ICAOFG2TFEED1,7/2/2015,7/2/2015,6/29/2015,1,Online Shopping,Web
Treadclimber,CAM35680 INTELEMEDIACA,7/2/2015,7/2/2015,6/29/2015,1,Short Form,Call Center Internal
Treadclimber,CAM35680 INTELEMEDIACA,7/3/2015,7/3/2015,6/29/2015,2,Short Form,Call Center Internal
Treadclimber,CAM35680 INTELEMEDIACA,7/4/2015,7/4/2015,6/29/2015,1,Short Form,Call Center Internal
Treadclimber,CAM47459 SPRKC120LADY*KST,7/5/2015,7/5/2015,6/29/2015,1,Short Form,Call Center Internal
Treadclimber,CAM47460 APTNC120LADY*KST,7/1/2015,7/1/2015,6/29/2015,1,Short Form,Call Center Internal
Treadclimber,CAM47461 CHCHC120LADY*KST,7/2/2015,7/2/2015,6/29/2015,1,Short Form,Call Center Internal
Treadclimber,CAM47461 CHCHC120LADY*KST,,7/4/2015,6/29/2015,1,Short Form,Call Center Internal
Treadclimber,CAM47461 CHCHC120LADY*KST,7/5/2015,7/5/2015,6/29/2015,1,Short Form,Call Center Internal
Treadclimber,CAM47466 GAMCC120LADY*KST,7/3/2015,7/3/2015,6/29/2015,2,Short Form,Call Center Internal
Treadclimber,CAM47466 GAMCC120LADY*KST,7/5/2015,7/5/2015,6/29/2015,1,Short Form,Call Center Internal
Treadclimber,CAM47468 NGEOC120LADY*KST,7/2/2015,7/2/2015,6/29/2015,1,Short Form,Call Center Internal
Treadclimber,CAM47469 NGW*C120LADY*KST,7/3/2015,7/3/2015,6/29/2015,1,Short Form,Call Center Internal
Treadclimber,CAM47474 TSN*C120LADY*KST,6/30/2015,6/30/2015,6/29/2015,2,Short Form,Call Center Internal
Treadclimber,CAM47476 VISNC120LADY*KST,6/30/2015,6/30/2015,6/29/2015,1,Short Form,Call Center Internal
Treadclimber,CAM47476 VISNC120LADY*KST,7/2/2015,7/2/2015,6/29/2015,2,Short Form,Call Center Internal
Treadclimber,CAM47579 FYI*C120LADY*KST,7/2/2015,7/2/2015,6/29/2015,2,Short Form,Call Center Internal
Treadclimber,CAM47582 LIFEC120LADY*KST,7/5/2015,7/5/2015,6/29/2015,1,Short Form,Call Center Internal
Treadclimber,CAM47706 ANMLC120LADY*KST,7/3/2015,7/3/2015,6/29/2015,1,Short Form,Call Center Internal
Treadclimber,CAM47707 WMOVC120LADY*KST,7/4/2015,7/4/2015,6/29/2015,2,Short Form,Call Center Internal
Treadclimber,CAM47777 CANCC60*ALOHAKST,6/30/2015,6/30/2015,6/29/2015,1,Short Form,Call Center Internal
Treadclimber,CAM28157 SALESFOLLOWUP,,7/2/2015,6/29/2015,1,Un-Sourced,Call Center Internal
Treadclimber,CAM40825 1800TREADCLIMBER,7/21/2015,7/1/2015,6/29/2015,1,Un-Sourced,Call Center Internal
Treadclimber,CAM40825 1800TREADCLIMBER,,7/1/2015,6/29/2015,1,Un-Sourced,Call Center Internal
Treadclimber,CAM40825 1800TREADCLIMBER,,7/3/2015,6/29/2015,1,Un-Sourced,Call Center Internal
Treadclimber,CAM40825 1800TREADCLIMBER,7/5/2015,7/5/2015,6/29/2015,1,Un-Sourced,Call Center Internal
Treadclimber,CAM40825 1800TREADCLIMBER,,7/5/2015,6/29/2015,1,Un-Sourced,Call Center Internal
Treadclimber,CAM40825 1800TREADCLIMBER,,7/2/2015,6/29/2015,1,Un-Sourced,Warranty
Treadclimber,CAM45327 1800MAXTRAINER,,7/3/2015,6/29/2015,1,Un-Sourced,Call Center Internal
Treadclimber,CAM27557 Bowflex Catalog,,7/9/2015,7/6/2015,1,Catalog,Call Center Internal
Treadclimber,CAM27557 Bowflex Catalog,,7/10/2015,7/6/2015,1,Catalog,Call Center Internal
Treadclimber,CAM30971 icastsf09buytc,7/9/2015,7/9/2015,7/6/2015,1,Electronic - Short Form,Web
Treadclimber,CAM36732 icastsf12a,7/7/2015,7/7/2015,7/6/2015,2,Electronic - Short Form,Web
Treadclimber,CAM36732 icastsf12a,7/9/2015,7/9/2015,7/6/2015,1,Electronic - Short Form,Web
Treadclimber,CAM36732 icastsf12a,8/16/2015,7/11/2015,7/6/2015,1,Electronic - Short Form,Web
Treadclimber,CAM37204 icastsf12b,7/8/2015,7/8/2015,7/6/2015,1,Electronic - Short Form,Web
Treadclimber,CAM37204 icastsf12b,7/9/2015,7/9/2015,7/6/2015,2,Electronic - Short Form,Web
Treadclimber,CAM45694 ICASESF14B,,7/9/2015,7/6/2015,1,Electronic - Short Form,Call Center Internal
Treadclimber,CAM45694 ICASESF14B,,7/7/2015,7/6/2015,1,Electronic - Short Form,Web
Treadclimber,CAM47456 ICASTSF15B,7/6/2015,7/6/2015,7/6/2015,13,Electronic - Short Form,Web
Treadclimber,CAM47456 ICASTSF15B,7/7/2015,7/7/2015,7/6/2015,24,Electronic - Short Form,Web
Treadclimber,CAM47456 ICASTSF15B,7/8/2015,7/8/2015,7/6/2015,45,Electronic - Short Form,Web
Treadclimber,CAM47456 ICASTSF15B,7/9/2015,7/8/2015,7/6/2015,1,Electronic - Short Form,Web
Treadclimber,CAM47456 ICASTSF15B,,7/8/2015,7/6/2015,1,Electronic - Short Form,Web
Treadclimber,CAM47456 ICASTSF15B,7/9/2015,7/9/2015,7/6/2015,35,Electronic - Short Form,Web
Treadclimber,CAM47456 ICASTSF15B,7/10/2015,7/10/2015,7/6/2015,35,Electronic - Short Form,Web
Treadclimber,CAM47456 ICASTSF15B,7/20/2015,7/10/2015,7/6/2015,2,Electronic - Short Form,Web
Treadclimber,CAM47456 ICASTSF15B,7/11/2015,7/11/2015,7/6/2015,28,Electronic - Short Form,Web
Treadclimber,CAM47456 ICASTSF15B,7/12/2015,7/12/2015,7/6/2015,2,Electronic - Short Form,Web
Treadclimber,CAM132 1800BOWFLEX_CAT,,7/12/2015,7/6/2015,1,Electronic - UnSourced,Call Center Internal
Treadclimber,CAM133 1800BOWFLEX_TRC,7/7/2015,7/7/2015,7/6/2015,2,Electronic - UnSourced,Call Center Internal
Treadclimber,CAM133 1800BOWFLEX_TRC,,7/7/2015,7/6/2015,1,Electronic - UnSourced,Call Center Internal
Treadclimber,CAM23879 degt1sitetc,7/6/2015,7/6/2015,7/6/2015,1,Electronic - UnSourced,Web
Treadclimber,CAM28491 icat1sitecat,7/6/2015,7/6/2015,7/6/2015,2,Electronic - UnSourced,Web
Treadclimber,CAM28491 icat1sitecat,7/7/2015,7/7/2015,7/6/2015,3,Electronic - UnSourced,Web
Treadclimber,CAM28491 icat1sitecat,7/8/2015,7/8/2015,7/6/2015,1,Electronic - UnSourced,Web
Treadclimber,CAM40760 ICATHOME,7/6/2015,7/6/2015,7/6/2015,10,Electronic - UnSourced,Web
Treadclimber,CAM40760 ICATHOME,7/17/2015,7/6/2015,7/6/2015,1,Electronic - UnSourced,Web
Treadclimber,CAM40760 ICATHOME,,7/6/2015,7/6/2015,1,Electronic - UnSourced,Web
Treadclimber,CAM40760 ICATHOME,7/7/2015,7/7/2015,7/6/2015,10,Electronic - UnSourced,Web
Treadclimber,CAM40760 ICATHOME,,7/7/2015,7/6/2015,2,Electronic - UnSourced,Web
Treadclimber,CAM40760 ICATHOME,7/8/2015,7/8/2015,7/6/2015,9,Electronic - UnSourced,Web
Treadclimber,CAM40760 ICATHOME,,7/8/2015,7/6/2015,3,Electronic - UnSourced,Web
Treadclimber,CAM40760 ICATHOME,7/9/2015,7/9/2015,7/6/2015,7,Electronic - UnSourced,Web
Treadclimber,CAM40760 ICATHOME,,7/9/2015,7/6/2015,1,Electronic - UnSourced,Web
Treadclimber,CAM40760 ICATHOME,7/10/2015,7/10/2015,7/6/2015,9,Electronic - UnSourced,Web
Treadclimber,CAM40760 ICATHOME,,7/10/2015,7/6/2015,1,Electronic - UnSourced,Web
Treadclimber,CAM40760 ICATHOME,7/11/2015,7/11/2015,7/6/2015,8,Electronic - UnSourced,Web
Treadclimber,CAM40760 ICATHOME,7/12/2015,7/12/2015,7/6/2015,1,Electronic - UnSourced,Web
Treadclimber,CAM40760 ICATHOME,,7/12/2015,7/6/2015,2,Electronic - UnSourced,Web
Treadclimber,CAM44236 SAWMAX,,7/10/2015,7/6/2015,1,Electronic - UnSourced,Call Center Internal
Treadclimber,CAM44626 1800BOWFLEX_BMT,,7/6/2015,7/6/2015,2,Electronic - UnSourced,Call Center Internal
Treadclimber,CAM45632 ICAEE1SITECMT,,7/9/2015,7/6/2015,1,Electronic - UnSourced,Web
Treadclimber,CAM45632 ICAEE1SITECMT,,7/11/2015,7/6/2015,1,Electronic - UnSourced,Web
Treadclimber,CAM45699 SAWICAEEMAX,,7/6/2015,7/6/2015,1,Electronic - UnSourced,Call Center Internal
Treadclimber,CAM41253 icaodaktdl3,7/7/2015,7/7/2015,7/6/2015,2,Online Display,Web
Treadclimber,CAM41253 icaodaktdl3,7/8/2015,7/8/2015,7/6/2015,2,Online Display,Web
Treadclimber,CAM41253 icaodaktdl3,7/9/2015,7/9/2015,7/6/2015,3,Online Display,Web
Treadclimber,CAM41253 icaodaktdl3,7/10/2015,7/10/2015,7/6/2015,2,Online Display,Web
Treadclimber,CAM46541 ICAODAKTDL7,7/8/2015,7/8/2015,7/6/2015,1,Online Display,Web
Treadclimber,CAM30841 icaosgctsl2,7/6/2015,7/6/2015,7/6/2015,3,Online Search,Web
Treadclimber,CAM30841 icaosgctsl2,,7/6/2015,7/6/2015,1,Online Search,Web
Treadclimber,CAM30841 icaosgctsl2,7/7/2015,7/7/2015,7/6/2015,4,Online Search,Web
Treadclimber,CAM30841 icaosgctsl2,,7/7/2015,7/6/2015,3,Online Search,Web
Treadclimber,CAM30841 icaosgctsl2,7/8/2015,7/8/2015,7/6/2015,4,Online Search,Web
Treadclimber,CAM30841 icaosgctsl2,,7/8/2015,7/6/2015,1,Online Search,Web
Treadclimber,CAM30841 icaosgctsl2,7/9/2015,7/9/2015,7/6/2015,7,Online Search,Web
Treadclimber,CAM30841 icaosgctsl2,,7/9/2015,7/6/2015,5,Online Search,Web
Treadclimber,CAM30841 icaosgctsl2,7/10/2015,7/10/2015,7/6/2015,4,Online Search,Web
Treadclimber,CAM30841 icaosgctsl2,,7/10/2015,7/6/2015,3,Online Search,Web
Treadclimber,CAM30841 icaosgctsl2,7/11/2015,7/11/2015,7/6/2015,2,Online Search,Web
Treadclimber,CAM30841 icaosgctsl2,,7/12/2015,7/6/2015,2,Online Search,Web
Treadclimber,CAM30842 icaosgctsl3,7/6/2015,7/6/2015,7/6/2015,1,Online Search,Web
Treadclimber,CAM30842 icaosgctsl3,7/7/2015,7/7/2015,7/6/2015,1,Online Search,Web
Treadclimber,CAM30842 icaosgctsl3,7/8/2015,7/8/2015,7/6/2015,1,Online Search,Web
Treadclimber,CAM30842 icaosgctsl3,7/27/2015,7/8/2015,7/6/2015,1,Online Search,Web
Treadclimber,CAM30842 icaosgctsl3,7/10/2015,7/10/2015,7/6/2015,1,Online Search,Web
Treadclimber,CAM30896 SAWICAOSGCT,,7/6/2015,7/6/2015,1,Online Search,Call Center Internal
Treadclimber,CAM30896 SAWICAOSGCT,,7/7/2015,7/6/2015,2,Online Search,Call Center Internal
Treadclimber,CAM30896 SAWICAOSGCT,,7/8/2015,7/6/2015,1,Online Search,Call Center Internal
Treadclimber,CAM30896 SAWICAOSGCT,,7/9/2015,7/6/2015,1,Online Search,Call Center Internal
Treadclimber,CAM36695 icaosgctgl1cat,,7/7/2015,7/6/2015,1,Online Search,Web
Treadclimber,CAM36695 icaosgctgl1cat,7/11/2015,7/11/2015,7/6/2015,1,Online Search,Web
Treadclimber,CAM37660 icaosbctsl5,7/7/2015,7/7/2015,7/6/2015,1,Online Search,Web
Treadclimber,CAM37660 icaosbctsl5,7/8/2015,7/8/2015,7/6/2015,1,Online Search,Web
Treadclimber,CAM37661 icaosgctsl5,7/6/2015,7/6/2015,7/6/2015,3,Online Search,Web
Treadclimber,CAM37661 icaosgctsl5,7/8/2015,7/8/2015,7/6/2015,2,Online Search,Web
Treadclimber,CAM37661 icaosgctsl5,,7/8/2015,7/6/2015,1,Online Search,Web
Treadclimber,CAM37661 icaosgctsl5,,7/10/2015,7/6/2015,1,Online Search,Web
Treadclimber,CAM37864 icaosgctsl6,,7/9/2015,7/6/2015,1,Online Search,Web
Treadclimber,CAM37865 icaosgctsl7,7/8/2015,7/8/2015,7/6/2015,1,Online Search,Web
Treadclimber,CAM39467 icaosbctsl1,7/6/2015,7/6/2015,7/6/2015,1,Online Search,Web
Treadclimber,CAM39467 icaosbctsl1,,7/6/2015,7/6/2015,1,Online Search,Web
Treadclimber,CAM39467 icaosbctsl1,,7/8/2015,7/6/2015,1,Online Search,Web
Treadclimber,CAM39467 icaosbctsl1,7/10/2015,7/10/2015,7/6/2015,1,Online Search,Web
Treadclimber,CAM39467 icaosbctsl1,7/11/2015,7/11/2015,7/6/2015,2,Online Search,Web
Treadclimber,CAM39467 icaosbctsl1,7/12/2015,7/12/2015,7/6/2015,1,Online Search,Web
Treadclimber,CAM40996 icaosbctgl1cat,,7/9/2015,7/6/2015,1,Online Search,Web
Treadclimber,CAM40997 icaosbctsl6,7/6/2015,7/6/2015,7/6/2015,1,Online Search,Web
Treadclimber,CAM41072 icaosbctsl10,7/6/2015,7/6/2015,7/6/2015,1,Online Search,Web
Treadclimber,CAM41072 icaosbctsl10,7/8/2015,7/8/2015,7/6/2015,1,Online Search,Web
Treadclimber,CAM4190 SAWICAOSGCT_TRC,,7/6/2015,7/6/2015,1,Online Search,Call Center Internal
Treadclimber,CAM4190 SAWICAOSGCT_TRC,,7/11/2015,7/6/2015,1,Online Search,Call Center Internal
Treadclimber,CAM44489 icaosgctml2,7/6/2015,7/6/2015,7/6/2015,1,Online Search,Web
Treadclimber,CAM44489 icaosgctml2,7/8/2015,7/8/2015,7/6/2015,3,Online Search,Web
Treadclimber,CAM44489 icaosgctml2,7/10/2015,7/10/2015,7/6/2015,4,Online Search,Web
Treadclimber,CAM44489 icaosgctml2,7/11/2015,7/11/2015,7/6/2015,3,Online Search,Web
Treadclimber,CAM44966 icaosbctml1,7/7/2015,7/7/2015,7/6/2015,1,Online Search,Web
Treadclimber,CAM44966 icaosbctml1,7/9/2015,7/9/2015,7/6/2015,2,Online Search,Web
Treadclimber,CAM44966 icaosbctml1,7/10/2015,7/10/2015,7/6/2015,1,Online Search,Web
Treadclimber,CAM45633 ICAOSGCEGL1CMT,,7/7/2015,7/6/2015,1,Online Search,Web
Treadclimber,CAM45634 ICAOSBCEGL1CMT,,7/6/2015,7/6/2015,1,Online Search,Call Center Internal
Treadclimber,CAM45690 SAWICAOSGCE,,7/9/2015,7/6/2015,1,Online Search,Call Center Internal
Treadclimber,CAM47275 ICAOSGCTSL12,7/6/2015,7/6/2015,7/6/2015,1,Online Search,Web
Treadclimber,CAM47275 ICAOSGCTSL12,7/8/2015,7/8/2015,7/6/2015,2,Online Search,Web
Treadclimber,CAM47275 ICAOSGCTSL12,7/9/2015,7/9/2015,7/6/2015,1,Online Search,Web
Treadclimber,CAM47275 ICAOSGCTSL12,7/10/2015,7/10/2015,7/6/2015,1,Online Search,Web
Treadclimber,CAM35680 INTELEMEDIACA,7/8/2015,7/8/2015,7/6/2015,2,Short Form,Call Center Internal
Treadclimber,CAM41339 CBCNC120JNY2HKST,7/8/2015,7/8/2015,7/6/2015,1,Short Form,Call Center Internal
Treadclimber,CAM44671 DFAMN120JRNEYTIC,7/10/2015,7/10/2015,7/6/2015,1,Short Form,Third Party Call Center - West
Treadclimber,CAM47079 CTYTC60*ALOHAKST,7/9/2015,7/9/2015,7/6/2015,2,Short Form,Call Center Internal
Treadclimber,CAM47459 SPRKC120LADY*KST,7/9/2015,7/9/2015,7/6/2015,1,Short Form,Call Center Internal
Treadclimber,CAM47460 APTNC120LADY*KST,7/7/2015,7/7/2015,7/6/2015,2,Short Form,Call Center Internal
Treadclimber,CAM47460 APTNC120LADY*KST,7/9/2015,7/9/2015,7/6/2015,2,Short Form,Call Center Internal
Treadclimber,CAM47461 CHCHC120LADY*KST,7/7/2015,7/7/2015,7/6/2015,1,Short Form,Call Center Internal
Treadclimber,CAM47461 CHCHC120LADY*KST,7/11/2015,7/11/2015,7/6/2015,1,Short Form,Call Center Internal
Treadclimber,CAM47462 CHEKC120LADY*KST,7/8/2015,7/8/2015,7/6/2015,1,Short Form,Call Center Internal
Treadclimber,CAM47467 MOVIC120LADY*KST,7/12/2015,7/12/2015,7/6/2015,1,Short Form,Call Center Internal
Treadclimber,CAM47468 NGEOC120LADY*KST,7/10/2015,7/10/2015,7/6/2015,1,Short Form,Call Center Internal
Treadclimber,CAM47468 NGEOC120LADY*KST,7/11/2015,7/11/2015,7/6/2015,1,Short Form,Call Center Internal
Treadclimber,CAM47469 NGW*C120LADY*KST,7/12/2015,7/12/2015,7/6/2015,2,Short Form,Call Center Internal
Treadclimber,CAM47474 TSN*C120LADY*KST,7/8/2015,7/8/2015,7/6/2015,1,Short Form,Call Center Internal
Treadclimber,CAM47474 TSN*C120LADY*KST,7/9/2015,7/9/2015,7/6/2015,1,Short Form,Call Center Internal
Treadclimber,CAM47476 VISNC120LADY*KST,7/9/2015,7/9/2015,7/6/2015,1,Short Form,Call Center Internal
Treadclimber,CAM47480 WNCAC120LADY*KST,8/12/2015,7/9/2015,7/6/2015,1,Short Form,Call Center Internal
Treadclimber,CAM47581 IFC*C120LADY*KST,7/11/2015,7/11/2015,7/6/2015,1,Short Form,Call Center Internal
Treadclimber,CAM47706 ANMLC120LADY*KST,7/6/2015,7/6/2015,7/6/2015,1,Short Form,Call Center Internal
Treadclimber,CAM40825 1800TREADCLIMBER,,7/7/2015,7/6/2015,1,Un-Sourced,Call Center Internal
Treadclimber,CAM40825 1800TREADCLIMBER,,7/10/2015,7/6/2015,1,Un-Sourced,Call Center Internal
Treadclimber,CAM45327 1800MAXTRAINER,,7/6/2015,7/6/2015,2,Un-Sourced,Call Center Internal
Treadclimber,CAM45327 1800MAXTRAINER,,7/7/2015,7/6/2015,1,Un-Sourced,Call Center Internal
Treadclimber,CAM36732 icastsf12a,7/15/2015,7/15/2015,7/13/2015,1,Electronic - Short Form,Web
Treadclimber,CAM36732 icastsf12a,7/18/2015,7/18/2015,7/13/2015,1,Electronic - Short Form,Web
Treadclimber,CAM37204 icastsf12b,7/14/2015,7/14/2015,7/13/2015,2,Electronic - Short Form,Web
Treadclimber,CAM37204 icastsf12b,7/19/2015,7/19/2015,7/13/2015,1,Electronic - Short Form,Web
Treadclimber,CAM45693 ICASESF14A,,7/15/2015,7/13/2015,1,Electronic - Short Form,Call Center Internal
Treadclimber,CAM45694 ICASESF14B,,7/15/2015,7/13/2015,1,Electronic - Short Form,Web
Treadclimber,CAM45694 ICASESF14B,,7/19/2015,7/13/2015,2,Electronic - Short Form,Web
Treadclimber,CAM47456 ICASTSF15B,7/13/2015,7/13/2015,7/13/2015,79,Electronic - Short Form,Web
Treadclimber,CAM47456 ICASTSF15B,7/28/2015,7/13/2015,7/13/2015,1,Electronic - Short Form,Web
Treadclimber,CAM47456 ICASTSF15B,8/4/2015,7/13/2015,7/13/2015,1,Electronic - Short Form,Web
Treadclimber,CAM47456 ICASTSF15B,7/14/2015,7/14/2015,7/13/2015,55,Electronic - Short Form,Web
Treadclimber,CAM47456 ICASTSF15B,,7/14/2015,7/13/2015,1,Electronic - Short Form,Web
Treadclimber,CAM47456 ICASTSF15B,7/15/2015,7/15/2015,7/13/2015,24,Electronic - Short Form,Web
Treadclimber,CAM47456 ICASTSF15B,7/30/2015,7/15/2015,7/13/2015,1,Electronic - Short Form,Web
Treadclimber,CAM47456 ICASTSF15B,7/16/2015,7/16/2015,7/13/2015,27,Electronic - Short Form,Web
Treadclimber,CAM47456 ICASTSF15B,7/17/2015,7/17/2015,7/13/2015,39,Electronic - Short Form,Web
Treadclimber,CAM47456 ICASTSF15B,7/18/2015,7/18/2015,7/13/2015,43,Electronic - Short Form,Web
Treadclimber,CAM47456 ICASTSF15B,7/19/2015,7/18/2015,7/13/2015,1,Electronic - Short Form,Web
Treadclimber,CAM47456 ICASTSF15B,7/20/2015,7/18/2015,7/13/2015,1,Electronic - Short Form,Web
Treadclimber,CAM47456 ICASTSF15B,7/19/2015,7/19/2015,7/13/2015,62,Electronic - Short Form,Web
Treadclimber,CAM47896 ICASTSF15C,7/14/2015,7/14/2015,7/13/2015,6,Electronic - Short Form,Web
Treadclimber,CAM47896 ICASTSF15C,7/15/2015,7/15/2015,7/13/2015,2,Electronic - Short Form,Web
Treadclimber,CAM47896 ICASTSF15C,7/16/2015,7/16/2015,7/13/2015,2,Electronic - Short Form,Web
Treadclimber,CAM47896 ICASTSF15C,7/17/2015,7/17/2015,7/13/2015,2,Electronic - Short Form,Web
Treadclimber,CAM132 1800BOWFLEX_CAT,,7/13/2015,7/13/2015,1,Electronic - UnSourced,Call Center Internal
Treadclimber,CAM132 1800BOWFLEX_CAT,7/14/2015,7/14/2015,7/13/2015,1,Electronic - UnSourced,Call Center Internal
Treadclimber,CAM132 1800BOWFLEX_CAT,,7/14/2015,7/13/2015,1,Electronic - UnSourced,Call Center Internal
Treadclimber,CAM132 1800BOWFLEX_CAT,7/17/2015,7/17/2015,7/13/2015,1,Electronic - UnSourced,Call Center Internal
Treadclimber,CAM132 1800BOWFLEX_CAT,7/18/2015,7/18/2015,7/13/2015,1,Electronic - UnSourced,Call Center Internal
Treadclimber,CAM132 1800BOWFLEX_CAT,,7/19/2015,7/13/2015,1,Electronic - UnSourced,Call Center Internal
Treadclimber,CAM28491 icat1sitecat,,7/13/2015,7/13/2015,2,Electronic - UnSourced,Web
Treadclimber,CAM28491 icat1sitecat,7/14/2015,7/14/2015,7/13/2015,1,Electronic - UnSourced,Web
Treadclimber,CAM28491 icat1sitecat,7/15/2015,7/15/2015,7/13/2015,1,Electronic - UnSourced,Web
Treadclimber,CAM28491 icat1sitecat,7/17/2015,7/17/2015,7/13/2015,1,Electronic - UnSourced,Web
Treadclimber,CAM28491 icat1sitecat,7/18/2015,7/18/2015,7/13/2015,1,Electronic - UnSourced,Web
Treadclimber,CAM28491 icat1sitecat,7/19/2015,7/19/2015,7/13/2015,1,Electronic - UnSourced,Web
Treadclimber,CAM40760 ICATHOME,7/13/2015,7/13/2015,7/13/2015,18,Electronic - UnSourced,Web
Treadclimber,CAM40760 ICATHOME,7/14/2015,7/14/2015,7/13/2015,16,Electronic - UnSourced,Web
Treadclimber,CAM40760 ICATHOME,,7/14/2015,7/13/2015,3,Electronic - UnSourced,Web
Treadclimber,CAM40760 ICATHOME,7/15/2015,7/15/2015,7/13/2015,6,Electronic - UnSourced,Web
Treadclimber,CAM40760 ICATHOME,,7/15/2015,7/13/2015,2,Electronic - UnSourced,Web
Treadclimber,CAM40760 ICATHOME,7/16/2015,7/16/2015,7/13/2015,14,Electronic - UnSourced,Web
Treadclimber,CAM40760 ICATHOME,,7/16/2015,7/13/2015,1,Electronic - UnSourced,Web
Treadclimber,CAM40760 ICATHOME,7/17/2015,7/17/2015,7/13/2015,20,Electronic - UnSourced,Web
Treadclimber,CAM40760 ICATHOME,,7/17/2015,7/13/2015,1,Electronic - UnSourced,Web
Treadclimber,CAM40760 ICATHOME,7/18/2015,7/18/2015,7/13/2015,13,Electronic - UnSourced,Web
Treadclimber,CAM40760 ICATHOME,8/7/2015,7/18/2015,7/13/2015,1,Electronic - UnSourced,Web
Treadclimber,CAM40760 ICATHOME,,7/18/2015,7/13/2015,1,Electronic - UnSourced,Web
Treadclimber,CAM40760 ICATHOME,7/19/2015,7/19/2015,7/13/2015,29,Electronic - UnSourced,Web
Treadclimber,CAM44626 1800BOWFLEX_BMT,,7/13/2015,7/13/2015,1,Electronic - UnSourced,Call Center Internal
Treadclimber,CAM45699 SAWICAEEMAX,,7/18/2015,7/13/2015,2,Electronic - UnSourced,Call Center Internal
Treadclimber,CAM41253 icaodaktdl3,7/14/2015,7/14/2015,7/13/2015,1,Online Display,Web
Treadclimber,CAM41253 icaodaktdl3,7/17/2015,7/17/2015,7/13/2015,1,Online Display,Web
Treadclimber,CAM41253 icaodaktdl3,7/19/2015,7/19/2015,7/13/2015,1,Online Display,Web
Treadclimber,CAM41254 icaodaktdl4,,7/14/2015,7/13/2015,1,Online Display,Web
Treadclimber,CAM45917 SAWICAODAKE,,7/17/2015,7/13/2015,1,Online Display,Call Center Internal
Treadclimber,CAM30840 icaosgctsl1,7/16/2015,7/16/2015,7/13/2015,1,Online Search,Web
Treadclimber,CAM30841 icaosgctsl2,7/13/2015,7/13/2015,7/13/2015,1,Online Search,Web
Treadclimber,CAM30841 icaosgctsl2,,7/13/2015,7/13/2015,1,Online Search,Web
Treadclimber,CAM30841 icaosgctsl2,7/14/2015,7/14/2015,7/13/2015,5,Online Search,Web
Treadclimber,CAM30841 icaosgctsl2,,7/14/2015,7/13/2015,2,Online Search,Web
Treadclimber,CAM30841 icaosgctsl2,7/15/2015,7/15/2015,7/13/2015,5,Online Search,Web
Treadclimber,CAM30841 icaosgctsl2,7/16/2015,7/16/2015,7/13/2015,1,Online Search,Web
Treadclimber,CAM30841 icaosgctsl2,,7/16/2015,7/13/2015,1,Online Search,Web
Treadclimber,CAM30841 icaosgctsl2,7/17/2015,7/17/2015,7/13/2015,8,Online Search,Web
Treadclimber,CAM30841 icaosgctsl2,7/18/2015,7/18/2015,7/13/2015,5,Online Search,Web
Treadclimber,CAM30841 icaosgctsl2,,7/18/2015,7/13/2015,2,Online Search,Web
Treadclimber,CAM30841 icaosgctsl2,7/19/2015,7/19/2015,7/13/2015,3,Online Search,Web
Treadclimber,CAM30841 icaosgctsl2,,7/19/2015,7/13/2015,3,Online Search,Web
Treadclimber,CAM30842 icaosgctsl3,7/13/2015,7/13/2015,7/13/2015,1,Online Search,Web
Treadclimber,CAM30842 icaosgctsl3,7/14/2015,7/14/2015,7/13/2015,2,Online Search,Web
Treadclimber,CAM30842 icaosgctsl3,7/16/2015,7/16/2015,7/13/2015,1,Online Search,Web
Treadclimber,CAM30842 icaosgctsl3,7/17/2015,7/17/2015,7/13/2015,1,Online Search,Web
Treadclimber,CAM30842 icaosgctsl3,7/19/2015,7/19/2015,7/13/2015,1,Online Search,Web
Treadclimber,CAM30896 SAWICAOSGCT,,7/16/2015,7/13/2015,1,Online Search,Call Center Internal
Treadclimber,CAM33017 SAWCAOSGCTMOBILE,7/19/2015,7/19/2015,7/13/2015,1,Online Search,Call Center Internal
Treadclimber,CAM36695 icaosgctgl1cat,7/13/2015,7/13/2015,7/13/2015,1,Online Search,Web
Treadclimber,CAM36695 icaosgctgl1cat,,7/13/2015,7/13/2015,1,Online Search,Web
Treadclimber,CAM36695 icaosgctgl1cat,,7/14/2015,7/13/2015,1,Online Search,Web
Treadclimber,CAM36695 icaosgctgl1cat,,7/16/2015,7/13/2015,1,Online Search,Web
Treadclimber,CAM36695 icaosgctgl1cat,7/17/2015,7/17/2015,7/13/2015,1,Online Search,Web
Treadclimber,CAM36695 icaosgctgl1cat,7/19/2015,7/19/2015,7/13/2015,1,Online Search,Web
Treadclimber,CAM36695 icaosgctgl1cat,,7/19/2015,7/13/2015,1,Online Search,Web
Treadclimber,CAM37608 SAWICAOSBCT,,7/18/2015,7/13/2015,1,Online Search,Call Center Internal
Treadclimber,CAM37660 icaosbctsl5,7/14/2015,7/14/2015,7/13/2015,1,Online Search,Web
Treadclimber,CAM37660 icaosbctsl5,7/16/2015,7/16/2015,7/13/2015,2,Online Search,Web
Treadclimber,CAM37660 icaosbctsl5,7/19/2015,7/19/2015,7/13/2015,1,Online Search,Web
Treadclimber,CAM37660 icaosbctsl5,,7/19/2015,7/13/2015,1,Online Search,Web
Treadclimber,CAM37661 icaosgctsl5,7/13/2015,7/13/2015,7/13/2015,1,Online Search,Web
Treadclimber,CAM37661 icaosgctsl5,,7/13/2015,7/13/2015,1,Online Search,Web
Treadclimber,CAM37661 icaosgctsl5,7/14/2015,7/14/2015,7/13/2015,4,Online Search,Web
Treadclimber,CAM37661 icaosgctsl5,8/27/2015,7/14/2015,7/13/2015,1,Online Search,Web
Treadclimber,CAM37661 icaosgctsl5,7/17/2015,7/17/2015,7/13/2015,2,Online Search,Web
Treadclimber,CAM37661 icaosgctsl5,7/18/2015,7/18/2015,7/13/2015,2,Online Search,Web
Treadclimber,CAM37661 icaosgctsl5,,7/19/2015,7/13/2015,1,Online Search,Web
Treadclimber,CAM37864 icaosgctsl6,7/15/2015,7/15/2015,7/13/2015,1,Online Search,Web
Treadclimber,CAM37864 icaosgctsl6,,7/16/2015,7/13/2015,1,Online Search,Web
Treadclimber,CAM37864 icaosgctsl6,,7/18/2015,7/13/2015,1,Online Search,Web
Treadclimber,CAM37865 icaosgctsl7,7/17/2015,7/17/2015,7/13/2015,1,Online Search,Web
Treadclimber,CAM39467 icaosbctsl1,7/13/2015,7/13/2015,7/13/2015,1,Online Search,Web
Treadclimber,CAM39467 icaosbctsl1,7/14/2015,7/14/2015,7/13/2015,4,Online Search,Web
Treadclimber,CAM39467 icaosbctsl1,,7/15/2015,7/13/2015,1,Online Search,Web
Treadclimber,CAM39467 icaosbctsl1,7/16/2015,7/16/2015,7/13/2015,1,Online Search,Web
Treadclimber,CAM40996 icaosbctgl1cat,,7/14/2015,7/13/2015,1,Online Search,Web
Treadclimber,CAM40996 icaosbctgl1cat,7/15/2015,7/15/2015,7/13/2015,1,Online Search,Web
Treadclimber,CAM40997 icaosbctsl6,7/18/2015,7/18/2015,7/13/2015,1,Online Search,Web
Treadclimber,CAM40997 icaosbctsl6,7/19/2015,7/19/2015,7/13/2015,1,Online Search,Web
Treadclimber,CAM44489 icaosgctml2,7/13/2015,7/13/2015,7/13/2015,3,Online Search,Web
Treadclimber,CAM44489 icaosgctml2,7/14/2015,7/14/2015,7/13/2015,4,Online Search,Web
Treadclimber,CAM44489 icaosgctml2,7/16/2015,7/16/2015,7/13/2015,2,Online Search,Web
Treadclimber,CAM44489 icaosgctml2,7/17/2015,7/17/2015,7/13/2015,3,Online Search,Web
Treadclimber,CAM44489 icaosgctml2,7/18/2015,7/18/2015,7/13/2015,2,Online Search,Web
Treadclimber,CAM44489 icaosgctml2,7/19/2015,7/19/2015,7/13/2015,5,Online Search,Web
Treadclimber,CAM44966 icaosbctml1,7/13/2015,7/13/2015,7/13/2015,1,Online Search,Web
Treadclimber,CAM44966 icaosbctml1,7/14/2015,7/14/2015,7/13/2015,2,Online Search,Web
Treadclimber,CAM44966 icaosbctml1,7/18/2015,7/18/2015,7/13/2015,1,Online Search,Web
Treadclimber,CAM44966 icaosbctml1,7/19/2015,7/19/2015,7/13/2015,1,Online Search,Web
Treadclimber,CAM45624 ICAOSGCESL2,,7/19/2015,7/13/2015,1,Online Search,Web
Treadclimber,CAM45690 SAWICAOSGCE,,7/16/2015,7/13/2015,1,Online Search,Call Center Internal
Treadclimber,CAM45836 ICAOSGCESL3,,7/19/2015,7/13/2015,1,Online Search,Web
Treadclimber,CAM47275 ICAOSGCTSL12,7/15/2015,7/15/2015,7/13/2015,1,Online Search,Web
Treadclimber,CAM47275 ICAOSGCTSL12,7/16/2015,7/16/2015,7/13/2015,1,Online Search,Web
Treadclimber,CAM47275 ICAOSGCTSL12,7/19/2015,7/19/2015,7/13/2015,1,Online Search,Web
Treadclimber,CAM45437 ICAOFG2TFEED1,,7/13/2015,7/13/2015,1,Online Shopping,Web
Treadclimber,CAM45437 ICAOFG2TFEED1,7/19/2015,7/19/2015,7/13/2015,1,Online Shopping,Web
Treadclimber,CAM35680 INTELEMEDIACA,7/14/2015,7/14/2015,7/13/2015,1,Short Form,Call Center Internal
Treadclimber,CAM35680 INTELEMEDIACA,,7/14/2015,7/13/2015,2,Short Form,Call Center Internal
Treadclimber,CAM35680 INTELEMEDIACA,7/15/2015,7/15/2015,7/13/2015,2,Short Form,Call Center Internal
Treadclimber,CAM47459 SPRKC120LADY*KST,7/14/2015,7/14/2015,7/13/2015,1,Short Form,Call Center Internal
Treadclimber,CAM47459 SPRKC120LADY*KST,7/17/2015,7/17/2015,7/13/2015,1,Short Form,Call Center Internal
Treadclimber,CAM47459 SPRKC120LADY*KST,7/19/2015,7/19/2015,7/13/2015,1,Short Form,Call Center Internal
Treadclimber,CAM47460 APTNC120LADY*KST,7/16/2015,7/16/2015,7/13/2015,1,Short Form,Call Center Internal
Treadclimber,CAM47460 APTNC120LADY*KST,7/17/2015,7/17/2015,7/13/2015,1,Short Form,Call Center Internal
Treadclimber,CAM47460 APTNC120LADY*KST,7/19/2015,7/19/2015,7/13/2015,1,Short Form,Call Center Internal
Treadclimber,CAM47461 CHCHC120LADY*KST,7/16/2015,7/16/2015,7/13/2015,2,Short Form,Call Center Internal
Treadclimber,CAM47461 CHCHC120LADY*KST,7/18/2015,7/18/2015,7/13/2015,2,Short Form,Call Center Internal
Treadclimber,CAM47465 DOCUC120LADY*KST,7/14/2015,7/14/2015,7/13/2015,1,Short Form,Call Center Internal
Treadclimber,CAM47465 DOCUC120LADY*KST,7/18/2015,7/18/2015,7/13/2015,1,Short Form,Call Center Internal
Treadclimber,CAM47466 GAMCC120LADY*KST,7/17/2015,7/17/2015,7/13/2015,1,Short Form,Call Center Internal
Treadclimber,CAM47467 MOVIC120LADY*KST,8/5/2015,7/15/2015,7/13/2015,1,Short Form,Call Center Internal
Treadclimber,CAM47469 NGW*C120LADY*KST,7/13/2015,7/13/2015,7/13/2015,1,Short Form,Call Center Internal
Treadclimber,CAM47469 NGW*C120LADY*KST,7/18/2015,7/18/2015,7/13/2015,3,Short Form,Call Center Internal
Treadclimber,CAM47476 VISNC120LADY*KST,7/15/2015,7/15/2015,7/13/2015,1,Short Form,Call Center Internal
Treadclimber,CAM47476 VISNC120LADY*KST,7/16/2015,7/16/2015,7/13/2015,1,Short Form,Call Center Internal
Treadclimber,CAM47476 VISNC120LADY*KST,8/3/2015,7/17/2015,7/13/2015,1,Short Form,Call Center Internal
Treadclimber,CAM47477 WCVBC120LADY*KST,7/16/2015,7/16/2015,7/13/2015,1,Short Form,Call Center Internal
Treadclimber,CAM47480 WNCAC120LADY*KST,7/19/2015,7/19/2015,7/13/2015,1,Short Form,Call Center Internal
Treadclimber,CAM47582 LIFEC120LADY*KST,7/16/2015,7/16/2015,7/13/2015,1,Short Form,Call Center Internal
Treadclimber,CAM47910 TLN*C120LADY*KST,7/13/2015,7/13/2015,7/13/2015,1,Short Form,Call Center Internal
Treadclimber,CAM47939 CTYTC60*LADY*KST,7/14/2015,7/14/2015,7/13/2015,1,Short Form,Call Center Internal
Treadclimber,CAM40825 1800TREADCLIMBER,,7/13/2015,7/13/2015,1,Un-Sourced,Call Center Internal
Treadclimber,CAM40825 1800TREADCLIMBER,,7/14/2015,7/13/2015,1,Un-Sourced,Call Center Internal
Treadclimber,CAM45327 1800MAXTRAINER,,7/13/2015,7/13/2015,1,Un-Sourced,Call Center Internal
Treadclimber,CAM45327 1800MAXTRAINER,,7/14/2015,7/13/2015,1,Un-Sourced,Call Center Internal
Treadclimber,CAM45327 1800MAXTRAINER,,7/16/2015,7/13/2015,1,Un-Sourced,Call Center Internal
Treadclimber,CAM45327 1800MAXTRAINER,,7/17/2015,7/13/2015,1,Un-Sourced,Call Center Internal
Treadclimber,CAM27557 Bowflex Catalog,,7/20/2015,7/20/2015,1,Catalog,Call Center Internal
Treadclimber,CAM30971 icastsf09buytc,,7/24/2015,7/20/2015,1,Electronic - Short Form,Web
Treadclimber,CAM36732 icastsf12a,7/20/2015,7/20/2015,7/20/2015,1,Electronic - Short Form,Web
Treadclimber,CAM37204 icastsf12b,7/21/2015,7/21/2015,7/20/2015,2,Electronic - Short Form,Web
Treadclimber,CAM37204 icastsf12b,7/23/2015,7/23/2015,7/20/2015,2,Electronic - Short Form,Web
Treadclimber,CAM37204 icastsf12b,7/26/2015,7/26/2015,7/20/2015,1,Electronic - Short Form,Web
Treadclimber,CAM45694 ICASESF14B,,7/22/2015,7/20/2015,1,Electronic - Short Form,Call Center Internal
Treadclimber,CAM47146 ICASTSF15A,7/20/2015,7/20/2015,7/20/2015,1,Electronic - Short Form,Web
Treadclimber,CAM47456 ICASTSF15B,7/20/2015,7/20/2015,7/20/2015,27,Electronic - Short Form,Web
Treadclimber,CAM47456 ICASTSF15B,7/21/2015,7/21/2015,7/20/2015,35,Electronic - Short Form,Web
Treadclimber,CAM47456 ICASTSF15B,7/22/2015,7/21/2015,7/20/2015,1,Electronic - Short Form,Web
Treadclimber,CAM47456 ICASTSF15B,8/3/2015,7/21/2015,7/20/2015,1,Electronic - Short Form,Web
Treadclimber,CAM47456 ICASTSF15B,7/22/2015,7/22/2015,7/20/2015,24,Electronic - Short Form,Web
Treadclimber,CAM47456 ICASTSF15B,8/10/2015,7/22/2015,7/20/2015,1,Electronic - Short Form,Web
Treadclimber,CAM47456 ICASTSF15B,,7/22/2015,7/20/2015,1,Electronic - Short Form,Web
Treadclimber,CAM47456 ICASTSF15B,7/23/2015,7/23/2015,7/20/2015,39,Electronic - Short Form,Web
Treadclimber,CAM47456 ICASTSF15B,7/27/2015,7/23/2015,7/20/2015,1,Electronic - Short Form,Web
Treadclimber,CAM47456 ICASTSF15B,7/24/2015,7/24/2015,7/20/2015,21,Electronic - Short Form,Web
Treadclimber,CAM47456 ICASTSF15B,7/25/2015,7/25/2015,7/20/2015,39,Electronic - Short Form,Web
Treadclimber,CAM47456 ICASTSF15B,7/26/2015,7/26/2015,7/20/2015,4,Electronic - Short Form,Web
Treadclimber,CAM47896 ICASTSF15C,7/20/2015,7/20/2015,7/20/2015,2,Electronic - Short Form,Web
Treadclimber,CAM47896 ICASTSF15C,7/21/2015,7/21/2015,7/20/2015,3,Electronic - Short Form,Web
Treadclimber,CAM132 1800BOWFLEX_CAT,8/2/2015,7/22/2015,7/20/2015,1,Electronic - UnSourced,Call Center Internal
Treadclimber,CAM132 1800BOWFLEX_CAT,7/23/2015,7/23/2015,7/20/2015,2,Electronic - UnSourced,Call Center Internal
Treadclimber,CAM132 1800BOWFLEX_CAT,,7/26/2015,7/20/2015,1,Electronic - UnSourced,Call Center Internal
Treadclimber,CAM133 1800BOWFLEX_TRC,,7/20/2015,7/20/2015,1,Electronic - UnSourced,Call Center Internal
Treadclimber,CAM133 1800BOWFLEX_TRC,7/26/2015,7/26/2015,7/20/2015,1,Electronic - UnSourced,Call Center Internal
Treadclimber,CAM2605 icathome_TRC,,7/21/2015,7/20/2015,1,Electronic - UnSourced,Call Center Internal
Treadclimber,CAM28491 icat1sitecat,7/20/2015,7/20/2015,7/20/2015,3,Electronic - UnSourced,Web
Treadclimber,CAM28491 icat1sitecat,7/22/2015,7/22/2015,7/20/2015,1,Electronic - UnSourced,Web
Treadclimber,CAM28491 icat1sitecat,,7/22/2015,7/20/2015,1,Electronic - UnSourced,Web
Treadclimber,CAM28491 icat1sitecat,7/23/2015,7/23/2015,7/20/2015,1,Electronic - UnSourced,Web
Treadclimber,CAM28491 icat1sitecat,,7/24/2015,7/20/2015,1,Electronic - UnSourced,Web
Treadclimber,CAM28491 icat1sitecat,7/26/2015,7/26/2015,7/20/2015,1,Electronic - UnSourced,Web
Treadclimber,CAM40760 ICATHOME,7/20/2015,7/20/2015,7/20/2015,19,Electronic - UnSourced,Web
Treadclimber,CAM40760 ICATHOME,7/21/2015,7/21/2015,7/20/2015,13,Electronic - UnSourced,Web
Treadclimber,CAM40760 ICATHOME,,7/21/2015,7/20/2015,1,Electronic - UnSourced,Web
Treadclimber,CAM40760 ICATHOME,7/22/2015,7/22/2015,7/20/2015,11,Electronic - UnSourced,Web
Treadclimber,CAM40760 ICATHOME,,7/22/2015,7/20/2015,3,Electronic - UnSourced,Web
Treadclimber,CAM40760 ICATHOME,7/23/2015,7/23/2015,7/20/2015,23,Electronic - UnSourced,Web
Treadclimber,CAM40760 ICATHOME,7/24/2015,7/24/2015,7/20/2015,16,Electronic - UnSourced,Web
Treadclimber,CAM40760 ICATHOME,9/8/2015,7/24/2015,7/20/2015,1,Electronic - UnSourced,Web
Treadclimber,CAM40760 ICATHOME,,7/24/2015,7/20/2015,2,Electronic - UnSourced,Web
Treadclimber,CAM40760 ICATHOME,7/25/2015,7/25/2015,7/20/2015,12,Electronic - UnSourced,Web
Treadclimber,CAM40760 ICATHOME,7/26/2015,7/26/2015,7/20/2015,7,Electronic - UnSourced,Web
Treadclimber,CAM45632 ICAEE1SITECMT,,7/22/2015,7/20/2015,1,Electronic - UnSourced,Web
Treadclimber,CAM45699 SAWICAEEMAX,,7/20/2015,7/20/2015,1,Electronic - UnSourced,Call Center Internal
Treadclimber,CAM41253 icaodaktdl3,7/20/2015,7/20/2015,7/20/2015,1,Online Display,Web
Treadclimber,CAM41253 icaodaktdl3,7/21/2015,7/21/2015,7/20/2015,1,Online Display,Web
Treadclimber,CAM41253 icaodaktdl3,7/22/2015,7/22/2015,7/20/2015,1,Online Display,Web
Treadclimber,CAM41253 icaodaktdl3,7/24/2015,7/24/2015,7/20/2015,2,Online Display,Web
Treadclimber,CAM41253 icaodaktdl3,7/26/2015,7/26/2015,7/20/2015,1,Online Display,Web
Treadclimber,CAM30840 icaosgctsl1,7/24/2015,7/24/2015,7/20/2015,1,Online Search,Web
Treadclimber,CAM30841 icaosgctsl2,7/20/2015,7/20/2015,7/20/2015,4,Online Search,Web
Treadclimber,CAM30841 icaosgctsl2,,7/20/2015,7/20/2015,2,Online Search,Web
Treadclimber,CAM30841 icaosgctsl2,7/21/2015,7/21/2015,7/20/2015,4,Online Search,Web
Treadclimber,CAM30841 icaosgctsl2,7/22/2015,7/22/2015,7/20/2015,2,Online Search,Web
Treadclimber,CAM30841 icaosgctsl2,,7/22/2015,7/20/2015,2,Online Search,Web
Treadclimber,CAM30841 icaosgctsl2,7/23/2015,7/23/2015,7/20/2015,3,Online Search,Web
Treadclimber,CAM30841 icaosgctsl2,,7/23/2015,7/20/2015,1,Online Search,Web
Treadclimber,CAM30841 icaosgctsl2,7/24/2015,7/24/2015,7/20/2015,3,Online Search,Web
Treadclimber,CAM30841 icaosgctsl2,,7/24/2015,7/20/2015,1,Online Search,Web
Treadclimber,CAM30841 icaosgctsl2,7/25/2015,7/25/2015,7/20/2015,2,Online Search,Web
Treadclimber,CAM30841 icaosgctsl2,,7/25/2015,7/20/2015,5,Online Search,Web
Treadclimber,CAM30841 icaosgctsl2,,7/26/2015,7/20/2015,1,Online Search,Web
Treadclimber,CAM30842 icaosgctsl3,7/22/2015,7/22/2015,7/20/2015,1,Online Search,Web
Treadclimber,CAM30842 icaosgctsl3,7/23/2015,7/23/2015,7/20/2015,4,Online Search,Web
Treadclimber,CAM30842 icaosgctsl3,7/25/2015,7/25/2015,7/20/2015,1,Online Search,Web
Treadclimber,CAM30891 SAWICAOSGCW,,7/20/2015,7/20/2015,2,Online Search,Call Center Internal
Treadclimber,CAM30891 SAWICAOSGCW,,7/25/2015,7/20/2015,1,Online Search,Call Center Internal
Treadclimber,CAM30896 SAWICAOSGCT,,7/20/2015,7/20/2015,1,Online Search,Call Center Internal
Treadclimber,CAM30896 SAWICAOSGCT,,7/23/2015,7/20/2015,1,Online Search,Call Center Internal
Treadclimber,CAM36695 icaosgctgl1cat,7/24/2015,7/24/2015,7/20/2015,2,Online Search,Web
Treadclimber,CAM36695 icaosgctgl1cat,,7/25/2015,7/20/2015,1,Online Search,Web
Treadclimber,CAM36695 icaosgctgl1cat,,7/26/2015,7/20/2015,1,Online Search,Web
Treadclimber,CAM37660 icaosbctsl5,,7/22/2015,7/20/2015,1,Online Search,Web
Treadclimber,CAM37660 icaosbctsl5,7/23/2015,7/23/2015,7/20/2015,1,Online Search,Web
Treadclimber,CAM37661 icaosgctsl5,,7/20/2015,7/20/2015,1,Online Search,Web
Treadclimber,CAM37661 icaosgctsl5,7/21/2015,7/21/2015,7/20/2015,2,Online Search,Web
Treadclimber,CAM37661 icaosgctsl5,7/22/2015,7/22/2015,7/20/2015,1,Online Search,Web
Treadclimber,CAM37661 icaosgctsl5,7/23/2015,7/23/2015,7/20/2015,3,Online Search,Web
Treadclimber,CAM37661 icaosgctsl5,7/26/2015,7/26/2015,7/20/2015,1,Online Search,Web
Treadclimber,CAM37864 icaosgctsl6,,7/22/2015,7/20/2015,1,Online Search,Web
Treadclimber,CAM39467 icaosbctsl1,7/22/2015,7/22/2015,7/20/2015,1,Online Search,Web
Treadclimber,CAM39467 icaosbctsl1,7/25/2015,7/25/2015,7/20/2015,2,Online Search,Web
Treadclimber,CAM39467 icaosbctsl1,7/26/2015,7/26/2015,7/20/2015,1,Online Search,Web
Treadclimber,CAM39468 icaosbctsl2,7/21/2015,7/21/2015,7/20/2015,1,Online Search,Web
Treadclimber,CAM40997 icaosbctsl6,7/24/2015,7/24/2015,7/20/2015,1,Online Search,Web
Treadclimber,CAM40997 icaosbctsl6,7/25/2015,7/25/2015,7/20/2015,1,Online Search,Web
Treadclimber,CAM4190 SAWICAOSGCT_TRC,,7/20/2015,7/20/2015,1,Online Search,Call Center Internal
Treadclimber,CAM44489 icaosgctml2,7/20/2015,7/20/2015,7/20/2015,1,Online Search,Web
Treadclimber,CAM44489 icaosgctml2,7/21/2015,7/21/2015,7/20/2015,5,Online Search,Web
Treadclimber,CAM44489 icaosgctml2,,7/21/2015,7/20/2015,1,Online Search,Web
Treadclimber,CAM44489 icaosgctml2,7/22/2015,7/22/2015,7/20/2015,4,Online Search,Web
Treadclimber,CAM44489 icaosgctml2,7/23/2015,7/23/2015,7/20/2015,4,Online Search,Web
Treadclimber,CAM44489 icaosgctml2,7/24/2015,7/24/2015,7/20/2015,4,Online Search,Web
Treadclimber,CAM44489 icaosgctml2,7/25/2015,7/25/2015,7/20/2015,2,Online Search,Web
Treadclimber,CAM44489 icaosgctml2,7/26/2015,7/26/2015,7/20/2015,2,Online Search,Web
Treadclimber,CAM44489 icaosgctml2,,7/26/2015,7/20/2015,1,Online Search,Web
Treadclimber,CAM44966 icaosbctml1,7/21/2015,7/21/2015,7/20/2015,1,Online Search,Web
Treadclimber,CAM44966 icaosbctml1,7/22/2015,7/22/2015,7/20/2015,1,Online Search,Web
Treadclimber,CAM45624 ICAOSGCESL2,,7/22/2015,7/20/2015,2,Online Search,Web
Treadclimber,CAM45626 ICAOSGCEML2,,7/21/2015,7/20/2015,1,Online Search,Web
Treadclimber,CAM45690 SAWICAOSGCE,,7/20/2015,7/20/2015,1,Online Search,Call Center Internal
Treadclimber,CAM45690 SAWICAOSGCE,,7/21/2015,7/20/2015,1,Online Search,Call Center Internal
Treadclimber,CAM45690 SAWICAOSGCE,,7/25/2015,7/20/2015,1,Online Search,Call Center Internal
Treadclimber,CAM47275 ICAOSGCTSL12,7/20/2015,7/20/2015,7/20/2015,1,Online Search,Web
Treadclimber,CAM47275 ICAOSGCTSL12,7/22/2015,7/22/2015,7/20/2015,1,Online Search,Web
Treadclimber,CAM45437 ICAOFG2TFEED1,7/20/2015,7/20/2015,7/20/2015,1,Online Shopping,Web
Treadclimber,CAM45437 ICAOFG2TFEED1,7/23/2015,7/23/2015,7/20/2015,1,Online Shopping,Web
Treadclimber,CAM35680 INTELEMEDIACA,7/24/2015,7/24/2015,7/20/2015,1,Short Form,Call Center Internal
Treadclimber,CAM47460 APTNC120LADY*KST,7/23/2015,7/23/2015,7/20/2015,1,Short Form,Call Center Internal
Treadclimber,CAM47460 APTNC120LADY*KST,7/24/2015,7/24/2015,7/20/2015,2,Short Form,Call Center Internal
Treadclimber,CAM47460 APTNC120LADY*KST,7/25/2015,7/25/2015,7/20/2015,1,Short Form,Call Center Internal
Treadclimber,CAM47461 CHCHC120LADY*KST,7/23/2015,7/23/2015,7/20/2015,1,Short Form,Call Center Internal
Treadclimber,CAM47461 CHCHC120LADY*KST,7/25/2015,7/25/2015,7/20/2015,1,Short Form,Call Center Internal
Treadclimber,CAM47462 CHEKC120LADY*KST,7/22/2015,7/22/2015,7/20/2015,2,Short Form,Call Center Internal
Treadclimber,CAM47462 CHEKC120LADY*KST,8/18/2015,7/22/2015,7/20/2015,1,Short Form,Call Center Internal
Treadclimber,CAM47462 CHEKC120LADY*KST,7/26/2015,7/26/2015,7/20/2015,1,Short Form,Call Center Internal
Treadclimber,CAM47465 DOCUC120LADY*KST,7/20/2015,7/20/2015,7/20/2015,1,Short Form,Call Center Internal
Treadclimber,CAM47466 GAMCC120LADY*KST,7/20/2015,7/20/2015,7/20/2015,1,Short Form,Call Center Internal
Treadclimber,CAM47468 NGEOC120LADY*KST,7/21/2015,7/21/2015,7/20/2015,1,Short Form,Call Center Internal
Treadclimber,CAM47474 TSN*C120LADY*KST,7/21/2015,7/21/2015,7/20/2015,1,Short Form,Call Center Internal
Treadclimber,CAM47474 TSN*C120LADY*KST,7/23/2015,7/23/2015,7/20/2015,2,Short Form,Call Center Internal
Treadclimber,CAM47474 TSN*C120LADY*KST,7/24/2015,7/24/2015,7/20/2015,1,Short Form,Call Center Internal
Treadclimber,CAM47476 VISNC120LADY*KST,7/21/2015,7/21/2015,7/20/2015,1,Short Form,Call Center Internal
Treadclimber,CAM47476 VISNC120LADY*KST,7/22/2015,7/22/2015,7/20/2015,2,Short Form,Call Center Internal
Treadclimber,CAM47476 VISNC120LADY*KST,7/23/2015,7/23/2015,7/20/2015,1,Short Form,Call Center Internal
Treadclimber,CAM47480 WNCAC120LADY*KST,7/20/2015,7/20/2015,7/20/2015,1,Short Form,Call Center Internal
Treadclimber,CAM47581 IFC*C120LADY*KST,7/26/2015,7/26/2015,7/20/2015,1,Short Form,Call Center Internal
Treadclimber,CAM47582 LIFEC120LADY*KST,7/20/2015,7/20/2015,7/20/2015,1,Short Form,Call Center Internal
Treadclimber,CAM47707 WMOVC120LADY*KST,7/25/2015,7/25/2015,7/20/2015,1,Short Form,Call Center Internal
Treadclimber,CAM47908 H2**C120LADY*KST,7/26/2015,7/26/2015,7/20/2015,1,Short Form,Call Center Internal
Treadclimber,CAM47939 CTYTC60*LADY*KST,7/22/2015,7/22/2015,7/20/2015,3,Short Form,Call Center Internal
Treadclimber,CAM40825 1800TREADCLIMBER,,7/21/2015,7/20/2015,1,Un-Sourced,Call Center Internal
Treadclimber,CAM40825 1800TREADCLIMBER,7/22/2015,7/22/2015,7/20/2015,2,Un-Sourced,Call Center Internal
Treadclimber,CAM40825 1800TREADCLIMBER,,7/26/2015,7/20/2015,1,Un-Sourced,Call Center Internal
Treadclimber,CAM45327 1800MAXTRAINER,,7/20/2015,7/20/2015,1,Un-Sourced,Call Center Internal
Treadclimber,CAM45327 1800MAXTRAINER,,7/21/2015,7/20/2015,1,Un-Sourced,Call Center Internal
Treadclimber,CAM30971 icastsf09buytc,7/27/2015,7/27/2015,7/27/2015,2,Electronic - Short Form,Web
Treadclimber,CAM30971 icastsf09buytc,7/29/2015,7/29/2015,7/27/2015,1,Electronic - Short Form,Web
Treadclimber,CAM30971 icastsf09buytc,7/31/2015,7/31/2015,7/27/2015,1,Electronic - Short Form,Web
Treadclimber,CAM37204 icastsf12b,7/28/2015,7/28/2015,7/27/2015,2,Electronic - Short Form,Web
Treadclimber,CAM37204 icastsf12b,7/29/2015,7/29/2015,7/27/2015,1,Electronic - Short Form,Web
Treadclimber,CAM37204 icastsf12b,7/30/2015,7/30/2015,7/27/2015,2,Electronic - Short Form,Web
Treadclimber,CAM37204 icastsf12b,7/31/2015,7/31/2015,7/27/2015,1,Electronic - Short Form,Web
Treadclimber,CAM45693 ICASESF14A,,8/2/2015,7/27/2015,1,Electronic - Short Form,Web
Treadclimber,CAM45694 ICASESF14B,,7/30/2015,7/27/2015,1,Electronic - Short Form,Web
Treadclimber,CAM47146 ICASTSF15A,7/30/2015,7/30/2015,7/27/2015,1,Electronic - Short Form,Web
Treadclimber,CAM47456 ICASTSF15B,7/27/2015,7/27/2015,7/27/2015,49,Electronic - Short Form,Web
Treadclimber,CAM47456 ICASTSF15B,,7/27/2015,7/27/2015,1,Electronic - Short Form,Web
Treadclimber,CAM47456 ICASTSF15B,7/28/2015,7/28/2015,7/27/2015,13,Electronic - Short Form,Web
Treadclimber,CAM47456 ICASTSF15B,7/29/2015,7/29/2015,7/27/2015,19,Electronic - Short Form,Web
Treadclimber,CAM47456 ICASTSF15B,,7/29/2015,7/27/2015,2,Electronic - Short Form,Web
Treadclimber,CAM47456 ICASTSF15B,7/30/2015,7/30/2015,7/27/2015,23,Electronic - Short Form,Web
Treadclimber,CAM47456 ICASTSF15B,7/31/2015,7/31/2015,7/27/2015,32,Electronic - Short Form,Web
Treadclimber,CAM47456 ICASTSF15B,,7/31/2015,7/27/2015,1,Electronic - Short Form,Web
Treadclimber,CAM47456 ICASTSF15B,8/1/2015,8/1/2015,7/27/2015,24,Electronic - Short Form,Web
Treadclimber,CAM47456 ICASTSF15B,8/4/2015,8/1/2015,7/27/2015,1,Electronic - Short Form,Web
Treadclimber,CAM47456 ICASTSF15B,8/2/2015,8/2/2015,7/27/2015,69,Electronic - Short Form,Web
Treadclimber,CAM47456 ICASTSF15B,9/13/2015,8/2/2015,7/27/2015,1,Electronic - Short Form,Web
Treadclimber,CAM47456 ICASTSF15B,,8/2/2015,7/27/2015,1,Electronic - Short Form,Web
Treadclimber,CAM47896 ICASTSF15C,7/27/2015,7/27/2015,7/27/2015,3,Electronic - Short Form,Web
Treadclimber,CAM47896 ICASTSF15C,8/2/2015,7/27/2015,7/27/2015,1,Electronic - Short Form,Web
Treadclimber,CAM47896 ICASTSF15C,7/29/2015,7/29/2015,7/27/2015,1,Electronic - Short Form,Web
Treadclimber,CAM47896 ICASTSF15C,7/31/2015,7/31/2015,7/27/2015,1,Electronic - Short Form,Web
Treadclimber,CAM127 1800BOWFLEX_BFC,,7/27/2015,7/27/2015,1,Electronic - UnSourced,Call Center Internal
Treadclimber,CAM127 1800BOWFLEX_BFC,,7/28/2015,7/27/2015,1,Electronic - UnSourced,Call Center Internal
Treadclimber,CAM128 1800BOWFLEX_CAB,,7/31/2015,7/27/2015,1,Electronic - UnSourced,Call Center Internal
Treadclimber,CAM132 1800BOWFLEX_CAT,,7/27/2015,7/27/2015,1,Electronic - UnSourced,Call Center Internal
Treadclimber,CAM132 1800BOWFLEX_CAT,,7/28/2015,7/27/2015,2,Electronic - UnSourced,Call Center Internal
Treadclimber,CAM132 1800BOWFLEX_CAT,7/31/2015,7/31/2015,7/27/2015,1,Electronic - UnSourced,Call Center Internal
Treadclimber,CAM2569 icadhome_TRC,,7/29/2015,7/27/2015,1,Electronic - UnSourced,Call Center Internal
Treadclimber,CAM28491 icat1sitecat,7/27/2015,7/27/2015,7/27/2015,1,Electronic - UnSourced,Web
Treadclimber,CAM28491 icat1sitecat,,7/27/2015,7/27/2015,1,Electronic - UnSourced,Web
Treadclimber,CAM28491 icat1sitecat,7/28/2015,7/28/2015,7/27/2015,1,Electronic - UnSourced,Web
Treadclimber,CAM28491 icat1sitecat,,7/28/2015,7/27/2015,3,Electronic - UnSourced,Web
Treadclimber,CAM28491 icat1sitecat,7/31/2015,7/31/2015,7/27/2015,1,Electronic - UnSourced,Web
Treadclimber,CAM28491 icat1sitecat,,8/1/2015,7/27/2015,1,Electronic - UnSourced,Web
Treadclimber,CAM28491 icat1sitecat,8/2/2015,8/2/2015,7/27/2015,2,Electronic - UnSourced,Web
Treadclimber,CAM28491 icat1sitecat,8/3/2015,8/2/2015,7/27/2015,1,Electronic - UnSourced,Web
Treadclimber,CAM40760 ICATHOME,7/27/2015,7/27/2015,7/27/2015,19,Electronic - UnSourced,Web
Treadclimber,CAM40760 ICATHOME,,7/27/2015,7/27/2015,2,Electronic - UnSourced,Web
Treadclimber,CAM40760 ICATHOME,7/28/2015,7/28/2015,7/27/2015,9,Electronic - UnSourced,Web
Treadclimber,CAM40760 ICATHOME,,7/28/2015,7/27/2015,2,Electronic - UnSourced,Web
Treadclimber,CAM40760 ICATHOME,7/29/2015,7/29/2015,7/27/2015,8,Electronic - UnSourced,Web
Treadclimber,CAM40760 ICATHOME,8/16/2015,7/29/2015,7/27/2015,1,Electronic - UnSourced,Web
Treadclimber,CAM40760 ICATHOME,,7/29/2015,7/27/2015,2,Electronic - UnSourced,Web
Treadclimber,CAM40760 ICATHOME,7/30/2015,7/30/2015,7/27/2015,11,Electronic - UnSourced,Web
Treadclimber,CAM40760 ICATHOME,,7/30/2015,7/27/2015,2,Electronic - UnSourced,Web
Treadclimber,CAM40760 ICATHOME,7/31/2015,7/31/2015,7/27/2015,12,Electronic - UnSourced,Web
Treadclimber,CAM40760 ICATHOME,8/1/2015,8/1/2015,7/27/2015,11,Electronic - UnSourced,Web
Treadclimber,CAM40760 ICATHOME,,8/1/2015,7/27/2015,1,Electronic - UnSourced,Web
Treadclimber,CAM40760 ICATHOME,8/2/2015,8/2/2015,7/27/2015,29,Electronic - UnSourced,Web
Treadclimber,CAM44626 1800BOWFLEX_BMT,,8/2/2015,7/27/2015,1,Electronic - UnSourced,Call Center Internal
Treadclimber,CAM45699 SAWICAEEMAX,,7/27/2015,7/27/2015,1,Electronic - UnSourced,Call Center Internal
Treadclimber,CAM41253 icaodaktdl3,7/27/2015,7/27/2015,7/27/2015,1,Online Display,Web
Treadclimber,CAM41253 icaodaktdl3,7/30/2015,7/30/2015,7/27/2015,1,Online Display,Web
Treadclimber,CAM41253 icaodaktdl3,7/31/2015,7/31/2015,7/27/2015,3,Online Display,Web
Treadclimber,CAM41253 icaodaktdl3,8/1/2015,8/1/2015,7/27/2015,5,Online Display,Web
Treadclimber,CAM46541 ICAODAKTDL7,7/31/2015,7/31/2015,7/27/2015,1,Online Display,Web
Treadclimber,CAM30841 icaosgctsl2,7/27/2015,7/27/2015,7/27/2015,7,Online Search,Web
Treadclimber,CAM30841 icaosgctsl2,7/31/2015,7/27/2015,7/27/2015,1,Online Search,Web
Treadclimber,CAM30841 icaosgctsl2,,7/27/2015,7/27/2015,2,Online Search,Web
Treadclimber,CAM30841 icaosgctsl2,7/28/2015,7/28/2015,7/27/2015,3,Online Search,Web
Treadclimber,CAM30841 icaosgctsl2,,7/28/2015,7/27/2015,2,Online Search,Web
Treadclimber,CAM30841 icaosgctsl2,7/29/2015,7/29/2015,7/27/2015,2,Online Search,Web
Treadclimber,CAM30841 icaosgctsl2,7/30/2015,7/30/2015,7/27/2015,7,Online Search,Web
Treadclimber,CAM30841 icaosgctsl2,7/31/2015,7/31/2015,7/27/2015,3,Online Search,Web
Treadclimber,CAM30841 icaosgctsl2,,7/31/2015,7/27/2015,2,Online Search,Web
Treadclimber,CAM30841 icaosgctsl2,8/1/2015,8/1/2015,7/27/2015,6,Online Search,Web
Treadclimber,CAM30841 icaosgctsl2,8/2/2015,8/2/2015,7/27/2015,4,Online Search,Web
Treadclimber,CAM30841 icaosgctsl2,,8/2/2015,7/27/2015,2,Online Search,Web
Treadclimber,CAM30842 icaosgctsl3,7/27/2015,7/27/2015,7/27/2015,2,Online Search,Web
Treadclimber,CAM30842 icaosgctsl3,7/28/2015,7/28/2015,7/27/2015,1,Online Search,Web
Treadclimber,CAM30842 icaosgctsl3,7/30/2015,7/30/2015,7/27/2015,1,Online Search,Web
Treadclimber,CAM30842 icaosgctsl3,7/31/2015,7/31/2015,7/27/2015,1,Online Search,Web
Treadclimber,CAM30842 icaosgctsl3,8/2/2015,8/2/2015,7/27/2015,1,Online Search,Web
Treadclimber,CAM36695 icaosgctgl1cat,7/29/2015,7/29/2015,7/27/2015,1,Online Search,Web
Treadclimber,CAM36695 icaosgctgl1cat,,7/30/2015,7/27/2015,1,Online Search,Web
Treadclimber,CAM36695 icaosgctgl1cat,,7/31/2015,7/27/2015,1,Online Search,Web
Treadclimber,CAM36695 icaosgctgl1cat,8/1/2015,8/1/2015,7/27/2015,1,Online Search,Web
Treadclimber,CAM36695 icaosgctgl1cat,,8/1/2015,7/27/2015,2,Online Search,Web
Treadclimber,CAM36695 icaosgctgl1cat,8/2/2015,8/2/2015,7/27/2015,1,Online Search,Web
Treadclimber,CAM36695 icaosgctgl1cat,,8/2/2015,7/27/2015,1,Online Search,Web
Treadclimber,CAM37660 icaosbctsl5,7/27/2015,7/27/2015,7/27/2015,1,Online Search,Web
Treadclimber,CAM37660 icaosbctsl5,7/30/2015,7/30/2015,7/27/2015,2,Online Search,Web
Treadclimber,CAM37660 icaosbctsl5,7/31/2015,7/31/2015,7/27/2015,1,Online Search,Web
Treadclimber,CAM37660 icaosbctsl5,8/2/2015,8/2/2015,7/27/2015,2,Online Search,Web
Treadclimber,CAM37661 icaosgctsl5,7/27/2015,7/27/2015,7/27/2015,1,Online Search,Web
Treadclimber,CAM37661 icaosgctsl5,7/30/2015,7/30/2015,7/27/2015,1,Online Search,Web
Treadclimber,CAM37661 icaosgctsl5,7/31/2015,7/31/2015,7/27/2015,1,Online Search,Web
Treadclimber,CAM37661 icaosgctsl5,8/1/2015,8/1/2015,7/27/2015,1,Online Search,Web
Treadclimber,CAM37661 icaosgctsl5,8/2/2015,8/2/2015,7/27/2015,1,Online Search,Web
Treadclimber,CAM37661 icaosgctsl5,,8/2/2015,7/27/2015,1,Online Search,Web
Treadclimber,CAM37864 icaosgctsl6,7/27/2015,7/27/2015,7/27/2015,1,Online Search,Web
Treadclimber,CAM37864 icaosgctsl6,,7/27/2015,7/27/2015,1,Online Search,Web
Treadclimber,CAM37864 icaosgctsl6,7/28/2015,7/28/2015,7/27/2015,1,Online Search,Web
Treadclimber,CAM37864 icaosgctsl6,,7/31/2015,7/27/2015,1,Online Search,Web
Treadclimber,CAM39467 icaosbctsl1,7/27/2015,7/27/2015,7/27/2015,2,Online Search,Web
Treadclimber,CAM39467 icaosbctsl1,,7/27/2015,7/27/2015,1,Online Search,Web
Treadclimber,CAM39467 icaosbctsl1,7/30/2015,7/30/2015,7/27/2015,2,Online Search,Web
Treadclimber,CAM39467 icaosbctsl1,8/2/2015,8/2/2015,7/27/2015,1,Online Search,Web
Treadclimber,CAM40996 icaosbctgl1cat,,7/28/2015,7/27/2015,1,Online Search,Web
Treadclimber,CAM40996 icaosbctgl1cat,8/1/2015,8/1/2015,7/27/2015,1,Online Search,Web
Treadclimber,CAM40997 icaosbctsl6,7/29/2015,7/29/2015,7/27/2015,1,Online Search,Web
Treadclimber,CAM40997 icaosbctsl6,8/1/2015,8/1/2015,7/27/2015,1,Online Search,Web
Treadclimber,CAM41072 icaosbctsl10,7/31/2015,7/31/2015,7/27/2015,1,Online Search,Web
Treadclimber,CAM44489 icaosgctml2,7/27/2015,7/27/2015,7/27/2015,7,Online Search,Web
Treadclimber,CAM44489 icaosgctml2,7/28/2015,7/28/2015,7/27/2015,1,Online Search,Web
Treadclimber,CAM44489 icaosgctml2,7/29/2015,7/29/2015,7/27/2015,2,Online Search,Web
Treadclimber,CAM44489 icaosgctml2,7/30/2015,7/30/2015,7/27/2015,3,Online Search,Web
Treadclimber,CAM44489 icaosgctml2,7/31/2015,7/31/2015,7/27/2015,2,Online Search,Web
Treadclimber,CAM44489 icaosgctml2,8/1/2015,8/1/2015,7/27/2015,4,Online Search,Web
Treadclimber,CAM44489 icaosgctml2,8/2/2015,8/2/2015,7/27/2015,6,Online Search,Web
Treadclimber,CAM44489 icaosgctml2,8/3/2015,8/2/2015,7/27/2015,1,Online Search,Web
Treadclimber,CAM44966 icaosbctml1,7/27/2015,7/27/2015,7/27/2015,1,Online Search,Web
Treadclimber,CAM44966 icaosbctml1,8/4/2015,7/27/2015,7/27/2015,1,Online Search,Web
Treadclimber,CAM44966 icaosbctml1,7/28/2015,7/28/2015,7/27/2015,1,Online Search,Web
Treadclimber,CAM44966 icaosbctml1,7/29/2015,7/29/2015,7/27/2015,1,Online Search,Web
Treadclimber,CAM44966 icaosbctml1,8/2/2015,8/2/2015,7/27/2015,1,Online Search,Web
Treadclimber,CAM45690 SAWICAOSGCE,,7/27/2015,7/27/2015,2,Online Search,Call Center Internal
Treadclimber,CAM45691 SAWICAOSBCE,,7/31/2015,7/27/2015,1,Online Search,Call Center Internal
Treadclimber,CAM47275 ICAOSGCTSL12,7/27/2015,7/27/2015,7/27/2015,1,Online Search,Web
Treadclimber,CAM45437 ICAOFG2TFEED1,,7/28/2015,7/27/2015,2,Online Shopping,Web
Treadclimber,CAM45437 ICAOFG2TFEED1,7/30/2015,7/30/2015,7/27/2015,1,Online Shopping,Web
Treadclimber,CAM35680 INTELEMEDIACA,,7/28/2015,7/27/2015,1,Short Form,Call Center Internal
Treadclimber,CAM35680 INTELEMEDIACA,7/30/2015,7/30/2015,7/27/2015,2,Short Form,Call Center Internal
Treadclimber,CAM35680 INTELEMEDIACA,8/1/2015,8/1/2015,7/27/2015,1,Short Form,Call Center Internal
Treadclimber,CAM35680 INTELEMEDIACA,8/2/2015,8/2/2015,7/27/2015,1,Short Form,Call Center Internal
Treadclimber,CAM44836 CTORC120GRT2HKST,,7/30/2015,7/27/2015,1,Short Form,Call Center Internal
Treadclimber,CAM47459 SPRKC120LADY*KST,8/2/2015,8/2/2015,7/27/2015,1,Short Form,Call Center Internal
Treadclimber,CAM47460 APTNC120LADY*KST,7/30/2015,7/30/2015,7/27/2015,1,Short Form,Call Center Internal
Treadclimber,CAM47461 CHCHC120LADY*KST,7/29/2015,7/29/2015,7/27/2015,1,Short Form,Call Center Internal
Treadclimber,CAM47461 CHCHC120LADY*KST,7/30/2015,7/30/2015,7/27/2015,5,Short Form,Call Center Internal
Treadclimber,CAM47461 CHCHC120LADY*KST,7/31/2015,7/31/2015,7/27/2015,1,Short Form,Call Center Internal
Treadclimber,CAM47464 COSMC120LADY*KST,8/2/2015,8/2/2015,7/27/2015,1,Short Form,Call Center Internal
Treadclimber,CAM47465 DOCUC120LADY*KST,7/27/2015,7/27/2015,7/27/2015,1,Short Form,Call Center Internal
Treadclimber,CAM47466 GAMCC120LADY*KST,7/27/2015,7/27/2015,7/27/2015,1,Short Form,Call Center Internal
Treadclimber,CAM47466 GAMCC120LADY*KST,8/2/2015,8/2/2015,7/27/2015,1,Short Form,Call Center Internal
Treadclimber,CAM47468 NGEOC120LADY*KST,7/31/2015,7/31/2015,7/27/2015,1,Short Form,Call Center Internal
Treadclimber,CAM47469 NGW*C120LADY*KST,,8/2/2015,7/27/2015,1,Short Form,Call Center Internal
Treadclimber,CAM47474 TSN*C120LADY*KST,8/2/2015,8/2/2015,7/27/2015,1,Short Form,Call Center Internal
Treadclimber,CAM47476 VISNC120LADY*KST,7/27/2015,7/27/2015,7/27/2015,1,Short Form,Call Center Internal
Treadclimber,CAM47476 VISNC120LADY*KST,7/28/2015,7/28/2015,7/27/2015,1,Short Form,Call Center Internal
Treadclimber,CAM47477 WCVBC120LADY*KST,7/30/2015,7/30/2015,7/27/2015,1,Short Form,Call Center Internal
Treadclimber,CAM47480 WNCAC120LADY*KST,8/2/2015,8/2/2015,7/27/2015,1,Short Form,Call Center Internal
Treadclimber,CAM47579 FYI*C120LADY*KST,7/29/2015,7/29/2015,7/27/2015,1,Short Form,Call Center Internal
Treadclimber,CAM47706 ANMLC120LADY*KST,7/31/2015,7/31/2015,7/27/2015,2,Short Form,Call Center Internal
Treadclimber,CAM47707 WMOVC120LADY*KST,7/29/2015,7/29/2015,7/27/2015,1,Short Form,Call Center Internal
Treadclimber,CAM40825 1800TREADCLIMBER,7/30/2015,7/30/2015,7/27/2015,1,Un-Sourced,Call Center Internal
Treadclimber,CAM40825 1800TREADCLIMBER,8/2/2015,8/2/2015,7/27/2015,1,Un-Sourced,Call Center Internal
Treadclimber,CAM45327 1800MAXTRAINER,,8/1/2015,7/27/2015,1,Un-Sourced,Call Center Internal
Treadclimber,CAM45327 1800MAXTRAINER,,8/2/2015,7/27/2015,1,Un-Sourced,Call Center Internal
Treadclimber,CAM27557 Bowflex Catalog,,8/6/2015,8/3/2015,1,Catalog,Call Center Internal
Treadclimber,CAM30971 icastsf09buytc,8/3/2015,8/3/2015,8/3/2015,1,Electronic - Short Form,Web
Treadclimber,CAM36732 icastsf12a,8/7/2015,8/7/2015,8/3/2015,1,Electronic - Short Form,Web
Treadclimber,CAM36732 icastsf12a,,8/9/2015,8/3/2015,1,Electronic - Short Form,Web
Treadclimber,CAM37204 icastsf12b,8/4/2015,8/4/2015,8/3/2015,2,Electronic - Short Form,Web
Treadclimber,CAM37204 icastsf12b,8/6/2015,8/6/2015,8/3/2015,1,Electronic - Short Form,Web
Treadclimber,CAM37204 icastsf12b,8/7/2015,8/7/2015,8/3/2015,1,Electronic - Short Form,Web
Treadclimber,CAM47456 ICASTSF15B,8/3/2015,8/3/2015,8/3/2015,25,Electronic - Short Form,Web
Treadclimber,CAM47456 ICASTSF15B,,8/3/2015,8/3/2015,1,Electronic - Short Form,Web
Treadclimber,CAM47456 ICASTSF15B,8/4/2015,8/4/2015,8/3/2015,18,Electronic - Short Form,Web
Treadclimber,CAM47456 ICASTSF15B,,8/4/2015,8/3/2015,1,Electronic - Short Form,Web
Treadclimber,CAM47456 ICASTSF15B,8/5/2015,8/5/2015,8/3/2015,18,Electronic - Short Form,Web
Treadclimber,CAM47456 ICASTSF15B,,8/5/2015,8/3/2015,1,Electronic - Short Form,Web
Treadclimber,CAM47456 ICASTSF15B,8/6/2015,8/6/2015,8/3/2015,39,Electronic - Short Form,Web
Treadclimber,CAM47456 ICASTSF15B,8/7/2015,8/7/2015,8/3/2015,46,Electronic - Short Form,Web
Treadclimber,CAM47456 ICASTSF15B,8/8/2015,8/7/2015,8/3/2015,1,Electronic - Short Form,Web
Treadclimber,CAM47456 ICASTSF15B,,8/7/2015,8/3/2015,2,Electronic - Short Form,Web
Treadclimber,CAM47456 ICASTSF15B,8/8/2015,8/8/2015,8/3/2015,35,Electronic - Short Form,Web
Treadclimber,CAM47456 ICASTSF15B,8/24/2015,8/8/2015,8/3/2015,1,Electronic - Short Form,Web
Treadclimber,CAM47456 ICASTSF15B,8/9/2015,8/9/2015,8/3/2015,68,Electronic - Short Form,Web
Treadclimber,CAM47896 ICASTSF15C,8/5/2015,8/5/2015,8/3/2015,1,Electronic - Short Form,Web
Treadclimber,CAM47896 ICASTSF15C,8/7/2015,8/7/2015,8/3/2015,4,Electronic - Short Form,Web
Treadclimber,CAM133 1800BOWFLEX_TRC,,8/3/2015,8/3/2015,1,Electronic - UnSourced,Call Center Internal
Treadclimber,CAM28491 icat1sitecat,8/4/2015,8/4/2015,8/3/2015,1,Electronic - UnSourced,Web
Treadclimber,CAM28491 icat1sitecat,8/21/2015,8/4/2015,8/3/2015,1,Electronic - UnSourced,Web
Treadclimber,CAM28491 icat1sitecat,8/5/2015,8/5/2015,8/3/2015,1,Electronic - UnSourced,Web
Treadclimber,CAM28491 icat1sitecat,,8/5/2015,8/3/2015,1,Electronic - UnSourced,Web
Treadclimber,CAM28491 icat1sitecat,8/6/2015,8/6/2015,8/3/2015,1,Electronic - UnSourced,Web
Treadclimber,CAM28491 icat1sitecat,,8/6/2015,8/3/2015,1,Electronic - UnSourced,Web
Treadclimber,CAM28491 icat1sitecat,8/7/2015,8/7/2015,8/3/2015,1,Electronic - UnSourced,Web
Treadclimber,CAM28491 icat1sitecat,8/8/2015,8/8/2015,8/3/2015,1,Electronic - UnSourced,Web
Treadclimber,CAM28491 icat1sitecat,8/9/2015,8/9/2015,8/3/2015,1,Electronic - UnSourced,Web
Treadclimber,CAM40760 ICATHOME,8/3/2015,8/3/2015,8/3/2015,16,Electronic - UnSourced,Web
Treadclimber,CAM40760 ICATHOME,8/4/2015,8/4/2015,8/3/2015,22,Electronic - UnSourced,Web
Treadclimber,CAM40760 ICATHOME,,8/4/2015,8/3/2015,1,Electronic - UnSourced,Web
Treadclimber,CAM40760 ICATHOME,8/5/2015,8/5/2015,8/3/2015,13,Electronic - UnSourced,Web
Treadclimber,CAM40760 ICATHOME,,8/5/2015,8/3/2015,3,Electronic - UnSourced,Web
Treadclimber,CAM40760 ICATHOME,8/6/2015,8/6/2015,8/3/2015,12,Electronic - UnSourced,Web
Treadclimber,CAM40760 ICATHOME,,8/6/2015,8/3/2015,1,Electronic - UnSourced,Web
Treadclimber,CAM40760 ICATHOME,8/7/2015,8/7/2015,8/3/2015,25,Electronic - UnSourced,Web
Treadclimber,CAM40760 ICATHOME,,8/7/2015,8/3/2015,3,Electronic - UnSourced,Web
Treadclimber,CAM40760 ICATHOME,8/8/2015,8/8/2015,8/3/2015,15,Electronic - UnSourced,Web
Treadclimber,CAM40760 ICATHOME,8/9/2015,8/9/2015,8/3/2015,30,Electronic - UnSourced,Web
Treadclimber,CAM40760 ICATHOME,8/11/2015,8/9/2015,8/3/2015,1,Electronic - UnSourced,Web
Treadclimber,CAM40760 ICATHOME,8/21/2015,8/9/2015,8/3/2015,1,Electronic - UnSourced,Web
Treadclimber,CAM40760 ICATHOME,,8/9/2015,8/3/2015,1,Electronic - UnSourced,Web
Treadclimber,CAM44626 1800BOWFLEX_BMT,,8/3/2015,8/3/2015,1,Electronic - UnSourced,Call Center Internal
Treadclimber,CAM44626 1800BOWFLEX_BMT,,8/7/2015,8/3/2015,1,Electronic - UnSourced,Call Center Internal
Treadclimber,CAM44626 1800BOWFLEX_BMT,,8/9/2015,8/3/2015,1,Electronic - UnSourced,Call Center Internal
Treadclimber,CAM45632 ICAEE1SITECMT,,8/3/2015,8/3/2015,1,Electronic - UnSourced,Web
Treadclimber,CAM45699 SAWICAEEMAX,,8/5/2015,8/3/2015,1,Electronic - UnSourced,Call Center Internal
Treadclimber,CAM45699 SAWICAEEMAX,,8/9/2015,8/3/2015,1,Electronic - UnSourced,Call Center Internal
Treadclimber,CAM41253 icaodaktdl3,8/3/2015,8/3/2015,8/3/2015,4,Online Display,Web
Treadclimber,CAM41253 icaodaktdl3,8/4/2015,8/4/2015,8/3/2015,2,Online Display,Web
Treadclimber,CAM41253 icaodaktdl3,,8/6/2015,8/3/2015,1,Online Display,Web
Treadclimber,CAM41253 icaodaktdl3,8/7/2015,8/7/2015,8/3/2015,1,Online Display,Web
Treadclimber,CAM41253 icaodaktdl3,8/8/2015,8/8/2015,8/3/2015,3,Online Display,Web
Treadclimber,CAM30841 icaosgctsl2,8/3/2015,8/3/2015,8/3/2015,5,Online Search,Web
Treadclimber,CAM30841 icaosgctsl2,,8/3/2015,8/3/2015,1,Online Search,Web
Treadclimber,CAM30841 icaosgctsl2,8/4/2015,8/4/2015,8/3/2015,4,Online Search,Web
Treadclimber,CAM30841 icaosgctsl2,,8/4/2015,8/3/2015,1,Online Search,Web
Treadclimber,CAM30841 icaosgctsl2,8/5/2015,8/5/2015,8/3/2015,10,Online Search,Web
Treadclimber,CAM30841 icaosgctsl2,,8/5/2015,8/3/2015,2,Online Search,Web
Treadclimber,CAM30841 icaosgctsl2,8/6/2015,8/6/2015,8/3/2015,6,Online Search,Web
Treadclimber,CAM30841 icaosgctsl2,8/7/2015,8/7/2015,8/3/2015,2,Online Search,Web
Treadclimber,CAM30841 icaosgctsl2,8/8/2015,8/8/2015,8/3/2015,4,Online Search,Web
Treadclimber,CAM30841 icaosgctsl2,,8/8/2015,8/3/2015,2,Online Search,Web
Treadclimber,CAM30841 icaosgctsl2,8/9/2015,8/9/2015,8/3/2015,9,Online Search,Web
Treadclimber,CAM30842 icaosgctsl3,8/3/2015,8/3/2015,8/3/2015,1,Online Search,Web
Treadclimber,CAM30842 icaosgctsl3,8/16/2015,8/3/2015,8/3/2015,1,Online Search,Web
Treadclimber,CAM30842 icaosgctsl3,8/7/2015,8/7/2015,8/3/2015,2,Online Search,Web
Treadclimber,CAM30842 icaosgctsl3,8/8/2015,8/8/2015,8/3/2015,1,Online Search,Web
Treadclimber,CAM30842 icaosgctsl3,8/9/2015,8/9/2015,8/3/2015,4,Online Search,Web
Treadclimber,CAM30891 SAWICAOSGCW,,8/5/2015,8/3/2015,1,Online Search,Call Center Internal
Treadclimber,CAM30896 SAWICAOSGCT,8/4/2015,8/4/2015,8/3/2015,1,Online Search,Call Center Internal
Treadclimber,CAM30896 SAWICAOSGCT,,8/6/2015,8/3/2015,1,Online Search,Call Center Internal
Treadclimber,CAM36695 icaosgctgl1cat,8/3/2015,8/3/2015,8/3/2015,1,Online Search,Web
Treadclimber,CAM36695 icaosgctgl1cat,8/8/2015,8/8/2015,8/3/2015,1,Online Search,Web
Treadclimber,CAM36695 icaosgctgl1cat,,8/9/2015,8/3/2015,1,Online Search,Web
Treadclimber,CAM37660 icaosbctsl5,8/4/2015,8/4/2015,8/3/2015,1,Online Search,Web
Treadclimber,CAM37660 icaosbctsl5,8/9/2015,8/9/2015,8/3/2015,1,Online Search,Web
Treadclimber,CAM37661 icaosgctsl5,8/3/2015,8/3/2015,8/3/2015,1,Online Search,Web
Treadclimber,CAM37661 icaosgctsl5,8/5/2015,8/5/2015,8/3/2015,1,Online Search,Web
Treadclimber,CAM37661 icaosgctsl5,8/6/2015,8/6/2015,8/3/2015,1,Online Search,Web
Treadclimber,CAM37661 icaosgctsl5,8/9/2015,8/9/2015,8/3/2015,1,Online Search,Web
Treadclimber,CAM37661 icaosgctsl5,,8/9/2015,8/3/2015,1,Online Search,Web
Treadclimber,CAM37865 icaosgctsl7,,8/4/2015,8/3/2015,1,Online Search,Call Center Internal
Treadclimber,CAM37865 icaosgctsl7,,8/6/2015,8/3/2015,1,Online Search,Web
Treadclimber,CAM39467 icaosbctsl1,8/3/2015,8/3/2015,8/3/2015,2,Online Search,Web
Treadclimber,CAM39467 icaosbctsl1,8/6/2015,8/6/2015,8/3/2015,1,Online Search,Web
Treadclimber,CAM39467 icaosbctsl1,8/8/2015,8/8/2015,8/3/2015,1,Online Search,Web
Treadclimber,CAM39467 icaosbctsl1,8/9/2015,8/9/2015,8/3/2015,2,Online Search,Web
Treadclimber,CAM40996 icaosbctgl1cat,,8/3/2015,8/3/2015,1,Online Search,Web
Treadclimber,CAM40996 icaosbctgl1cat,8/4/2015,8/4/2015,8/3/2015,2,Online Search,Web
Treadclimber,CAM40996 icaosbctgl1cat,8/6/2015,8/6/2015,8/3/2015,1,Online Search,Web
Treadclimber,CAM40996 icaosbctgl1cat,8/8/2015,8/8/2015,8/3/2015,1,Online Search,Web
Treadclimber,CAM40997 icaosbctsl6,8/6/2015,8/6/2015,8/3/2015,1,Online Search,Web
Treadclimber,CAM40997 icaosbctsl6,8/9/2015,8/9/2015,8/3/2015,1,Online Search,Web
Treadclimber,CAM44489 icaosgctml2,8/3/2015,8/3/2015,8/3/2015,1,Online Search,Web
Treadclimber,CAM44489 icaosgctml2,8/4/2015,8/4/2015,8/3/2015,3,Online Search,Web
Treadclimber,CAM44489 icaosgctml2,8/5/2015,8/5/2015,8/3/2015,7,Online Search,Web
Treadclimber,CAM44489 icaosgctml2,8/6/2015,8/6/2015,8/3/2015,5,Online Search,Web
Treadclimber,CAM44489 icaosgctml2,,8/6/2015,8/3/2015,1,Online Search,Web
Treadclimber,CAM44489 icaosgctml2,8/7/2015,8/7/2015,8/3/2015,3,Online Search,Web
Treadclimber,CAM44489 icaosgctml2,8/8/2015,8/8/2015,8/3/2015,4,Online Search,Web
Treadclimber,CAM44489 icaosgctml2,8/9/2015,8/9/2015,8/3/2015,7,Online Search,Web
Treadclimber,CAM44489 icaosgctml2,,8/9/2015,8/3/2015,2,Online Search,Web
Treadclimber,CAM44966 icaosbctml1,8/9/2015,8/9/2015,8/3/2015,1,Online Search,Web
Treadclimber,CAM45624 ICAOSGCESL2,,8/3/2015,8/3/2015,2,Online Search,Web
Treadclimber,CAM45624 ICAOSGCESL2,,8/6/2015,8/3/2015,3,Online Search,Web
Treadclimber,CAM45624 ICAOSGCESL2,,8/8/2015,8/3/2015,1,Online Search,Web
Treadclimber,CAM45626 ICAOSGCEML2,,8/7/2015,8/3/2015,1,Online Search,Web
Treadclimber,CAM45633 ICAOSGCEGL1CMT,,8/9/2015,8/3/2015,1,Online Search,Web
Treadclimber,CAM45634 ICAOSBCEGL1CMT,,8/9/2015,8/3/2015,1,Online Search,Web
Treadclimber,CAM45690 SAWICAOSGCE,,8/4/2015,8/3/2015,1,Online Search,Call Center Internal
Treadclimber,CAM45691 SAWICAOSBCE,,8/5/2015,8/3/2015,1,Online Search,Call Center Internal
Treadclimber,CAM47275 ICAOSGCTSL12,8/3/2015,8/3/2015,8/3/2015,1,Online Search,Web
Treadclimber,CAM47275 ICAOSGCTSL12,8/7/2015,8/7/2015,8/3/2015,1,Online Search,Web
Treadclimber,CAM47275 ICAOSGCTSL12,8/9/2015,8/9/2015,8/3/2015,1,Online Search,Web
Treadclimber,CAM45437 ICAOFG2TFEED1,,8/9/2015,8/3/2015,1,Online Shopping,Web
Treadclimber,CAM35680 INTELEMEDIACA,8/3/2015,8/3/2015,8/3/2015,1,Short Form,Call Center Internal
Treadclimber,CAM35680 INTELEMEDIACA,,8/5/2015,8/3/2015,2,Short Form,Call Center Internal
Treadclimber,CAM47338 VEL*C120HAMF*KST,,8/4/2015,8/3/2015,1,Short Form,Call Center Internal
Treadclimber,CAM47344 SPKEN120ALOBYTIC,8/4/2015,8/4/2015,8/3/2015,1,Short Form,Call Center Internal
Treadclimber,CAM47346 METVN120ALOBYTIC,8/9/2015,8/9/2015,8/3/2015,1,Short Form,Call Center Internal
Treadclimber,CAM47460 APTNC120LADY*KST,8/4/2015,8/4/2015,8/3/2015,2,Short Form,Call Center Internal
Treadclimber,CAM47460 APTNC120LADY*KST,8/5/2015,8/5/2015,8/3/2015,1,Short Form,Call Center Internal
Treadclimber,CAM47460 APTNC120LADY*KST,8/6/2015,8/6/2015,8/3/2015,1,Short Form,Call Center Internal
Treadclimber,CAM47460 APTNC120LADY*KST,8/9/2015,8/9/2015,8/3/2015,1,Short Form,Call Center Internal
Treadclimber,CAM47461 CHCHC120LADY*KST,8/3/2015,8/3/2015,8/3/2015,1,Short Form,Call Center Internal
Treadclimber,CAM47461 CHCHC120LADY*KST,8/9/2015,8/9/2015,8/3/2015,2,Short Form,Call Center Internal
Treadclimber,CAM47468 NGEOC120LADY*KST,8/7/2015,8/7/2015,8/3/2015,1,Short Form,Call Center Internal
Treadclimber,CAM47469 NGW*C120LADY*KST,8/3/2015,8/3/2015,8/3/2015,1,Short Form,Call Center Internal
Treadclimber,CAM47469 NGW*C120LADY*KST,8/4/2015,8/4/2015,8/3/2015,2,Short Form,Call Center Internal
Treadclimber,CAM47469 NGW*C120LADY*KST,8/7/2015,8/7/2015,8/3/2015,1,Short Form,Call Center Internal
Treadclimber,CAM47469 NGW*C120LADY*KST,8/8/2015,8/8/2015,8/3/2015,1,Short Form,Call Center Internal
Treadclimber,CAM47474 TSN*C120LADY*KST,8/5/2015,8/5/2015,8/3/2015,1,Short Form,Call Center Internal
Treadclimber,CAM47474 TSN*C120LADY*KST,8/6/2015,8/6/2015,8/3/2015,2,Short Form,Call Center Internal
Treadclimber,CAM47476 VISNC120LADY*KST,8/3/2015,8/3/2015,8/3/2015,1,Short Form,Call Center Internal
Treadclimber,CAM47477 WCVBC120LADY*KST,8/6/2015,8/6/2015,8/3/2015,1,Short Form,Call Center Internal
Treadclimber,CAM47480 WNCAC120LADY*KST,8/5/2015,8/5/2015,8/3/2015,2,Short Form,Call Center Internal
Treadclimber,CAM47480 WNCAC120LADY*KST,8/7/2015,8/7/2015,8/3/2015,1,Short Form,Call Center Internal
Treadclimber,CAM47581 IFC*C120LADY*KST,,8/4/2015,8/3/2015,1,Short Form,Call Center Internal
Treadclimber,CAM47582 LIFEC120LADY*KST,8/8/2015,8/8/2015,8/3/2015,1,Short Form,Call Center Internal
Treadclimber,CAM47675 CANCC120LADY*KST,8/7/2015,8/7/2015,8/3/2015,1,Short Form,Call Center Internal
Treadclimber,CAM47675 CANCC120LADY*KST,8/8/2015,8/8/2015,8/3/2015,1,Short Form,Call Center Internal
Treadclimber,CAM47706 ANMLC120LADY*KST,8/5/2015,8/5/2015,8/3/2015,1,Short Form,Call Center Internal
Treadclimber,CAM47939 CTYTC60*LADY*KST,8/7/2015,8/7/2015,8/3/2015,1,Short Form,Call Center Internal
Treadclimber,CAM28157 SALESFOLLOWUP,,8/6/2015,8/3/2015,1,Un-Sourced,Call Center Internal
Treadclimber,CAM45327 1800MAXTRAINER,,8/3/2015,8/3/2015,1,Un-Sourced,Call Center Internal
Treadclimber,CAM45327 1800MAXTRAINER,,8/6/2015,8/3/2015,1,Un-Sourced,Call Center Internal
Treadclimber,CAM45327 1800MAXTRAINER,,8/7/2015,8/3/2015,2,Un-Sourced,Call Center Internal
Treadclimber,CAM27557 Bowflex Catalog,,8/13/2015,8/10/2015,1,Catalog,Call Center Internal
Treadclimber,CAM36732 icastsf12a,8/12/2015,8/12/2015,8/10/2015,1,Electronic - Short Form,Web
Treadclimber,CAM37204 icastsf12b,8/13/2015,8/13/2015,8/10/2015,1,Electronic - Short Form,Web
Treadclimber,CAM37204 icastsf12b,8/14/2015,8/14/2015,8/10/2015,1,Electronic - Short Form,Web
Treadclimber,CAM37204 icastsf12b,8/16/2015,8/16/2015,8/10/2015,1,Electronic - Short Form,Web
Treadclimber,CAM47146 ICASTSF15A,8/14/2015,8/14/2015,8/10/2015,1,Electronic - Short Form,Web
Treadclimber,CAM47456 ICASTSF15B,8/10/2015,8/10/2015,8/10/2015,20,Electronic - Short Form,Web
Treadclimber,CAM47456 ICASTSF15B,8/27/2015,8/10/2015,8/10/2015,1,Electronic - Short Form,Web
Treadclimber,CAM47456 ICASTSF15B,8/11/2015,8/11/2015,8/10/2015,28,Electronic - Short Form,Web
Treadclimber,CAM47456 ICASTSF15B,8/12/2015,8/12/2015,8/10/2015,15,Electronic - Short Form,Web
Treadclimber,CAM47456 ICASTSF15B,8/13/2015,8/13/2015,8/10/2015,19,Electronic - Short Form,Web
Treadclimber,CAM47456 ICASTSF15B,8/20/2015,8/13/2015,8/10/2015,1,Electronic - Short Form,Web
Treadclimber,CAM47456 ICASTSF15B,,8/13/2015,8/10/2015,2,Electronic - Short Form,Web
Treadclimber,CAM47456 ICASTSF15B,8/14/2015,8/14/2015,8/10/2015,14,Electronic - Short Form,Web
Treadclimber,CAM47456 ICASTSF15B,8/15/2015,8/15/2015,8/10/2015,27,Electronic - Short Form,Web
Treadclimber,CAM47456 ICASTSF15B,8/16/2015,8/16/2015,8/10/2015,51,Electronic - Short Form,Web
Treadclimber,CAM47896 ICASTSF15C,8/11/2015,8/11/2015,8/10/2015,1,Electronic - Short Form,Web
Treadclimber,CAM47896 ICASTSF15C,8/12/2015,8/12/2015,8/10/2015,1,Electronic - Short Form,Web
Treadclimber,CAM47896 ICASTSF15C,8/13/2015,8/13/2015,8/10/2015,1,Electronic - Short Form,Web
Treadclimber,CAM47896 ICASTSF15C,8/14/2015,8/14/2015,8/10/2015,1,Electronic - Short Form,Web
Treadclimber,CAM47896 ICASTSF15C,8/15/2015,8/15/2015,8/10/2015,1,Electronic - Short Form,Web
Treadclimber,CAM47896 ICASTSF15C,8/16/2015,8/16/2015,8/10/2015,3,Electronic - Short Form,Web
Treadclimber,CAM132 1800BOWFLEX_CAT,,8/10/2015,8/10/2015,1,Electronic - UnSourced,Call Center Internal
Treadclimber,CAM132 1800BOWFLEX_CAT,,8/14/2015,8/10/2015,1,Electronic - UnSourced,Call Center Internal
Treadclimber,CAM132 1800BOWFLEX_CAT,,8/15/2015,8/10/2015,1,Electronic - UnSourced,Call Center Internal
Treadclimber,CAM133 1800BOWFLEX_TRC,,8/14/2015,8/10/2015,1,Electronic - UnSourced,Call Center Internal
Treadclimber,CAM28491 icat1sitecat,8/10/2015,8/10/2015,8/10/2015,3,Electronic - UnSourced,Web
Treadclimber,CAM28491 icat1sitecat,,8/10/2015,8/10/2015,1,Electronic - UnSourced,Web
Treadclimber,CAM28491 icat1sitecat,8/11/2015,8/11/2015,8/10/2015,4,Electronic - UnSourced,Web
Treadclimber,CAM28491 icat1sitecat,8/13/2015,8/13/2015,8/10/2015,2,Electronic - UnSourced,Web
Treadclimber,CAM28491 icat1sitecat,,8/16/2015,8/10/2015,1,Electronic - UnSourced,Web
Treadclimber,CAM40760 ICATHOME,8/11/2015,8/11/2015,8/10/2015,1,Electronic - UnSourced,Call Center Internal
Treadclimber,CAM40760 ICATHOME,8/10/2015,8/10/2015,8/10/2015,12,Electronic - UnSourced,Web
Treadclimber,CAM40760 ICATHOME,,8/10/2015,8/10/2015,4,Electronic - UnSourced,Web
Treadclimber,CAM40760 ICATHOME,8/11/2015,8/11/2015,8/10/2015,23,Electronic - UnSourced,Web
Treadclimber,CAM40760 ICATHOME,,8/11/2015,8/10/2015,2,Electronic - UnSourced,Web
Treadclimber,CAM40760 ICATHOME,8/12/2015,8/12/2015,8/10/2015,15,Electronic - UnSourced,Web
Treadclimber,CAM40760 ICATHOME,8/13/2015,8/13/2015,8/10/2015,13,Electronic - UnSourced,Web
Treadclimber,CAM40760 ICATHOME,9/3/2015,8/13/2015,8/10/2015,1,Electronic - UnSourced,Web
Treadclimber,CAM40760 ICATHOME,,8/13/2015,8/10/2015,5,Electronic - UnSourced,Web
Treadclimber,CAM40760 ICATHOME,8/14/2015,8/14/2015,8/10/2015,13,Electronic - UnSourced,Web
Treadclimber,CAM40760 ICATHOME,8/15/2015,8/14/2015,8/10/2015,1,Electronic - UnSourced,Web
Treadclimber,CAM40760 ICATHOME,,8/14/2015,8/10/2015,4,Electronic - UnSourced,Web
Treadclimber,CAM40760 ICATHOME,8/15/2015,8/15/2015,8/10/2015,19,Electronic - UnSourced,Web
Treadclimber,CAM40760 ICATHOME,,8/15/2015,8/10/2015,2,Electronic - UnSourced,Web
Treadclimber,CAM40760 ICATHOME,8/16/2015,8/16/2015,8/10/2015,34,Electronic - UnSourced,Web
Treadclimber,CAM40760 ICATHOME,,8/16/2015,8/10/2015,4,Electronic - UnSourced,Web
Treadclimber,CAM44626 1800BOWFLEX_BMT,,8/11/2015,8/10/2015,1,Electronic - UnSourced,Call Center Internal
Treadclimber,CAM44626 1800BOWFLEX_BMT,,8/15/2015,8/10/2015,1,Electronic - UnSourced,Call Center Internal
Treadclimber,CAM45632 ICAEE1SITECMT,,8/12/2015,8/10/2015,1,Electronic - UnSourced,Web
Treadclimber,CAM45632 ICAEE1SITECMT,,8/16/2015,8/10/2015,1,Electronic - UnSourced,Web
Treadclimber,CAM41253 icaodaktdl3,8/10/2015,8/10/2015,8/10/2015,1,Online Display,Web
Treadclimber,CAM41253 icaodaktdl3,8/11/2015,8/11/2015,8/10/2015,1,Online Display,Web
Treadclimber,CAM41253 icaodaktdl3,8/13/2015,8/13/2015,8/10/2015,1,Online Display,Web
Treadclimber,CAM41253 icaodaktdl3,8/14/2015,8/14/2015,8/10/2015,1,Online Display,Web
Treadclimber,CAM41253 icaodaktdl3,8/16/2015,8/16/2015,8/10/2015,2,Online Display,Web
Treadclimber,CAM45912 ICAODAKEDL1,,8/12/2015,8/10/2015,1,Online Display,Web
Treadclimber,CAM2577 icaosgctsl1_NLS,,8/11/2015,8/10/2015,1,Online Search,Call Center Internal
Treadclimber,CAM30841 icaosgctsl2,8/15/2015,8/15/2015,8/10/2015,1,Online Search,Call Center Internal
Treadclimber,CAM30841 icaosgctsl2,8/10/2015,8/10/2015,8/10/2015,6,Online Search,Web
Treadclimber,CAM30841 icaosgctsl2,,8/10/2015,8/10/2015,1,Online Search,Web
Treadclimber,CAM30841 icaosgctsl2,8/11/2015,8/11/2015,8/10/2015,10,Online Search,Web
Treadclimber,CAM30841 icaosgctsl2,,8/11/2015,8/10/2015,1,Online Search,Web
Treadclimber,CAM30841 icaosgctsl2,8/12/2015,8/12/2015,8/10/2015,3,Online Search,Web
Treadclimber,CAM30841 icaosgctsl2,,8/12/2015,8/10/2015,3,Online Search,Web
Treadclimber,CAM30841 icaosgctsl2,8/13/2015,8/13/2015,8/10/2015,4,Online Search,Web
Treadclimber,CAM30841 icaosgctsl2,,8/13/2015,8/10/2015,3,Online Search,Web
Treadclimber,CAM30841 icaosgctsl2,8/14/2015,8/14/2015,8/10/2015,2,Online Search,Web
Treadclimber,CAM30841 icaosgctsl2,,8/14/2015,8/10/2015,1,Online Search,Web
Treadclimber,CAM30841 icaosgctsl2,8/15/2015,8/15/2015,8/10/2015,4,Online Search,Web
Treadclimber,CAM30841 icaosgctsl2,,8/15/2015,8/10/2015,1,Online Search,Web
Treadclimber,CAM30841 icaosgctsl2,8/16/2015,8/16/2015,8/10/2015,3,Online Search,Web
Treadclimber,CAM30841 icaosgctsl2,8/17/2015,8/16/2015,8/10/2015,1,Online Search,Web
Treadclimber,CAM30841 icaosgctsl2,,8/16/2015,8/10/2015,2,Online Search,Web
Treadclimber,CAM30842 icaosgctsl3,8/12/2015,8/12/2015,8/10/2015,2,Online Search,Web
Treadclimber,CAM30842 icaosgctsl3,8/13/2015,8/13/2015,8/10/2015,2,Online Search,Web
Treadclimber,CAM30842 icaosgctsl3,8/15/2015,8/15/2015,8/10/2015,1,Online Search,Web
Treadclimber,CAM30891 SAWICAOSGCW,,8/10/2015,8/10/2015,1,Online Search,Call Center Internal
Treadclimber,CAM36695 icaosgctgl1cat,8/11/2015,8/11/2015,8/10/2015,2,Online Search,Web
Treadclimber,CAM36695 icaosgctgl1cat,8/13/2015,8/13/2015,8/10/2015,2,Online Search,Web
Treadclimber,CAM36695 icaosgctgl1cat,,8/13/2015,8/10/2015,1,Online Search,Web
Treadclimber,CAM36695 icaosgctgl1cat,8/15/2015,8/15/2015,8/10/2015,1,Online Search,Web
Treadclimber,CAM37608 SAWICAOSBCT,,8/10/2015,8/10/2015,1,Online Search,Call Center Internal
Treadclimber,CAM37660 icaosbctsl5,8/10/2015,8/10/2015,8/10/2015,1,Online Search,Web
Treadclimber,CAM37660 icaosbctsl5,8/13/2015,8/13/2015,8/10/2015,1,Online Search,Web
Treadclimber,CAM37660 icaosbctsl5,8/14/2015,8/14/2015,8/10/2015,2,Online Search,Web
Treadclimber,CAM37660 icaosbctsl5,8/15/2015,8/15/2015,8/10/2015,1,Online Search,Web
Treadclimber,CAM37661 icaosgctsl5,8/10/2015,8/10/2015,8/10/2015,2,Online Search,Web
Treadclimber,CAM37661 icaosgctsl5,8/11/2015,8/11/2015,8/10/2015,2,Online Search,Web
Treadclimber,CAM37661 icaosgctsl5,8/14/2015,8/14/2015,8/10/2015,1,Online Search,Web
Treadclimber,CAM37661 icaosgctsl5,,8/14/2015,8/10/2015,1,Online Search,Web
Treadclimber,CAM37661 icaosgctsl5,8/15/2015,8/15/2015,8/10/2015,1,Online Search,Web
Treadclimber,CAM37661 icaosgctsl5,,8/16/2015,8/10/2015,1,Online Search,Web
Treadclimber,CAM37864 icaosgctsl6,,8/12/2015,8/10/2015,1,Online Search,Web
Treadclimber,CAM37864 icaosgctsl6,,8/13/2015,8/10/2015,1,Online Search,Web
Treadclimber,CAM37864 icaosgctsl6,,8/16/2015,8/10/2015,1,Online Search,Web
Treadclimber,CAM37865 icaosgctsl7,,8/10/2015,8/10/2015,1,Online Search,Web
Treadclimber,CAM37865 icaosgctsl7,8/12/2015,8/12/2015,8/10/2015,1,Online Search,Web
Treadclimber,CAM37865 icaosgctsl7,8/14/2015,8/14/2015,8/10/2015,1,Online Search,Web
Treadclimber,CAM39467 icaosbctsl1,,8/10/2015,8/10/2015,1,Online Search,Web
Treadclimber,CAM39467 icaosbctsl1,8/11/2015,8/11/2015,8/10/2015,2,Online Search,Web
Treadclimber,CAM39467 icaosbctsl1,8/13/2015,8/13/2015,8/10/2015,2,Online Search,Web
Treadclimber,CAM39467 icaosbctsl1,8/16/2015,8/16/2015,8/10/2015,1,Online Search,Web
Treadclimber,CAM40996 icaosbctgl1cat,8/10/2015,8/10/2015,8/10/2015,1,Online Search,Web
Treadclimber,CAM40997 icaosbctsl6,8/11/2015,8/11/2015,8/10/2015,1,Online Search,Web
Treadclimber,CAM40997 icaosbctsl6,8/13/2015,8/13/2015,8/10/2015,1,Online Search,Web
Treadclimber,CAM40998 icaosbctsl7,,8/12/2015,8/10/2015,1,Online Search,Web
Treadclimber,CAM40999 icaosbctsl8,8/13/2015,8/13/2015,8/10/2015,1,Online Search,Web
Treadclimber,CAM44489 icaosgctml2,8/10/2015,8/10/2015,8/10/2015,2,Online Search,Web
Treadclimber,CAM44489 icaosgctml2,8/11/2015,8/11/2015,8/10/2015,6,Online Search,Web
Treadclimber,CAM44489 icaosgctml2,8/12/2015,8/12/2015,8/10/2015,3,Online Search,Web
Treadclimber,CAM44489 icaosgctml2,8/13/2015,8/13/2015,8/10/2015,3,Online Search,Web
Treadclimber,CAM44489 icaosgctml2,9/3/2015,8/13/2015,8/10/2015,1,Online Search,Web
Treadclimber,CAM44489 icaosgctml2,,8/13/2015,8/10/2015,1,Online Search,Web
Treadclimber,CAM44489 icaosgctml2,8/15/2015,8/15/2015,8/10/2015,5,Online Search,Web
Treadclimber,CAM44489 icaosgctml2,8/16/2015,8/16/2015,8/10/2015,4,Online Search,Web
Treadclimber,CAM44966 icaosbctml1,8/11/2015,8/11/2015,8/10/2015,1,Online Search,Web
Treadclimber,CAM44966 icaosbctml1,8/12/2015,8/12/2015,8/10/2015,1,Online Search,Web
Treadclimber,CAM44966 icaosbctml1,8/13/2015,8/13/2015,8/10/2015,1,Online Search,Web
Treadclimber,CAM45624 ICAOSGCESL2,,8/11/2015,8/10/2015,1,Online Search,Web
Treadclimber,CAM45624 ICAOSGCESL2,,8/13/2015,8/10/2015,1,Online Search,Web
Treadclimber,CAM45624 ICAOSGCESL2,,8/15/2015,8/10/2015,1,Online Search,Web
Treadclimber,CAM45633 ICAOSGCEGL1CMT,,8/13/2015,8/10/2015,1,Online Search,Web
Treadclimber,CAM45690 SAWICAOSGCE,,8/10/2015,8/10/2015,1,Online Search,Call Center Internal
Treadclimber,CAM45838 ICAOSGCESL5,,8/15/2015,8/10/2015,1,Online Search,Web
Treadclimber,CAM47275 ICAOSGCTSL12,8/13/2015,8/13/2015,8/10/2015,1,Online Search,Web
Treadclimber,CAM47275 ICAOSGCTSL12,8/15/2015,8/15/2015,8/10/2015,1,Online Search,Web
Treadclimber,CAM47275 ICAOSGCTSL12,8/16/2015,8/16/2015,8/10/2015,1,Online Search,Web
Treadclimber,CAM45631 ICAOFG2EFEED1,,8/14/2015,8/10/2015,1,Online Shopping,Web
Treadclimber,CAM35680 INTELEMEDIACA,8/11/2015,8/11/2015,8/10/2015,1,Short Form,Call Center Internal
Treadclimber,CAM35680 INTELEMEDIACA,8/12/2015,8/12/2015,8/10/2015,1,Short Form,Call Center Internal
Treadclimber,CAM35680 INTELEMEDIACA,,8/12/2015,8/10/2015,1,Short Form,Call Center Internal
Treadclimber,CAM35680 INTELEMEDIACA,,8/14/2015,8/10/2015,1,Short Form,Call Center Internal
Treadclimber,CAM44980 JY10C120GRT2HKST,8/10/2015,8/10/2015,8/10/2015,1,Short Form,Call Center Internal
Treadclimber,CAM47460 APTNC120LADY*KST,8/12/2015,8/12/2015,8/10/2015,3,Short Form,Call Center Internal
Treadclimber,CAM47461 CHCHC120LADY*KST,8/15/2015,8/15/2015,8/10/2015,1,Short Form,Call Center Internal
Treadclimber,CAM47462 CHEKC120LADY*KST,8/13/2015,8/13/2015,8/10/2015,1,Short Form,Call Center Internal
Treadclimber,CAM47465 DOCUC120LADY*KST,8/14/2015,8/14/2015,8/10/2015,1,Short Form,Call Center Internal
Treadclimber,CAM47465 DOCUC120LADY*KST,8/16/2015,8/16/2015,8/10/2015,1,Short Form,Call Center Internal
Treadclimber,CAM47466 GAMCC120LADY*KST,8/15/2015,8/15/2015,8/10/2015,1,Short Form,Call Center Internal
Treadclimber,CAM47468 NGEOC120LADY*KST,8/10/2015,8/10/2015,8/10/2015,1,Short Form,Call Center Internal
Treadclimber,CAM47469 NGW*C120LADY*KST,8/11/2015,8/11/2015,8/10/2015,1,Short Form,Call Center Internal
Treadclimber,CAM47474 TSN*C120LADY*KST,8/11/2015,8/11/2015,8/10/2015,1,Short Form,Call Center Internal
Treadclimber,CAM47474 TSN*C120LADY*KST,8/15/2015,8/15/2015,8/10/2015,1,Short Form,Call Center Internal
Treadclimber,CAM47475 TSN2C120LADY*KST,8/13/2015,8/13/2015,8/10/2015,1,Short Form,Call Center Internal
Treadclimber,CAM47476 VISNC120LADY*KST,8/15/2015,8/15/2015,8/10/2015,1,Short Form,Call Center Internal
Treadclimber,CAM47478 WXYZC120LADY*KST,8/10/2015,8/10/2015,8/10/2015,1,Short Form,Call Center Internal
Treadclimber,CAM47480 WNCAC120LADY*KST,,8/10/2015,8/10/2015,1,Short Form,Call Center Internal
Treadclimber,CAM47480 WNCAC120LADY*KST,8/16/2015,8/16/2015,8/10/2015,2,Short Form,Call Center Internal
Treadclimber,CAM47907 TFNCC120HAMF*KST,,8/10/2015,8/10/2015,1,Short Form,Call Center Internal
Treadclimber,CAM48025 IDISC120LADY*KST,8/10/2015,8/10/2015,8/10/2015,3,Short Form,Call Center Internal
Treadclimber,CAM48025 IDISC120LADY*KST,8/12/2015,8/12/2015,8/10/2015,1,Short Form,Call Center Internal
Treadclimber,CAM48026 KIROC120LADY*KST,8/11/2015,8/11/2015,8/10/2015,1,Short Form,Call Center Internal
Treadclimber,CAM48026 KIROC120LADY*KST,,8/11/2015,8/10/2015,1,Short Form,Call Center Internal
Treadclimber,CAM48026 KIROC120LADY*KST,8/16/2015,8/16/2015,8/10/2015,1,Short Form,Call Center Internal
Treadclimber,CAM28157 SALESFOLLOWUP,,8/11/2015,8/10/2015,1,Un-Sourced,Call Center Internal
Treadclimber,CAM28157 SALESFOLLOWUP,,8/16/2015,8/10/2015,2,Un-Sourced,Call Center Internal
Treadclimber,CAM40825 1800TREADCLIMBER,,8/11/2015,8/10/2015,1,Un-Sourced,Call Center Internal
Treadclimber,CAM40825 1800TREADCLIMBER,,8/13/2015,8/10/2015,1,Un-Sourced,Call Center Internal
Treadclimber,CAM40825 1800TREADCLIMBER,8/14/2015,8/14/2015,8/10/2015,1,Un-Sourced,Call Center Internal
Treadclimber,CAM40825 1800TREADCLIMBER,,8/14/2015,8/10/2015,1,Un-Sourced,Call Center Internal
Treadclimber,CAM45327 1800MAXTRAINER,,8/11/2015,8/10/2015,2,Un-Sourced,Call Center Internal
Treadclimber,CAM45327 1800MAXTRAINER,,8/12/2015,8/10/2015,3,Un-Sourced,Call Center Internal
Treadclimber,CAM45327 1800MAXTRAINER,,8/16/2015,8/10/2015,1,Un-Sourced,Call Center Internal
Treadclimber,CAM37204 icastsf12b,8/17/2015,8/17/2015,8/17/2015,3,Electronic - Short Form,Web
Treadclimber,CAM37204 icastsf12b,8/18/2015,8/18/2015,8/17/2015,1,Electronic - Short Form,Web
Treadclimber,CAM37204 icastsf12b,8/19/2015,8/19/2015,8/17/2015,4,Electronic - Short Form,Web
Treadclimber,CAM37204 icastsf12b,8/21/2015,8/21/2015,8/17/2015,1,Electronic - Short Form,Web
Treadclimber,CAM37204 icastsf12b,8/22/2015,8/22/2015,8/17/2015,1,Electronic - Short Form,Web
Treadclimber,CAM45694 ICASESF14B,,8/19/2015,8/17/2015,1,Electronic - Short Form,Web
Treadclimber,CAM47456 ICASTSF15B,8/17/2015,8/17/2015,8/17/2015,20,Electronic - Short Form,Web
Treadclimber,CAM47456 ICASTSF15B,8/18/2015,8/18/2015,8/17/2015,7,Electronic - Short Form,Web
Treadclimber,CAM47456 ICASTSF15B,8/19/2015,8/19/2015,8/17/2015,42,Electronic - Short Form,Web
Treadclimber,CAM47456 ICASTSF15B,8/20/2015,8/20/2015,8/17/2015,23,Electronic - Short Form,Web
Treadclimber,CAM47456 ICASTSF15B,8/21/2015,8/21/2015,8/17/2015,42,Electronic - Short Form,Web
Treadclimber,CAM47456 ICASTSF15B,8/22/2015,8/22/2015,8/17/2015,20,Electronic - Short Form,Web
Treadclimber,CAM47456 ICASTSF15B,,8/22/2015,8/17/2015,1,Electronic - Short Form,Web
Treadclimber,CAM47456 ICASTSF15B,8/23/2015,8/23/2015,8/17/2015,11,Electronic - Short Form,Web
Treadclimber,CAM47896 ICASTSF15C,8/19/2015,8/19/2015,8/17/2015,1,Electronic - Short Form,Web
Treadclimber,CAM47896 ICASTSF15C,8/20/2015,8/20/2015,8/17/2015,2,Electronic - Short Form,Web
Treadclimber,CAM47896 ICASTSF15C,8/21/2015,8/21/2015,8/17/2015,2,Electronic - Short Form,Web
Treadclimber,CAM47896 ICASTSF15C,8/22/2015,8/22/2015,8/17/2015,8,Electronic - Short Form,Web
Treadclimber,CAM47896 ICASTSF15C,8/23/2015,8/23/2015,8/17/2015,1,Electronic - Short Form,Web
Treadclimber,CAM127 1800BOWFLEX_BFC,,8/21/2015,8/17/2015,1,Electronic - UnSourced,Call Center Internal
Treadclimber,CAM132 1800BOWFLEX_CAT,,8/20/2015,8/17/2015,1,Electronic - UnSourced,Call Center Internal
Treadclimber,CAM132 1800BOWFLEX_CAT,,8/23/2015,8/17/2015,1,Electronic - UnSourced,Call Center Internal
Treadclimber,CAM133 1800BOWFLEX_TRC,,8/17/2015,8/17/2015,1,Electronic - UnSourced,Call Center Internal
Treadclimber,CAM26483 icathome2,8/18/2015,8/18/2015,8/17/2015,1,Electronic - UnSourced,Web
Treadclimber,CAM28491 icat1sitecat,8/17/2015,8/17/2015,8/17/2015,1,Electronic - UnSourced,Web
Treadclimber,CAM28491 icat1sitecat,,8/17/2015,8/17/2015,1,Electronic - UnSourced,Web
Treadclimber,CAM28491 icat1sitecat,8/19/2015,8/19/2015,8/17/2015,2,Electronic - UnSourced,Web
Treadclimber,CAM28491 icat1sitecat,,8/19/2015,8/17/2015,1,Electronic - UnSourced,Web
Treadclimber,CAM28491 icat1sitecat,8/20/2015,8/20/2015,8/17/2015,1,Electronic - UnSourced,Web
Treadclimber,CAM28491 icat1sitecat,,8/20/2015,8/17/2015,1,Electronic - UnSourced,Web
Treadclimber,CAM28491 icat1sitecat,8/21/2015,8/21/2015,8/17/2015,2,Electronic - UnSourced,Web
Treadclimber,CAM28491 icat1sitecat,8/22/2015,8/22/2015,8/17/2015,3,Electronic - UnSourced,Web
Treadclimber,CAM28491 icat1sitecat,8/31/2015,8/22/2015,8/17/2015,1,Electronic - UnSourced,Web
Treadclimber,CAM40739 ICAWHOME,,8/18/2015,8/17/2015,1,Electronic - UnSourced,Call Center Internal
Treadclimber,CAM40760 ICATHOME,8/17/2015,8/17/2015,8/17/2015,16,Electronic - UnSourced,Web
Treadclimber,CAM40760 ICATHOME,8/18/2015,8/18/2015,8/17/2015,3,Electronic - UnSourced,Web
Treadclimber,CAM40760 ICATHOME,8/19/2015,8/19/2015,8/17/2015,26,Electronic - UnSourced,Web
Treadclimber,CAM40760 ICATHOME,9/23/2015,8/19/2015,8/17/2015,1,Electronic - UnSourced,Web
Treadclimber,CAM40760 ICATHOME,,8/19/2015,8/17/2015,5,Electronic - UnSourced,Web
Treadclimber,CAM40760 ICATHOME,8/20/2015,8/20/2015,8/17/2015,27,Electronic - UnSourced,Web
Treadclimber,CAM40760 ICATHOME,,8/20/2015,8/17/2015,1,Electronic - UnSourced,Web
Treadclimber,CAM40760 ICATHOME,8/21/2015,8/21/2015,8/17/2015,20,Electronic - UnSourced,Web
Treadclimber,CAM40760 ICATHOME,,8/21/2015,8/17/2015,1,Electronic - UnSourced,Web
Treadclimber,CAM40760 ICATHOME,8/22/2015,8/22/2015,8/17/2015,10,Electronic - UnSourced,Web
Treadclimber,CAM40760 ICATHOME,9/7/2015,8/22/2015,8/17/2015,1,Electronic - UnSourced,Web
Treadclimber,CAM40760 ICATHOME,,8/22/2015,8/17/2015,1,Electronic - UnSourced,Web
Treadclimber,CAM40760 ICATHOME,8/23/2015,8/23/2015,8/17/2015,10,Electronic - UnSourced,Web
Treadclimber,CAM44626 1800BOWFLEX_BMT,,8/19/2015,8/17/2015,1,Electronic - UnSourced,Call Center Internal
Treadclimber,CAM44626 1800BOWFLEX_BMT,,8/20/2015,8/17/2015,2,Electronic - UnSourced,Call Center Internal
Treadclimber,CAM45632 ICAEE1SITECMT,,8/17/2015,8/17/2015,1,Electronic - UnSourced,Web
Treadclimber,CAM45632 ICAEE1SITECMT,,8/21/2015,8/17/2015,1,Electronic - UnSourced,Web
Treadclimber,CAM41253 icaodaktdl3,8/17/2015,8/17/2015,8/17/2015,2,Online Display,Web
Treadclimber,CAM41253 icaodaktdl3,8/18/2015,8/18/2015,8/17/2015,2,Online Display,Web
Treadclimber,CAM41253 icaodaktdl3,,8/18/2015,8/17/2015,1,Online Display,Web
Treadclimber,CAM41253 icaodaktdl3,8/19/2015,8/19/2015,8/17/2015,1,Online Display,Web
Treadclimber,CAM41253 icaodaktdl3,8/20/2015,8/20/2015,8/17/2015,1,Online Display,Web
Treadclimber,CAM41253 icaodaktdl3,8/22/2015,8/22/2015,8/17/2015,1,Online Display,Web
Treadclimber,CAM41253 icaodaktdl3,8/23/2015,8/23/2015,8/17/2015,1,Online Display,Web
Treadclimber,CAM30841 icaosgctsl2,8/22/2015,8/22/2015,8/17/2015,1,Online Search,Call Center Internal
Treadclimber,CAM30841 icaosgctsl2,8/17/2015,8/17/2015,8/17/2015,7,Online Search,Web
Treadclimber,CAM30841 icaosgctsl2,,8/17/2015,8/17/2015,2,Online Search,Web
Treadclimber,CAM30841 icaosgctsl2,8/18/2015,8/18/2015,8/17/2015,2,Online Search,Web
Treadclimber,CAM30841 icaosgctsl2,,8/18/2015,8/17/2015,1,Online Search,Web
Treadclimber,CAM30841 icaosgctsl2,8/19/2015,8/19/2015,8/17/2015,7,Online Search,Web
Treadclimber,CAM30841 icaosgctsl2,8/22/2015,8/19/2015,8/17/2015,1,Online Search,Web
Treadclimber,CAM30841 icaosgctsl2,,8/19/2015,8/17/2015,2,Online Search,Web
Treadclimber,CAM30841 icaosgctsl2,8/20/2015,8/20/2015,8/17/2015,6,Online Search,Web
Treadclimber,CAM30841 icaosgctsl2,,8/20/2015,8/17/2015,2,Online Search,Web
Treadclimber,CAM30841 icaosgctsl2,8/21/2015,8/21/2015,8/17/2015,5,Online Search,Web
Treadclimber,CAM30841 icaosgctsl2,8/22/2015,8/22/2015,8/17/2015,6,Online Search,Web
Treadclimber,CAM30841 icaosgctsl2,8/23/2015,8/23/2015,8/17/2015,1,Online Search,Web
Treadclimber,CAM30841 icaosgctsl2,,8/23/2015,8/17/2015,2,Online Search,Web
Treadclimber,CAM30842 icaosgctsl3,8/17/2015,8/17/2015,8/17/2015,1,Online Search,Web
Treadclimber,CAM30842 icaosgctsl3,8/21/2015,8/21/2015,8/17/2015,1,Online Search,Web
Treadclimber,CAM30896 SAWICAOSGCT,8/17/2015,8/17/2015,8/17/2015,1,Online Search,Call Center Internal
Treadclimber,CAM30896 SAWICAOSGCT,8/22/2015,8/22/2015,8/17/2015,1,Online Search,Call Center Internal
Treadclimber,CAM36695 icaosgctgl1cat,8/17/2015,8/17/2015,8/17/2015,1,Online Search,Web
Treadclimber,CAM37661 icaosgctsl5,8/17/2015,8/17/2015,8/17/2015,2,Online Search,Web
Treadclimber,CAM37661 icaosgctsl5,,8/17/2015,8/17/2015,1,Online Search,Web
Treadclimber,CAM37661 icaosgctsl5,8/18/2015,8/18/2015,8/17/2015,1,Online Search,Web
Treadclimber,CAM37661 icaosgctsl5,8/19/2015,8/19/2015,8/17/2015,1,Online Search,Web
Treadclimber,CAM37661 icaosgctsl5,8/22/2015,8/22/2015,8/17/2015,2,Online Search,Web
Treadclimber,CAM37864 icaosgctsl6,8/17/2015,8/17/2015,8/17/2015,1,Online Search,Web
Treadclimber,CAM37864 icaosgctsl6,8/18/2015,8/18/2015,8/17/2015,1,Online Search,Web
Treadclimber,CAM37864 icaosgctsl6,,8/20/2015,8/17/2015,1,Online Search,Web
Treadclimber,CAM37864 icaosgctsl6,8/21/2015,8/21/2015,8/17/2015,1,Online Search,Web
Treadclimber,CAM37864 icaosgctsl6,,8/21/2015,8/17/2015,1,Online Search,Web
Treadclimber,CAM37864 icaosgctsl6,,8/22/2015,8/17/2015,1,Online Search,Web
Treadclimber,CAM37865 icaosgctsl7,8/20/2015,8/20/2015,8/17/2015,1,Online Search,Web
Treadclimber,CAM37865 icaosgctsl7,8/22/2015,8/22/2015,8/17/2015,1,Online Search,Web
Treadclimber,CAM37865 icaosgctsl7,8/23/2015,8/23/2015,8/17/2015,1,Online Search,Web
Treadclimber,CAM39467 icaosbctsl1,8/17/2015,8/17/2015,8/17/2015,2,Online Search,Web
Treadclimber,CAM39467 icaosbctsl1,8/30/2015,8/17/2015,8/17/2015,1,Online Search,Web
Treadclimber,CAM39467 icaosbctsl1,8/19/2015,8/19/2015,8/17/2015,1,Online Search,Web
Treadclimber,CAM39467 icaosbctsl1,8/20/2015,8/20/2015,8/17/2015,1,Online Search,Web
Treadclimber,CAM39467 icaosbctsl1,,8/20/2015,8/17/2015,1,Online Search,Web
Treadclimber,CAM39467 icaosbctsl1,,8/21/2015,8/17/2015,1,Online Search,Web
Treadclimber,CAM40996 icaosbctgl1cat,,8/20/2015,8/17/2015,1,Online Search,Web
Treadclimber,CAM40997 icaosbctsl6,8/18/2015,8/18/2015,8/17/2015,1,Online Search,Web
Treadclimber,CAM40997 icaosbctsl6,8/20/2015,8/20/2015,8/17/2015,1,Online Search,Web
Treadclimber,CAM41072 icaosbctsl10,8/23/2015,8/23/2015,8/17/2015,1,Online Search,Web
Treadclimber,CAM44489 icaosgctml2,8/17/2015,8/17/2015,8/17/2015,1,Online Search,Web
Treadclimber,CAM44489 icaosgctml2,,8/17/2015,8/17/2015,1,Online Search,Web
Treadclimber,CAM44489 icaosgctml2,8/18/2015,8/18/2015,8/17/2015,3,Online Search,Web
Treadclimber,CAM44489 icaosgctml2,8/19/2015,8/19/2015,8/17/2015,8,Online Search,Web
Treadclimber,CAM44489 icaosgctml2,8/20/2015,8/20/2015,8/17/2015,3,Online Search,Web
Treadclimber,CAM44489 icaosgctml2,8/21/2015,8/21/2015,8/17/2015,5,Online Search,Web
Treadclimber,CAM44489 icaosgctml2,8/22/2015,8/22/2015,8/17/2015,3,Online Search,Web
Treadclimber,CAM44489 icaosgctml2,8/23/2015,8/23/2015,8/17/2015,1,Online Search,Web
Treadclimber,CAM44966 icaosbctml1,8/20/2015,8/20/2015,8/17/2015,1,Online Search,Web
Treadclimber,CAM44966 icaosbctml1,8/21/2015,8/21/2015,8/17/2015,1,Online Search,Web
Treadclimber,CAM45690 SAWICAOSGCE,,8/21/2015,8/17/2015,1,Online Search,Call Center Internal
Treadclimber,CAM45842 ICAOSGCESL9,,8/18/2015,8/17/2015,1,Online Search,Web
Treadclimber,CAM47275 ICAOSGCTSL12,8/19/2015,8/19/2015,8/17/2015,1,Online Search,Web
Treadclimber,CAM47275 ICAOSGCTSL12,8/21/2015,8/21/2015,8/17/2015,1,Online Search,Web
Treadclimber,CAM47275 ICAOSGCTSL12,9/17/2015,8/21/2015,8/17/2015,1,Online Search,Web
Treadclimber,CAM45437 ICAOFG2TFEED1,,8/19/2015,8/17/2015,1,Online Shopping,Web
Treadclimber,CAM48063 ICAOXFBTSCL005,8/23/2015,8/23/2015,8/17/2015,1,Online Social,Web
Treadclimber,CAM35680 INTELEMEDIACA,8/18/2015,8/18/2015,8/17/2015,1,Short Form,Call Center Internal
Treadclimber,CAM35680 INTELEMEDIACA,8/19/2015,8/19/2015,8/17/2015,1,Short Form,Call Center Internal
Treadclimber,CAM35680 INTELEMEDIACA,,8/19/2015,8/17/2015,1,Short Form,Call Center Internal
Treadclimber,CAM35680 INTELEMEDIACA,8/20/2015,8/20/2015,8/17/2015,1,Short Form,Call Center Internal
Treadclimber,CAM35680 INTELEMEDIACA,,8/20/2015,8/17/2015,2,Short Form,Call Center Internal
Treadclimber,CAM35680 INTELEMEDIACA,8/21/2015,8/21/2015,8/17/2015,3,Short Form,Call Center Internal
Treadclimber,CAM44372 HISTL60*GRT2HTIC,8/23/2015,8/23/2015,8/17/2015,1,Short Form,Call Center Internal
Treadclimber,CAM47045 DOCUC120ALOHAKST,8/20/2015,8/20/2015,8/17/2015,1,Short Form,Call Center Internal
Treadclimber,CAM47460 APTNC120LADY*KST,8/18/2015,8/18/2015,8/17/2015,1,Short Form,Call Center Internal
Treadclimber,CAM47461 CHCHC120LADY*KST,8/20/2015,8/20/2015,8/17/2015,1,Short Form,Call Center Internal
Treadclimber,CAM47461 CHCHC120LADY*KST,8/21/2015,8/21/2015,8/17/2015,1,Short Form,Call Center Internal
Treadclimber,CAM47466 GAMCC120LADY*KST,8/18/2015,8/18/2015,8/17/2015,1,Short Form,Call Center Internal
Treadclimber,CAM47466 GAMCC120LADY*KST,8/20/2015,8/20/2015,8/17/2015,1,Short Form,Call Center Internal
Treadclimber,CAM47466 GAMCC120LADY*KST,8/21/2015,8/21/2015,8/17/2015,2,Short Form,Call Center Internal
Treadclimber,CAM47476 VISNC120LADY*KST,8/17/2015,8/17/2015,8/17/2015,1,Short Form,Call Center Internal
Treadclimber,CAM47476 VISNC120LADY*KST,8/18/2015,8/18/2015,8/17/2015,2,Short Form,Call Center Internal
Treadclimber,CAM47476 VISNC120LADY*KST,8/21/2015,8/21/2015,8/17/2015,1,Short Form,Call Center Internal
Treadclimber,CAM47480 WNCAC120LADY*KST,9/4/2015,8/21/2015,8/17/2015,1,Short Form,Call Center Internal
Treadclimber,CAM47939 CTYTC60*LADY*KST,8/20/2015,8/20/2015,8/17/2015,1,Short Form,Call Center Internal
Treadclimber,CAM48025 IDISC120LADY*KST,8/19/2015,8/19/2015,8/17/2015,2,Short Form,Call Center Internal
Treadclimber,CAM48025 IDISC120LADY*KST,8/20/2015,8/20/2015,8/17/2015,1,Short Form,Call Center Internal
Treadclimber,CAM48025 IDISC120LADY*KST,8/23/2015,8/23/2015,8/17/2015,1,Short Form,Call Center Internal
Treadclimber,CAM40825 1800TREADCLIMBER,8/17/2015,8/17/2015,8/17/2015,1,Un-Sourced,Call Center Internal
Treadclimber,CAM40825 1800TREADCLIMBER,,8/21/2015,8/17/2015,1,Un-Sourced,Call Center Internal
Treadclimber,CAM40825 1800TREADCLIMBER,,8/23/2015,8/17/2015,1,Un-Sourced,Call Center Internal
Treadclimber,CAM45327 1800MAXTRAINER,,8/19/2015,8/17/2015,1,Un-Sourced,Call Center Internal
Treadclimber,CAM45327 1800MAXTRAINER,,8/20/2015,8/17/2015,1,Un-Sourced,Call Center Internal
Treadclimber,CAM45327 1800MAXTRAINER,,8/23/2015,8/17/2015,1,Un-Sourced,Call Center Internal
Treadclimber,CAM30971 icastsf09buytc,8/24/2015,8/24/2015,8/24/2015,3,Electronic - Short Form,Web
Treadclimber,CAM30971 icastsf09buytc,8/30/2015,8/30/2015,8/24/2015,1,Electronic - Short Form,Web
Treadclimber,CAM36103 SAWSF11D,,8/27/2015,8/24/2015,1,Electronic - Short Form,Call Center Internal
Treadclimber,CAM36726 SAWICASTSF12A,,8/25/2015,8/24/2015,1,Electronic - Short Form,Call Center Internal
Treadclimber,CAM36732 icastsf12a,,8/26/2015,8/24/2015,1,Electronic - Short Form,Web
Treadclimber,CAM37204 icastsf12b,8/24/2015,8/24/2015,8/24/2015,2,Electronic - Short Form,Web
Treadclimber,CAM37204 icastsf12b,8/26/2015,8/26/2015,8/24/2015,8,Electronic - Short Form,Web
Treadclimber,CAM37204 icastsf12b,8/27/2015,8/27/2015,8/24/2015,3,Electronic - Short Form,Web
Treadclimber,CAM37204 icastsf12b,8/28/2015,8/28/2015,8/24/2015,2,Electronic - Short Form,Web
Treadclimber,CAM47456 ICASTSF15B,8/24/2015,8/24/2015,8/24/2015,68,Electronic - Short Form,Web
Treadclimber,CAM47456 ICASTSF15B,8/25/2015,8/24/2015,8/24/2015,1,Electronic - Short Form,Web
Treadclimber,CAM47456 ICASTSF15B,,8/24/2015,8/24/2015,2,Electronic - Short Form,Web
Treadclimber,CAM47456 ICASTSF15B,8/25/2015,8/25/2015,8/24/2015,23,Electronic - Short Form,Web
Treadclimber,CAM47456 ICASTSF15B,,8/25/2015,8/24/2015,1,Electronic - Short Form,Web
Treadclimber,CAM47456 ICASTSF15B,8/26/2015,8/26/2015,8/24/2015,33,Electronic - Short Form,Web
Treadclimber,CAM47456 ICASTSF15B,9/1/2015,8/26/2015,8/24/2015,1,Electronic - Short Form,Web
Treadclimber,CAM47456 ICASTSF15B,8/27/2015,8/27/2015,8/24/2015,25,Electronic - Short Form,Web
Treadclimber,CAM47456 ICASTSF15B,,8/27/2015,8/24/2015,1,Electronic - Short Form,Web
Treadclimber,CAM47456 ICASTSF15B,8/28/2015,8/28/2015,8/24/2015,25,Electronic - Short Form,Web
Treadclimber,CAM47456 ICASTSF15B,8/29/2015,8/29/2015,8/24/2015,21,Electronic - Short Form,Web
Treadclimber,CAM47456 ICASTSF15B,8/30/2015,8/30/2015,8/24/2015,41,Electronic - Short Form,Web
Treadclimber,CAM47896 ICASTSF15C,8/24/2015,8/24/2015,8/24/2015,2,Electronic - Short Form,Web
Treadclimber,CAM47896 ICASTSF15C,8/25/2015,8/25/2015,8/24/2015,3,Electronic - Short Form,Web
Treadclimber,CAM47896 ICASTSF15C,8/27/2015,8/27/2015,8/24/2015,2,Electronic - Short Form,Web
Treadclimber,CAM47896 ICASTSF15C,8/28/2015,8/28/2015,8/24/2015,1,Electronic - Short Form,Web
Treadclimber,CAM47896 ICASTSF15C,8/29/2015,8/29/2015,8/24/2015,2,Electronic - Short Form,Web
Treadclimber,CAM47896 ICASTSF15C,8/30/2015,8/30/2015,8/24/2015,1,Electronic - Short Form,Web
Treadclimber,CAM127 1800BOWFLEX_BFC,,8/24/2015,8/24/2015,1,Electronic - UnSourced,Call Center Internal
Treadclimber,CAM132 1800BOWFLEX_CAT,8/28/2015,8/28/2015,8/24/2015,1,Electronic - UnSourced,Call Center Internal
Treadclimber,CAM133 1800BOWFLEX_TRC,8/29/2015,8/29/2015,8/24/2015,1,Electronic - UnSourced,Call Center Internal
Treadclimber,CAM2569 icadhome_TRC,,8/25/2015,8/24/2015,1,Electronic - UnSourced,Call Center Internal
Treadclimber,CAM28491 icat1sitecat,8/24/2015,8/24/2015,8/24/2015,2,Electronic - UnSourced,Web
Treadclimber,CAM28491 icat1sitecat,8/25/2015,8/24/2015,8/24/2015,1,Electronic - UnSourced,Web
Treadclimber,CAM28491 icat1sitecat,,8/24/2015,8/24/2015,1,Electronic - UnSourced,Web
Treadclimber,CAM28491 icat1sitecat,8/26/2015,8/26/2015,8/24/2015,2,Electronic - UnSourced,Web
Treadclimber,CAM28491 icat1sitecat,,8/27/2015,8/24/2015,1,Electronic - UnSourced,Web
Treadclimber,CAM28491 icat1sitecat,,8/28/2015,8/24/2015,1,Electronic - UnSourced,Web
Treadclimber,CAM40760 ICATHOME,,8/25/2015,8/24/2015,1,Electronic - UnSourced,Call Center Internal
Treadclimber,CAM40760 ICATHOME,8/24/2015,8/24/2015,8/24/2015,36,Electronic - UnSourced,Web
Treadclimber,CAM40760 ICATHOME,9/5/2015,8/24/2015,8/24/2015,1,Electronic - UnSourced,Web
Treadclimber,CAM40760 ICATHOME,,8/24/2015,8/24/2015,5,Electronic - UnSourced,Web
Treadclimber,CAM40760 ICATHOME,8/25/2015,8/25/2015,8/24/2015,18,Electronic - UnSourced,Web
Treadclimber,CAM40760 ICATHOME,,8/25/2015,8/24/2015,4,Electronic - UnSourced,Web
Treadclimber,CAM40760 ICATHOME,8/26/2015,8/26/2015,8/24/2015,20,Electronic - UnSourced,Web
Treadclimber,CAM40760 ICATHOME,,8/26/2015,8/24/2015,2,Electronic - UnSourced,Web
Treadclimber,CAM40760 ICATHOME,8/27/2015,8/27/2015,8/24/2015,11,Electronic - UnSourced,Web
Treadclimber,CAM40760 ICATHOME,,8/27/2015,8/24/2015,2,Electronic - UnSourced,Web
Treadclimber,CAM40760 ICATHOME,8/28/2015,8/28/2015,8/24/2015,11,Electronic - UnSourced,Web
Treadclimber,CAM40760 ICATHOME,,8/28/2015,8/24/2015,1,Electronic - UnSourced,Web
Treadclimber,CAM40760 ICATHOME,8/29/2015,8/29/2015,8/24/2015,25,Electronic - UnSourced,Web
Treadclimber,CAM40760 ICATHOME,,8/29/2015,8/24/2015,1,Electronic - UnSourced,Web
Treadclimber,CAM40760 ICATHOME,8/30/2015,8/30/2015,8/24/2015,25,Electronic - UnSourced,Web
Treadclimber,CAM40760 ICATHOME,,8/30/2015,8/24/2015,1,Electronic - UnSourced,Web
Treadclimber,CAM44236 SAWMAX,,8/26/2015,8/24/2015,1,Electronic - UnSourced,Call Center Internal
Treadclimber,CAM45632 ICAEE1SITECMT,,8/24/2015,8/24/2015,1,Electronic - UnSourced,Web
Treadclimber,CAM45632 ICAEE1SITECMT,,8/27/2015,8/24/2015,1,Electronic - UnSourced,Web
Treadclimber,CAM45699 SAWICAEEMAX,,8/24/2015,8/24/2015,1,Electronic - UnSourced,Call Center Internal
Treadclimber,CAM45699 SAWICAEEMAX,,8/25/2015,8/24/2015,1,Electronic - UnSourced,Call Center Internal
Treadclimber,CAM45699 SAWICAEEMAX,,8/27/2015,8/24/2015,1,Electronic - UnSourced,Call Center Internal
Treadclimber,CAM45699 SAWICAEEMAX,,8/28/2015,8/24/2015,1,Electronic - UnSourced,Call Center Internal
Treadclimber,CAM45699 SAWICAEEMAX,,8/30/2015,8/24/2015,1,Electronic - UnSourced,Call Center Internal
Treadclimber,CAM41253 icaodaktdl3,8/24/2015,8/24/2015,8/24/2015,3,Online Display,Web
Treadclimber,CAM41253 icaodaktdl3,8/26/2015,8/26/2015,8/24/2015,2,Online Display,Web
Treadclimber,CAM41253 icaodaktdl3,8/28/2015,8/28/2015,8/24/2015,4,Online Display,Web
Treadclimber,CAM41253 icaodaktdl3,8/29/2015,8/29/2015,8/24/2015,2,Online Display,Web
Treadclimber,CAM41254 icaodaktdl4,8/27/2015,8/27/2015,8/24/2015,1,Online Display,Web
Treadclimber,CAM43988 SAWICAODAKT_TRC,8/25/2015,8/25/2015,8/24/2015,1,Online Display,Call Center Internal
Treadclimber,CAM46541 ICAODAKTDL7,8/30/2015,8/30/2015,8/24/2015,1,Online Display,Web
Treadclimber,CAM30841 icaosgctsl2,8/25/2015,8/25/2015,8/24/2015,1,Online Search,Call Center Internal
Treadclimber,CAM30841 icaosgctsl2,8/24/2015,8/24/2015,8/24/2015,6,Online Search,Web
Treadclimber,CAM30841 icaosgctsl2,,8/24/2015,8/24/2015,5,Online Search,Web
Treadclimber,CAM30841 icaosgctsl2,8/25/2015,8/25/2015,8/24/2015,2,Online Search,Web
Treadclimber,CAM30841 icaosgctsl2,,8/25/2015,8/24/2015,3,Online Search,Web
Treadclimber,CAM30841 icaosgctsl2,8/26/2015,8/26/2015,8/24/2015,5,Online Search,Web
Treadclimber,CAM30841 icaosgctsl2,8/27/2015,8/27/2015,8/24/2015,6,Online Search,Web
Treadclimber,CAM30841 icaosgctsl2,,8/27/2015,8/24/2015,1,Online Search,Web
Treadclimber,CAM30841 icaosgctsl2,8/28/2015,8/28/2015,8/24/2015,3,Online Search,Web
Treadclimber,CAM30841 icaosgctsl2,,8/28/2015,8/24/2015,3,Online Search,Web
Treadclimber,CAM30841 icaosgctsl2,8/29/2015,8/29/2015,8/24/2015,7,Online Search,Web
Treadclimber,CAM30841 icaosgctsl2,8/30/2015,8/30/2015,8/24/2015,3,Online Search,Web
Treadclimber,CAM30841 icaosgctsl2,,8/30/2015,8/24/2015,2,Online Search,Web
Treadclimber,CAM30842 icaosgctsl3,8/24/2015,8/24/2015,8/24/2015,2,Online Search,Web
Treadclimber,CAM30842 icaosgctsl3,8/25/2015,8/25/2015,8/24/2015,1,Online Search,Web
Treadclimber,CAM30842 icaosgctsl3,8/26/2015,8/26/2015,8/24/2015,1,Online Search,Web
Treadclimber,CAM30842 icaosgctsl3,8/28/2015,8/28/2015,8/24/2015,1,Online Search,Web
Treadclimber,CAM30842 icaosgctsl3,8/29/2015,8/29/2015,8/24/2015,1,Online Search,Web
Treadclimber,CAM30842 icaosgctsl3,8/30/2015,8/30/2015,8/24/2015,1,Online Search,Web
Treadclimber,CAM30896 SAWICAOSGCT,,8/24/2015,8/24/2015,2,Online Search,Call Center Internal
Treadclimber,CAM30896 SAWICAOSGCT,,8/29/2015,8/24/2015,1,Online Search,Call Center Internal
Treadclimber,CAM36695 icaosgctgl1cat,8/24/2015,8/24/2015,8/24/2015,1,Online Search,Web
Treadclimber,CAM36695 icaosgctgl1cat,,8/24/2015,8/24/2015,4,Online Search,Web
Treadclimber,CAM36695 icaosgctgl1cat,8/25/2015,8/25/2015,8/24/2015,1,Online Search,Web
Treadclimber,CAM36695 icaosgctgl1cat,8/27/2015,8/27/2015,8/24/2015,1,Online Search,Web
Treadclimber,CAM36695 icaosgctgl1cat,8/29/2015,8/29/2015,8/24/2015,1,Online Search,Web
Treadclimber,CAM36695 icaosgctgl1cat,,8/29/2015,8/24/2015,1,Online Search,Web
Treadclimber,CAM36695 icaosgctgl1cat,8/30/2015,8/30/2015,8/24/2015,1,Online Search,Web
Treadclimber,CAM36695 icaosgctgl1cat,,8/30/2015,8/24/2015,1,Online Search,Web
Treadclimber,CAM37660 icaosbctsl5,8/24/2015,8/24/2015,8/24/2015,1,Online Search,Web
Treadclimber,CAM37660 icaosbctsl5,8/28/2015,8/28/2015,8/24/2015,1,Online Search,Web
Treadclimber,CAM37660 icaosbctsl5,8/29/2015,8/29/2015,8/24/2015,1,Online Search,Web
Treadclimber,CAM37661 icaosgctsl5,8/24/2015,8/24/2015,8/24/2015,1,Online Search,Web
Treadclimber,CAM37661 icaosgctsl5,,8/24/2015,8/24/2015,2,Online Search,Web
Treadclimber,CAM37661 icaosgctsl5,8/25/2015,8/25/2015,8/24/2015,1,Online Search,Web
Treadclimber,CAM37661 icaosgctsl5,8/26/2015,8/26/2015,8/24/2015,1,Online Search,Web
Treadclimber,CAM37661 icaosgctsl5,,8/26/2015,8/24/2015,1,Online Search,Web
Treadclimber,CAM37661 icaosgctsl5,8/27/2015,8/27/2015,8/24/2015,1,Online Search,Web
Treadclimber,CAM37661 icaosgctsl5,8/28/2015,8/28/2015,8/24/2015,3,Online Search,Web
Treadclimber,CAM37661 icaosgctsl5,,8/28/2015,8/24/2015,1,Online Search,Web
Treadclimber,CAM37864 icaosgctsl6,,8/29/2015,8/24/2015,1,Online Search,Web
Treadclimber,CAM37865 icaosgctsl7,8/30/2015,8/30/2015,8/24/2015,2,Online Search,Web
Treadclimber,CAM39467 icaosbctsl1,8/24/2015,8/24/2015,8/24/2015,1,Online Search,Web
Treadclimber,CAM39467 icaosbctsl1,8/26/2015,8/26/2015,8/24/2015,1,Online Search,Web
Treadclimber,CAM39467 icaosbctsl1,8/27/2015,8/27/2015,8/24/2015,1,Online Search,Web
Treadclimber,CAM39467 icaosbctsl1,8/28/2015,8/28/2015,8/24/2015,1,Online Search,Web
Treadclimber,CAM39467 icaosbctsl1,8/29/2015,8/29/2015,8/24/2015,3,Online Search,Web
Treadclimber,CAM39467 icaosbctsl1,8/30/2015,8/30/2015,8/24/2015,1,Online Search,Web
Treadclimber,CAM40996 icaosbctgl1cat,8/25/2015,8/25/2015,8/24/2015,1,Online Search,Web
Treadclimber,CAM40996 icaosbctgl1cat,8/26/2015,8/26/2015,8/24/2015,2,Online Search,Web
Treadclimber,CAM40996 icaosbctgl1cat,8/29/2015,8/29/2015,8/24/2015,1,Online Search,Web
Treadclimber,CAM40997 icaosbctsl6,8/25/2015,8/25/2015,8/24/2015,1,Online Search,Web
Treadclimber,CAM40998 icaosbctsl7,8/30/2015,8/30/2015,8/24/2015,1,Online Search,Web
Treadclimber,CAM41072 icaosbctsl10,8/24/2015,8/24/2015,8/24/2015,1,Online Search,Web
Treadclimber,CAM44489 icaosgctml2,8/24/2015,8/24/2015,8/24/2015,3,Online Search,Web
Treadclimber,CAM44489 icaosgctml2,8/25/2015,8/25/2015,8/24/2015,3,Online Search,Web
Treadclimber,CAM44489 icaosgctml2,8/26/2015,8/26/2015,8/24/2015,5,Online Search,Web
Treadclimber,CAM44489 icaosgctml2,,8/26/2015,8/24/2015,1,Online Search,Web
Treadclimber,CAM44489 icaosgctml2,8/27/2015,8/27/2015,8/24/2015,2,Online Search,Web
Treadclimber,CAM44489 icaosgctml2,8/28/2015,8/28/2015,8/24/2015,3,Online Search,Web
Treadclimber,CAM44489 icaosgctml2,8/29/2015,8/29/2015,8/24/2015,1,Online Search,Web
Treadclimber,CAM44489 icaosgctml2,8/30/2015,8/30/2015,8/24/2015,6,Online Search,Web
Treadclimber,CAM44966 icaosbctml1,8/24/2015,8/24/2015,8/24/2015,1,Online Search,Web
Treadclimber,CAM44966 icaosbctml1,8/25/2015,8/25/2015,8/24/2015,3,Online Search,Web
Treadclimber,CAM44966 icaosbctml1,8/26/2015,8/26/2015,8/24/2015,1,Online Search,Web
Treadclimber,CAM45624 ICAOSGCESL2,,8/26/2015,8/24/2015,2,Online Search,Web
Treadclimber,CAM45624 ICAOSGCESL2,,8/27/2015,8/24/2015,1,Online Search,Web
Treadclimber,CAM45624 ICAOSGCESL2,,8/28/2015,8/24/2015,1,Online Search,Web
Treadclimber,CAM45624 ICAOSGCESL2,,8/30/2015,8/24/2015,2,Online Search,Web
Treadclimber,CAM45633 ICAOSGCEGL1CMT,,8/25/2015,8/24/2015,1,Online Search,Web
Treadclimber,CAM45633 ICAOSGCEGL1CMT,,8/30/2015,8/24/2015,1,Online Search,Web
Treadclimber,CAM45634 ICAOSBCEGL1CMT,,8/26/2015,8/24/2015,1,Online Search,Web
Treadclimber,CAM45691 SAWICAOSBCE,,8/25/2015,8/24/2015,1,Online Search,Call Center Internal
Treadclimber,CAM45841 ICAOSGCESL8,,8/30/2015,8/24/2015,1,Online Search,Web
Treadclimber,CAM47275 ICAOSGCTSL12,8/24/2015,8/24/2015,8/24/2015,1,Online Search,Web
Treadclimber,CAM47275 ICAOSGCTSL12,8/28/2015,8/28/2015,8/24/2015,1,Online Search,Web
Treadclimber,CAM47275 ICAOSGCTSL12,8/29/2015,8/29/2015,8/24/2015,1,Online Search,Web
Treadclimber,CAM45437 ICAOFG2TFEED1,,8/24/2015,8/24/2015,1,Online Shopping,Call Center Internal
Treadclimber,CAM45437 ICAOFG2TFEED1,8/24/2015,8/24/2015,8/24/2015,2,Online Shopping,Web
Treadclimber,CAM45437 ICAOFG2TFEED1,8/29/2015,8/29/2015,8/24/2015,1,Online Shopping,Web
Treadclimber,CAM45437 ICAOFG2TFEED1,8/30/2015,8/30/2015,8/24/2015,1,Online Shopping,Web
Treadclimber,CAM45631 ICAOFG2EFEED1,,8/28/2015,8/24/2015,2,Online Shopping,Web
Treadclimber,CAM48063 ICAOXFBTSCL005,8/25/2015,8/25/2015,8/24/2015,1,Online Social,Web
Treadclimber,CAM41203 PCCTIS0002,,8/24/2015,8/24/2015,1,Print,Call Center Internal
Treadclimber,CAM35680 INTELEMEDIACA,8/24/2015,8/24/2015,8/24/2015,1,Short Form,Call Center Internal
Treadclimber,CAM35680 INTELEMEDIACA,,8/24/2015,8/24/2015,1,Short Form,Call Center Internal
Treadclimber,CAM35680 INTELEMEDIACA,8/26/2015,8/26/2015,8/24/2015,1,Short Form,Call Center Internal
Treadclimber,CAM35680 INTELEMEDIACA,8/27/2015,8/27/2015,8/24/2015,1,Short Form,Call Center Internal
Treadclimber,CAM35680 INTELEMEDIACA,8/28/2015,8/28/2015,8/24/2015,3,Short Form,Call Center Internal
Treadclimber,CAM35680 INTELEMEDIACA,8/30/2015,8/30/2015,8/24/2015,1,Short Form,Call Center Internal
Treadclimber,CAM39344 DOCUC120FINLTKST,8/28/2015,8/28/2015,8/24/2015,1,Short Form,Call Center Internal
Treadclimber,CAM47049 NGEOC120ALOHAKST,8/29/2015,8/29/2015,8/24/2015,1,Short Form,Call Center Internal
Treadclimber,CAM47460 APTNC120LADY*KST,8/25/2015,8/25/2015,8/24/2015,2,Short Form,Call Center Internal
Treadclimber,CAM47460 APTNC120LADY*KST,8/26/2015,8/26/2015,8/24/2015,2,Short Form,Call Center Internal
Treadclimber,CAM47460 APTNC120LADY*KST,8/28/2015,8/28/2015,8/24/2015,1,Short Form,Call Center Internal
Treadclimber,CAM47460 APTNC120LADY*KST,8/29/2015,8/29/2015,8/24/2015,1,Short Form,Call Center Internal
Treadclimber,CAM47460 APTNC120LADY*KST,8/30/2015,8/30/2015,8/24/2015,1,Short Form,Call Center Internal
Treadclimber,CAM47461 CHCHC120LADY*KST,8/24/2015,8/24/2015,8/24/2015,1,Short Form,Call Center Internal
Treadclimber,CAM47461 CHCHC120LADY*KST,8/28/2015,8/28/2015,8/24/2015,1,Short Form,Call Center Internal
Treadclimber,CAM47462 CHEKC120LADY*KST,8/27/2015,8/27/2015,8/24/2015,1,Short Form,Call Center Internal
Treadclimber,CAM47462 CHEKC120LADY*KST,,8/29/2015,8/24/2015,1,Short Form,Call Center Internal
Treadclimber,CAM47465 DOCUC120LADY*KST,8/28/2015,8/28/2015,8/24/2015,1,Short Form,Call Center Internal
Treadclimber,CAM47466 GAMCC120LADY*KST,9/2/2015,8/25/2015,8/24/2015,1,Short Form,Call Center Internal
Treadclimber,CAM47476 VISNC120LADY*KST,8/26/2015,8/26/2015,8/24/2015,2,Short Form,Call Center Internal
Treadclimber,CAM47476 VISNC120LADY*KST,8/27/2015,8/27/2015,8/24/2015,1,Short Form,Call Center Internal
Treadclimber,CAM47577 CMT*C120LADY*KST,8/26/2015,8/26/2015,8/24/2015,1,Short Form,Call Center Internal
Treadclimber,CAM47577 CMT*C120LADY*KST,8/30/2015,8/30/2015,8/24/2015,3,Short Form,Call Center Internal
Treadclimber,CAM47579 FYI*C120LADY*KST,8/29/2015,8/29/2015,8/24/2015,1,Short Form,Call Center Internal
Treadclimber,CAM47581 IFC*C120LADY*KST,8/24/2015,8/24/2015,8/24/2015,1,Short Form,Call Center Internal
Treadclimber,CAM47675 CANCC120LADY*KST,8/29/2015,8/29/2015,8/24/2015,1,Short Form,Call Center Internal
Treadclimber,CAM48025 IDISC120LADY*KST,8/25/2015,8/25/2015,8/24/2015,6,Short Form,Call Center Internal
Treadclimber,CAM48025 IDISC120LADY*KST,8/26/2015,8/26/2015,8/24/2015,2,Short Form,Call Center Internal
Treadclimber,CAM48025 IDISC120LADY*KST,8/28/2015,8/28/2015,8/24/2015,2,Short Form,Call Center Internal
Treadclimber,CAM48025 IDISC120LADY*KST,8/29/2015,8/29/2015,8/24/2015,1,Short Form,Call Center Internal
Treadclimber,CAM48025 IDISC120LADY*KST,8/30/2015,8/30/2015,8/24/2015,1,Short Form,Call Center Internal
Treadclimber,CAM28157 SALESFOLLOWUP,,8/27/2015,8/24/2015,1,Un-Sourced,Call Center Internal
Treadclimber,CAM28157 SALESFOLLOWUP,,8/29/2015,8/24/2015,1,Un-Sourced,Call Center Internal
Treadclimber,CAM40825 1800TREADCLIMBER,8/24/2015,8/24/2015,8/24/2015,1,Un-Sourced,Call Center Internal
Treadclimber,CAM40825 1800TREADCLIMBER,8/25/2015,8/25/2015,8/24/2015,1,Un-Sourced,Call Center Internal
Treadclimber,CAM45327 1800MAXTRAINER,,8/24/2015,8/24/2015,2,Un-Sourced,Call Center Internal
Treadclimber,CAM45327 1800MAXTRAINER,,8/25/2015,8/24/2015,1,Un-Sourced,Call Center Internal
Treadclimber,CAM27557 Bowflex Catalog,,9/3/2015,8/31/2015,1,Catalog,Call Center Internal
Treadclimber,CAM27557 Bowflex Catalog,,9/4/2015,8/31/2015,1,Catalog,Call Center Internal
Treadclimber,CAM30971 icastsf09buytc,8/31/2015,8/31/2015,8/31/2015,1,Electronic - Short Form,Web
Treadclimber,CAM30971 icastsf09buytc,9/5/2015,9/5/2015,8/31/2015,1,Electronic - Short Form,Web
Treadclimber,CAM37204 icastsf12b,8/31/2015,8/31/2015,8/31/2015,2,Electronic - Short Form,Web
Treadclimber,CAM37204 icastsf12b,9/1/2015,9/1/2015,8/31/2015,2,Electronic - Short Form,Web
Treadclimber,CAM45693 ICASESF14A,,9/2/2015,8/31/2015,1,Electronic - Short Form,Web
Treadclimber,CAM45694 ICASESF14B,,8/31/2015,8/31/2015,1,Electronic - Short Form,Web
Treadclimber,CAM47456 ICASTSF15B,8/31/2015,8/31/2015,8/31/2015,15,Electronic - Short Form,Web
Treadclimber,CAM47456 ICASTSF15B,9/1/2015,9/1/2015,8/31/2015,13,Electronic - Short Form,Web
Treadclimber,CAM47456 ICASTSF15B,,9/1/2015,8/31/2015,1,Electronic - Short Form,Web
Treadclimber,CAM47456 ICASTSF15B,9/2/2015,9/2/2015,8/31/2015,13,Electronic - Short Form,Web
Treadclimber,CAM47456 ICASTSF15B,9/3/2015,9/3/2015,8/31/2015,17,Electronic - Short Form,Web
Treadclimber,CAM47456 ICASTSF15B,9/4/2015,9/4/2015,8/31/2015,46,Electronic - Short Form,Web
Treadclimber,CAM47456 ICASTSF15B,9/5/2015,9/5/2015,8/31/2015,36,Electronic - Short Form,Web
Treadclimber,CAM47456 ICASTSF15B,9/6/2015,9/6/2015,8/31/2015,218,Electronic - Short Form,Web
Treadclimber,CAM47456 ICASTSF15B,9/16/2015,9/6/2015,8/31/2015,2,Electronic - Short Form,Web
Treadclimber,CAM47456 ICASTSF15B,9/24/2015,9/6/2015,8/31/2015,1,Electronic - Short Form,Web
Treadclimber,CAM47896 ICASTSF15C,8/31/2015,8/31/2015,8/31/2015,3,Electronic - Short Form,Web
Treadclimber,CAM47896 ICASTSF15C,9/1/2015,9/1/2015,8/31/2015,2,Electronic - Short Form,Web
Treadclimber,CAM47896 ICASTSF15C,9/2/2015,9/2/2015,8/31/2015,3,Electronic - Short Form,Web
Treadclimber,CAM47896 ICASTSF15C,9/4/2015,9/4/2015,8/31/2015,1,Electronic - Short Form,Web
Treadclimber,CAM47896 ICASTSF15C,9/5/2015,9/5/2015,8/31/2015,1,Electronic - Short Form,Web
Treadclimber,CAM128 1800BOWFLEX_CAB,,9/1/2015,8/31/2015,1,Electronic - UnSourced,Call Center Internal
Treadclimber,CAM132 1800BOWFLEX_CAT,8/31/2015,8/31/2015,8/31/2015,1,Electronic - UnSourced,Call Center Internal
Treadclimber,CAM132 1800BOWFLEX_CAT,,8/31/2015,8/31/2015,1,Electronic - UnSourced,Call Center Internal
Treadclimber,CAM132 1800BOWFLEX_CAT,9/4/2015,9/4/2015,8/31/2015,1,Electronic - UnSourced,Call Center Internal
Treadclimber,CAM132 1800BOWFLEX_CAT,9/6/2015,9/6/2015,8/31/2015,1,Electronic - UnSourced,Call Center Internal
Treadclimber,CAM133 1800BOWFLEX_TRC,,9/1/2015,8/31/2015,1,Electronic - UnSourced,Call Center Internal
Treadclimber,CAM133 1800BOWFLEX_TRC,,9/5/2015,8/31/2015,1,Electronic - UnSourced,Call Center Internal
Treadclimber,CAM133 1800BOWFLEX_TRC,,9/6/2015,8/31/2015,1,Electronic - UnSourced,Call Center Internal
Treadclimber,CAM28491 icat1sitecat,8/31/2015,8/31/2015,8/31/2015,1,Electronic - UnSourced,Web
Treadclimber,CAM28491 icat1sitecat,9/5/2015,9/5/2015,8/31/2015,4,Electronic - UnSourced,Web
Treadclimber,CAM28491 icat1sitecat,,9/5/2015,8/31/2015,1,Electronic - UnSourced,Web
Treadclimber,CAM28491 icat1sitecat,9/6/2015,9/6/2015,8/31/2015,4,Electronic - UnSourced,Web
Treadclimber,CAM40760 ICATHOME,8/31/2015,8/31/2015,8/31/2015,5,Electronic - UnSourced,Web
Treadclimber,CAM40760 ICATHOME,9/20/2015,8/31/2015,8/31/2015,1,Electronic - UnSourced,Web
Treadclimber,CAM40760 ICATHOME,,8/31/2015,8/31/2015,2,Electronic - UnSourced,Web
Treadclimber,CAM40760 ICATHOME,9/1/2015,9/1/2015,8/31/2015,9,Electronic - UnSourced,Web
Treadclimber,CAM40760 ICATHOME,,9/1/2015,8/31/2015,1,Electronic - UnSourced,Web
Treadclimber,CAM40760 ICATHOME,9/2/2015,9/2/2015,8/31/2015,22,Electronic - UnSourced,Web
Treadclimber,CAM40760 ICATHOME,,9/2/2015,8/31/2015,1,Electronic - UnSourced,Web
Treadclimber,CAM40760 ICATHOME,9/3/2015,9/3/2015,8/31/2015,7,Electronic - UnSourced,Web
Treadclimber,CAM40760 ICATHOME,,9/3/2015,8/31/2015,1,Electronic - UnSourced,Web
Treadclimber,CAM40760 ICATHOME,9/4/2015,9/4/2015,8/31/2015,25,Electronic - UnSourced,Web
Treadclimber,CAM40760 ICATHOME,,9/4/2015,8/31/2015,2,Electronic - UnSourced,Web
Treadclimber,CAM40760 ICATHOME,9/5/2015,9/5/2015,8/31/2015,23,Electronic - UnSourced,Web
Treadclimber,CAM40760 ICATHOME,,9/5/2015,8/31/2015,2,Electronic - UnSourced,Web
Treadclimber,CAM40760 ICATHOME,9/6/2015,9/6/2015,8/31/2015,106,Electronic - UnSourced,Web
Treadclimber,CAM40760 ICATHOME,9/7/2015,9/6/2015,8/31/2015,1,Electronic - UnSourced,Web
Treadclimber,CAM40760 ICATHOME,,9/6/2015,8/31/2015,3,Electronic - UnSourced,Web
Treadclimber,CAM44236 SAWMAX,,9/6/2015,8/31/2015,1,Electronic - UnSourced,Call Center Internal
Treadclimber,CAM45632 ICAEE1SITECMT,,9/4/2015,8/31/2015,1,Electronic - UnSourced,Web
Treadclimber,CAM45699 SAWICAEEMAX,,9/2/2015,8/31/2015,2,Electronic - UnSourced,Call Center Internal
Treadclimber,CAM45699 SAWICAEEMAX,,9/3/2015,8/31/2015,2,Electronic - UnSourced,Call Center Internal
Treadclimber,CAM37531 SAWICAODAKT,9/3/2015,9/3/2015,8/31/2015,1,Online Display,Call Center Internal
Treadclimber,CAM41253 icaodaktdl3,9/4/2015,9/4/2015,8/31/2015,1,Online Display,Web
Treadclimber,CAM41253 icaodaktdl3,9/5/2015,9/5/2015,8/31/2015,1,Online Display,Web
Treadclimber,CAM41253 icaodaktdl3,9/6/2015,9/6/2015,8/31/2015,2,Online Display,Web
Treadclimber,CAM41254 icaodaktdl4,9/6/2015,9/6/2015,8/31/2015,1,Online Display,Web
Treadclimber,CAM45912 ICAODAKEDL1,,9/6/2015,8/31/2015,1,Online Display,Web
Treadclimber,CAM46541 ICAODAKTDL7,9/3/2015,9/3/2015,8/31/2015,1,Online Display,Web
Treadclimber,CAM46541 ICAODAKTDL7,,9/5/2015,8/31/2015,1,Online Display,Web
Treadclimber,CAM2576 icaosgcrsl6_NLS,,9/1/2015,8/31/2015,1,Online Search,Call Center Internal
Treadclimber,CAM30841 icaosgctsl2,8/31/2015,8/31/2015,8/31/2015,5,Online Search,Web
Treadclimber,CAM30841 icaosgctsl2,,8/31/2015,8/31/2015,2,Online Search,Web
Treadclimber,CAM30841 icaosgctsl2,9/1/2015,9/1/2015,8/31/2015,2,Online Search,Web
Treadclimber,CAM30841 icaosgctsl2,,9/1/2015,8/31/2015,2,Online Search,Web
Treadclimber,CAM30841 icaosgctsl2,9/2/2015,9/2/2015,8/31/2015,6,Online Search,Web
Treadclimber,CAM30841 icaosgctsl2,,9/2/2015,8/31/2015,3,Online Search,Web
Treadclimber,CAM30841 icaosgctsl2,9/3/2015,9/3/2015,8/31/2015,4,Online Search,Web
Treadclimber,CAM30841 icaosgctsl2,,9/3/2015,8/31/2015,1,Online Search,Web
Treadclimber,CAM30841 icaosgctsl2,9/4/2015,9/4/2015,8/31/2015,3,Online Search,Web
Treadclimber,CAM30841 icaosgctsl2,9/5/2015,9/5/2015,8/31/2015,5,Online Search,Web
Treadclimber,CAM30841 icaosgctsl2,9/6/2015,9/6/2015,8/31/2015,12,Online Search,Web
Treadclimber,CAM30841 icaosgctsl2,,9/6/2015,8/31/2015,2,Online Search,Web
Treadclimber,CAM30842 icaosgctsl3,9/2/2015,9/2/2015,8/31/2015,1,Online Search,Web
Treadclimber,CAM30842 icaosgctsl3,9/3/2015,9/3/2015,8/31/2015,1,Online Search,Web
Treadclimber,CAM30842 icaosgctsl3,9/5/2015,9/5/2015,8/31/2015,1,Online Search,Web
Treadclimber,CAM30842 icaosgctsl3,9/6/2015,9/6/2015,8/31/2015,5,Online Search,Web
Treadclimber,CAM30891 SAWICAOSGCW,,8/31/2015,8/31/2015,1,Online Search,Call Center Internal
Treadclimber,CAM30896 SAWICAOSGCT,,8/31/2015,8/31/2015,1,Online Search,Call Center Internal
Treadclimber,CAM30896 SAWICAOSGCT,,9/2/2015,8/31/2015,1,Online Search,Call Center Internal
Treadclimber,CAM30896 SAWICAOSGCT,9/4/2015,9/4/2015,8/31/2015,1,Online Search,Call Center Internal
Treadclimber,CAM36695 icaosgctgl1cat,8/31/2015,8/31/2015,8/31/2015,1,Online Search,Web
Treadclimber,CAM36695 icaosgctgl1cat,,8/31/2015,8/31/2015,2,Online Search,Web
Treadclimber,CAM36695 icaosgctgl1cat,9/1/2015,9/1/2015,8/31/2015,2,Online Search,Web
Treadclimber,CAM36695 icaosgctgl1cat,,9/1/2015,8/31/2015,1,Online Search,Web
Treadclimber,CAM36695 icaosgctgl1cat,9/2/2015,9/2/2015,8/31/2015,1,Online Search,Web
Treadclimber,CAM37661 icaosgctsl5,,8/31/2015,8/31/2015,1,Online Search,Web
Treadclimber,CAM37661 icaosgctsl5,9/1/2015,9/1/2015,8/31/2015,1,Online Search,Web
Treadclimber,CAM37661 icaosgctsl5,9/2/2015,9/2/2015,8/31/2015,1,Online Search,Web
Treadclimber,CAM37661 icaosgctsl5,9/4/2015,9/4/2015,8/31/2015,1,Online Search,Web
Treadclimber,CAM37661 icaosgctsl5,9/6/2015,9/6/2015,8/31/2015,1,Online Search,Web
Treadclimber,CAM37864 icaosgctsl6,8/31/2015,8/31/2015,8/31/2015,2,Online Search,Web
Treadclimber,CAM37864 icaosgctsl6,9/8/2015,9/6/2015,8/31/2015,1,Online Search,Web
Treadclimber,CAM37865 icaosgctsl7,,8/31/2015,8/31/2015,1,Online Search,Web
Treadclimber,CAM37865 icaosgctsl7,9/5/2015,9/5/2015,8/31/2015,1,Online Search,Web
Treadclimber,CAM37865 icaosgctsl7,9/6/2015,9/6/2015,8/31/2015,1,Online Search,Web
Treadclimber,CAM39467 icaosbctsl1,,9/1/2015,8/31/2015,1,Online Search,Web
Treadclimber,CAM39467 icaosbctsl1,,9/2/2015,8/31/2015,1,Online Search,Web
Treadclimber,CAM39467 icaosbctsl1,9/6/2015,9/6/2015,8/31/2015,1,Online Search,Web
Treadclimber,CAM39467 icaosbctsl1,,9/6/2015,8/31/2015,1,Online Search,Web
Treadclimber,CAM40996 icaosbctgl1cat,,8/31/2015,8/31/2015,1,Online Search,Web
Treadclimber,CAM40996 icaosbctgl1cat,9/2/2015,9/2/2015,8/31/2015,1,Online Search,Web
Treadclimber,CAM40997 icaosbctsl6,9/6/2015,9/6/2015,8/31/2015,1,Online Search,Web
Treadclimber,CAM44489 icaosgctml2,8/31/2015,8/31/2015,8/31/2015,2,Online Search,Web
Treadclimber,CAM44489 icaosgctml2,9/2/2015,9/2/2015,8/31/2015,4,Online Search,Web
Treadclimber,CAM44489 icaosgctml2,9/3/2015,9/3/2015,8/31/2015,4,Online Search,Web
Treadclimber,CAM44489 icaosgctml2,9/4/2015,9/4/2015,8/31/2015,3,Online Search,Web
Treadclimber,CAM44489 icaosgctml2,9/5/2015,9/5/2015,8/31/2015,3,Online Search,Web
Treadclimber,CAM44489 icaosgctml2,9/13/2015,9/5/2015,8/31/2015,1,Online Search,Web
Treadclimber,CAM44489 icaosgctml2,9/6/2015,9/6/2015,8/31/2015,15,Online Search,Web
Treadclimber,CAM44966 icaosbctml1,9/1/2015,9/1/2015,8/31/2015,1,Online Search,Web
Treadclimber,CAM44966 icaosbctml1,9/2/2015,9/2/2015,8/31/2015,1,Online Search,Web
Treadclimber,CAM44966 icaosbctml1,9/4/2015,9/4/2015,8/31/2015,1,Online Search,Web
Treadclimber,CAM44966 icaosbctml1,9/5/2015,9/5/2015,8/31/2015,1,Online Search,Web
Treadclimber,CAM44966 icaosbctml1,9/6/2015,9/6/2015,8/31/2015,1,Online Search,Web
Treadclimber,CAM45624 ICAOSGCESL2,,9/2/2015,8/31/2015,1,Online Search,Web
Treadclimber,CAM45633 ICAOSGCEGL1CMT,,8/31/2015,8/31/2015,2,Online Search,Web
Treadclimber,CAM45633 ICAOSGCEGL1CMT,,9/1/2015,8/31/2015,2,Online Search,Web
Treadclimber,CAM45634 ICAOSBCEGL1CMT,,9/4/2015,8/31/2015,1,Online Search,Call Center Internal
Treadclimber,CAM45690 SAWICAOSGCE,,9/1/2015,8/31/2015,1,Online Search,Call Center Internal
Treadclimber,CAM45690 SAWICAOSGCE,,9/5/2015,8/31/2015,1,Online Search,Call Center Internal
Treadclimber,CAM45691 SAWICAOSBCE,,9/2/2015,8/31/2015,1,Online Search,Call Center Internal
Treadclimber,CAM47275 ICAOSGCTSL12,9/6/2015,9/6/2015,8/31/2015,1,Online Search,Web
Treadclimber,CAM45437 ICAOFG2TFEED1,,9/6/2015,8/31/2015,1,Online Shopping,Web
Treadclimber,CAM35680 INTELEMEDIACA,8/31/2015,8/31/2015,8/31/2015,1,Short Form,Call Center Internal
Treadclimber,CAM35680 INTELEMEDIACA,,8/31/2015,8/31/2015,1,Short Form,Call Center Internal
Treadclimber,CAM35680 INTELEMEDIACA,9/2/2015,9/2/2015,8/31/2015,1,Short Form,Call Center Internal
Treadclimber,CAM47336 TSN*C120HAMF*KST,,9/6/2015,8/31/2015,1,Short Form,Call Center Internal
Treadclimber,CAM47344 SPKEN120ALOBYTIC,9/2/2015,9/2/2015,8/31/2015,1,Short Form,Third Party Call Center - Evolve
Treadclimber,CAM47459 SPRKC120LADY*KST,9/5/2015,9/5/2015,8/31/2015,1,Short Form,Call Center Internal
Treadclimber,CAM47462 CHEKC120LADY*KST,9/1/2015,9/1/2015,8/31/2015,1,Short Form,Call Center Internal
Treadclimber,CAM47463 CMDGC120LADY*KST,8/31/2015,8/31/2015,8/31/2015,1,Short Form,Call Center Internal
Treadclimber,CAM47464 COSMC120LADY*KST,,9/2/2015,8/31/2015,1,Short Form,Call Center Internal
Treadclimber,CAM47464 COSMC120LADY*KST,9/5/2015,9/5/2015,8/31/2015,1,Short Form,Call Center Internal
Treadclimber,CAM47465 DOCUC120LADY*KST,9/4/2015,9/4/2015,8/31/2015,1,Short Form,Call Center Internal
Treadclimber,CAM47474 TSN*C120LADY*KST,9/16/2015,8/31/2015,8/31/2015,1,Short Form,Call Center Internal
Treadclimber,CAM47474 TSN*C120LADY*KST,9/6/2015,9/6/2015,8/31/2015,4,Short Form,Call Center Internal
Treadclimber,CAM47476 VISNC120LADY*KST,9/1/2015,9/1/2015,8/31/2015,1,Short Form,Call Center Internal
Treadclimber,CAM47476 VISNC120LADY*KST,9/2/2015,9/2/2015,8/31/2015,1,Short Form,Call Center Internal
Treadclimber,CAM47478 WXYZC120LADY*KST,9/4/2015,9/4/2015,8/31/2015,1,Short Form,Call Center Internal
Treadclimber,CAM47480 WNCAC120LADY*KST,9/6/2015,9/6/2015,8/31/2015,1,Short Form,Call Center Internal
Treadclimber,CAM47577 CMT*C120LADY*KST,9/5/2015,9/5/2015,8/31/2015,2,Short Form,Call Center Internal
Treadclimber,CAM47579 FYI*C120LADY*KST,9/5/2015,9/5/2015,8/31/2015,1,Short Form,Call Center Internal
Treadclimber,CAM47675 CANCC120LADY*KST,9/4/2015,9/4/2015,8/31/2015,1,Short Form,Call Center Internal
Treadclimber,CAM28157 SALESFOLLOWUP,,9/1/2015,8/31/2015,1,Un-Sourced,Call Center Internal
Treadclimber,CAM28157 SALESFOLLOWUP,,9/2/2015,8/31/2015,1,Un-Sourced,Call Center Internal
Treadclimber,CAM28157 SALESFOLLOWUP,,9/4/2015,8/31/2015,1,Un-Sourced,Call Center Internal
Treadclimber,CAM28157 SALESFOLLOWUP,,9/5/2015,8/31/2015,1,Un-Sourced,Call Center Internal
Treadclimber,CAM40825 1800TREADCLIMBER,,9/1/2015,8/31/2015,2,Un-Sourced,Call Center Internal
Treadclimber,CAM40825 1800TREADCLIMBER,,9/2/2015,8/31/2015,1,Un-Sourced,Call Center Internal
Treadclimber,CAM40825 1800TREADCLIMBER,,9/4/2015,8/31/2015,1,Un-Sourced,Call Center Internal
Treadclimber,CAM45327 1800MAXTRAINER,,9/1/2015,8/31/2015,2,Un-Sourced,Call Center Internal
Treadclimber,CAM45327 1800MAXTRAINER,,9/3/2015,8/31/2015,2,Un-Sourced,Call Center Internal
Treadclimber,CAM30971 icastsf09buytc,9/10/2015,9/10/2015,9/7/2015,1,Electronic - Short Form,Web
Treadclimber,CAM36732 icastsf12a,9/7/2015,9/7/2015,9/7/2015,1,Electronic - Short Form,Web
Treadclimber,CAM37204 icastsf12b,9/7/2015,9/7/2015,9/7/2015,29,Electronic - Short Form,Web
Treadclimber,CAM37204 icastsf12b,9/8/2015,9/8/2015,9/7/2015,3,Electronic - Short Form,Web
Treadclimber,CAM37204 icastsf12b,9/9/2015,9/9/2015,9/7/2015,2,Electronic - Short Form,Web
Treadclimber,CAM37204 icastsf12b,9/10/2015,9/10/2015,9/7/2015,1,Electronic - Short Form,Web
Treadclimber,CAM37204 icastsf12b,9/11/2015,9/11/2015,9/7/2015,1,Electronic - Short Form,Web
Treadclimber,CAM37204 icastsf12b,9/12/2015,9/12/2015,9/7/2015,8,Electronic - Short Form,Web
Treadclimber,CAM37204 icastsf12b,9/13/2015,9/13/2015,9/7/2015,4,Electronic - Short Form,Web
Treadclimber,CAM45694 ICASESF14B,,9/8/2015,9/7/2015,1,Electronic - Short Form,Call Center Internal
Treadclimber,CAM45694 ICASESF14B,,9/7/2015,9/7/2015,1,Electronic - Short Form,Web
Treadclimber,CAM47456 ICASTSF15B,9/7/2015,9/7/2015,9/7/2015,45,Electronic - Short Form,Web
Treadclimber,CAM47456 ICASTSF15B,9/16/2015,9/7/2015,9/7/2015,1,Electronic - Short Form,Web
Treadclimber,CAM47456 ICASTSF15B,9/8/2015,9/8/2015,9/7/2015,14,Electronic - Short Form,Web
Treadclimber,CAM47456 ICASTSF15B,9/9/2015,9/9/2015,9/7/2015,13,Electronic - Short Form,Web
Treadclimber,CAM47456 ICASTSF15B,9/10/2015,9/10/2015,9/7/2015,23,Electronic - Short Form,Web
Treadclimber,CAM47456 ICASTSF15B,9/11/2015,9/11/2015,9/7/2015,16,Electronic - Short Form,Web
Treadclimber,CAM47456 ICASTSF15B,9/16/2015,9/11/2015,9/7/2015,1,Electronic - Short Form,Web
Treadclimber,CAM47456 ICASTSF15B,,9/11/2015,9/7/2015,1,Electronic - Short Form,Web
Treadclimber,CAM47456 ICASTSF15B,9/12/2015,9/12/2015,9/7/2015,43,Electronic - Short Form,Web
Treadclimber,CAM47456 ICASTSF15B,9/13/2015,9/13/2015,9/7/2015,44,Electronic - Short Form,Web
Treadclimber,CAM47896 ICASTSF15C,9/7/2015,9/7/2015,9/7/2015,1,Electronic - Short Form,Web
Treadclimber,CAM47896 ICASTSF15C,,9/8/2015,9/7/2015,1,Electronic - Short Form,Web
Treadclimber,CAM47896 ICASTSF15C,9/10/2015,9/10/2015,9/7/2015,2,Electronic - Short Form,Web
Treadclimber,CAM133 1800BOWFLEX_TRC,9/8/2015,9/8/2015,9/7/2015,1,Electronic - UnSourced,Call Center Internal
Treadclimber,CAM133 1800BOWFLEX_TRC,9/13/2015,9/13/2015,9/7/2015,1,Electronic - UnSourced,Call Center Internal
Treadclimber,CAM28491 icat1sitecat,,9/13/2015,9/7/2015,1,Electronic - UnSourced,Call Center Internal
Treadclimber,CAM28491 icat1sitecat,9/7/2015,9/7/2015,9/7/2015,1,Electronic - UnSourced,Web
Treadclimber,CAM28491 icat1sitecat,9/8/2015,9/8/2015,9/7/2015,3,Electronic - UnSourced,Web
Treadclimber,CAM28491 icat1sitecat,9/9/2015,9/9/2015,9/7/2015,1,Electronic - UnSourced,Web
Treadclimber,CAM28491 icat1sitecat,,9/10/2015,9/7/2015,1,Electronic - UnSourced,Web
Treadclimber,CAM28491 icat1sitecat,,9/11/2015,9/7/2015,1,Electronic - UnSourced,Web
Treadclimber,CAM28491 icat1sitecat,9/12/2015,9/12/2015,9/7/2015,2,Electronic - UnSourced,Web
Treadclimber,CAM28491 icat1sitecat,,9/12/2015,9/7/2015,1,Electronic - UnSourced,Web
Treadclimber,CAM28491 icat1sitecat,9/13/2015,9/13/2015,9/7/2015,1,Electronic - UnSourced,Web
Treadclimber,CAM28491 icat1sitecat,,9/13/2015,9/7/2015,1,Electronic - UnSourced,Web
Treadclimber,CAM40760 ICATHOME,9/7/2015,9/7/2015,9/7/2015,39,Electronic - UnSourced,Web
Treadclimber,CAM40760 ICATHOME,,9/7/2015,9/7/2015,2,Electronic - UnSourced,Web
Treadclimber,CAM40760 ICATHOME,9/8/2015,9/8/2015,9/7/2015,16,Electronic - UnSourced,Web
Treadclimber,CAM40760 ICATHOME,,9/8/2015,9/7/2015,2,Electronic - UnSourced,Web
Treadclimber,CAM40760 ICATHOME,9/9/2015,9/9/2015,9/7/2015,18,Electronic - UnSourced,Web
Treadclimber,CAM40760 ICATHOME,,9/9/2015,9/7/2015,4,Electronic - UnSourced,Web
Treadclimber,CAM40760 ICATHOME,9/10/2015,9/10/2015,9/7/2015,23,Electronic - UnSourced,Web
Treadclimber,CAM40760 ICATHOME,,9/10/2015,9/7/2015,3,Electronic - UnSourced,Web
Treadclimber,CAM40760 ICATHOME,9/11/2015,9/11/2015,9/7/2015,10,Electronic - UnSourced,Web
Treadclimber,CAM40760 ICATHOME,9/16/2015,9/11/2015,9/7/2015,1,Electronic - UnSourced,Web
Treadclimber,CAM40760 ICATHOME,9/12/2015,9/12/2015,9/7/2015,24,Electronic - UnSourced,Web
Treadclimber,CAM40760 ICATHOME,9/22/2015,9/12/2015,9/7/2015,1,Electronic - UnSourced,Web
Treadclimber,CAM40760 ICATHOME,,9/12/2015,9/7/2015,2,Electronic - UnSourced,Web
Treadclimber,CAM40760 ICATHOME,9/13/2015,9/13/2015,9/7/2015,25,Electronic - UnSourced,Web
Treadclimber,CAM40760 ICATHOME,,9/13/2015,9/7/2015,3,Electronic - UnSourced,Web
Treadclimber,CAM44236 SAWMAX,,9/9/2015,9/7/2015,1,Electronic - UnSourced,Call Center Internal
Treadclimber,CAM44626 1800BOWFLEX_BMT,,9/7/2015,9/7/2015,1,Electronic - UnSourced,Call Center Internal
Treadclimber,CAM45632 ICAEE1SITECMT,,9/7/2015,9/7/2015,1,Electronic - UnSourced,Call Center Internal
Treadclimber,CAM45632 ICAEE1SITECMT,,9/9/2015,9/7/2015,2,Electronic - UnSourced,Call Center Internal
Treadclimber,CAM45632 ICAEE1SITECMT,,9/8/2015,9/7/2015,3,Electronic - UnSourced,Web
Treadclimber,CAM45632 ICAEE1SITECMT,,9/11/2015,9/7/2015,1,Electronic - UnSourced,Web
Treadclimber,CAM45632 ICAEE1SITECMT,,9/12/2015,9/7/2015,1,Electronic - UnSourced,Web
Treadclimber,CAM45699 SAWICAEEMAX,,9/10/2015,9/7/2015,1,Electronic - UnSourced,Call Center Internal
Treadclimber,CAM45699 SAWICAEEMAX,,9/11/2015,9/7/2015,1,Electronic - UnSourced,Call Center Internal
Treadclimber,CAM41253 icaodaktdl3,9/7/2015,9/7/2015,9/7/2015,1,Online Display,Web
Treadclimber,CAM41253 icaodaktdl3,9/10/2015,9/10/2015,9/7/2015,1,Online Display,Web
Treadclimber,CAM41253 icaodaktdl3,9/11/2015,9/11/2015,9/7/2015,1,Online Display,Web
Treadclimber,CAM41253 icaodaktdl3,9/13/2015,9/13/2015,9/7/2015,2,Online Display,Web
Treadclimber,CAM45917 SAWICAODAKE,,9/11/2015,9/7/2015,1,Online Display,Call Center Internal
Treadclimber,CAM46541 ICAODAKTDL7,9/13/2015,9/13/2015,9/7/2015,1,Online Display,Web
Treadclimber,CAM30841 icaosgctsl2,9/9/2015,9/9/2015,9/7/2015,1,Online Search,Call Center Internal
Treadclimber,CAM30841 icaosgctsl2,9/7/2015,9/7/2015,9/7/2015,8,Online Search,Web
Treadclimber,CAM30841 icaosgctsl2,,9/7/2015,9/7/2015,2,Online Search,Web
Treadclimber,CAM30841 icaosgctsl2,9/8/2015,9/8/2015,9/7/2015,6,Online Search,Web
Treadclimber,CAM30841 icaosgctsl2,,9/8/2015,9/7/2015,2,Online Search,Web
Treadclimber,CAM30841 icaosgctsl2,9/9/2015,9/9/2015,9/7/2015,2,Online Search,Web
Treadclimber,CAM30841 icaosgctsl2,,9/9/2015,9/7/2015,2,Online Search,Web
Treadclimber,CAM30841 icaosgctsl2,9/10/2015,9/10/2015,9/7/2015,3,Online Search,Web
Treadclimber,CAM30841 icaosgctsl2,,9/11/2015,9/7/2015,2,Online Search,Web
Treadclimber,CAM30841 icaosgctsl2,9/12/2015,9/12/2015,9/7/2015,3,Online Search,Web
Treadclimber,CAM30841 icaosgctsl2,,9/12/2015,9/7/2015,1,Online Search,Web
Treadclimber,CAM30841 icaosgctsl2,9/13/2015,9/13/2015,9/7/2015,14,Online Search,Web
Treadclimber,CAM30841 icaosgctsl2,,9/13/2015,9/7/2015,1,Online Search,Web
Treadclimber,CAM30842 icaosgctsl3,9/7/2015,9/7/2015,9/7/2015,1,Online Search,Web
Treadclimber,CAM30842 icaosgctsl3,9/8/2015,9/8/2015,9/7/2015,1,Online Search,Web
Treadclimber,CAM30842 icaosgctsl3,9/11/2015,9/11/2015,9/7/2015,3,Online Search,Web
Treadclimber,CAM30842 icaosgctsl3,9/12/2015,9/12/2015,9/7/2015,2,Online Search,Web
Treadclimber,CAM30896 SAWICAOSGCT,9/7/2015,9/7/2015,9/7/2015,1,Online Search,Call Center Internal
Treadclimber,CAM30896 SAWICAOSGCT,,9/7/2015,9/7/2015,1,Online Search,Call Center Internal
Treadclimber,CAM33017 SAWCAOSGCTMOBILE,,9/10/2015,9/7/2015,1,Online Search,Call Center Internal
Treadclimber,CAM33017 SAWCAOSGCTMOBILE,9/11/2015,9/11/2015,9/7/2015,1,Online Search,Call Center Internal
Treadclimber,CAM36695 icaosgctgl1cat,9/12/2015,9/12/2015,9/7/2015,1,Online Search,Web
Treadclimber,CAM36695 icaosgctgl1cat,9/13/2015,9/13/2015,9/7/2015,1,Online Search,Web
Treadclimber,CAM37608 SAWICAOSBCT,,9/9/2015,9/7/2015,1,Online Search,Call Center Internal
Treadclimber,CAM37660 icaosbctsl5,9/9/2015,9/9/2015,9/7/2015,1,Online Search,Web
Treadclimber,CAM37661 icaosgctsl5,9/7/2015,9/7/2015,9/7/2015,1,Online Search,Web
Treadclimber,CAM37661 icaosgctsl5,9/9/2015,9/9/2015,9/7/2015,1,Online Search,Web
Treadclimber,CAM37661 icaosgctsl5,9/11/2015,9/11/2015,9/7/2015,2,Online Search,Web
Treadclimber,CAM37661 icaosgctsl5,9/13/2015,9/13/2015,9/7/2015,2,Online Search,Web
Treadclimber,CAM37864 icaosgctsl6,9/7/2015,9/7/2015,9/7/2015,1,Online Search,Web
Treadclimber,CAM39467 icaosbctsl1,9/7/2015,9/7/2015,9/7/2015,2,Online Search,Web
Treadclimber,CAM39467 icaosbctsl1,,9/7/2015,9/7/2015,2,Online Search,Web
Treadclimber,CAM39467 icaosbctsl1,,9/8/2015,9/7/2015,1,Online Search,Web
Treadclimber,CAM39467 icaosbctsl1,9/10/2015,9/10/2015,9/7/2015,1,Online Search,Web
Treadclimber,CAM39467 icaosbctsl1,,9/10/2015,9/7/2015,2,Online Search,Web
Treadclimber,CAM39467 icaosbctsl1,,9/11/2015,9/7/2015,1,Online Search,Web
Treadclimber,CAM39467 icaosbctsl1,9/13/2015,9/13/2015,9/7/2015,2,Online Search,Web
Treadclimber,CAM39468 icaosbctsl2,9/13/2015,9/13/2015,9/7/2015,1,Online Search,Web
Treadclimber,CAM40996 icaosbctgl1cat,,9/8/2015,9/7/2015,2,Online Search,Web
Treadclimber,CAM40996 icaosbctgl1cat,9/9/2015,9/9/2015,9/7/2015,1,Online Search,Web
Treadclimber,CAM40997 icaosbctsl6,9/12/2015,9/12/2015,9/7/2015,2,Online Search,Web
Treadclimber,CAM40997 icaosbctsl6,9/13/2015,9/13/2015,9/7/2015,1,Online Search,Web
Treadclimber,CAM41072 icaosbctsl10,9/13/2015,9/13/2015,9/7/2015,1,Online Search,Web
Treadclimber,CAM44489 icaosgctml2,9/7/2015,9/7/2015,9/7/2015,8,Online Search,Web
Treadclimber,CAM44489 icaosgctml2,,9/7/2015,9/7/2015,1,Online Search,Web
Treadclimber,CAM44489 icaosgctml2,9/8/2015,9/8/2015,9/7/2015,1,Online Search,Web
Treadclimber,CAM44489 icaosgctml2,9/9/2015,9/9/2015,9/7/2015,1,Online Search,Web
Treadclimber,CAM44489 icaosgctml2,9/10/2015,9/10/2015,9/7/2015,2,Online Search,Web
Treadclimber,CAM44489 icaosgctml2,9/11/2015,9/11/2015,9/7/2015,1,Online Search,Web
Treadclimber,CAM44489 icaosgctml2,9/12/2015,9/12/2015,9/7/2015,3,Online Search,Web
Treadclimber,CAM44489 icaosgctml2,9/13/2015,9/13/2015,9/7/2015,3,Online Search,Web
Treadclimber,CAM44966 icaosbctml1,9/12/2015,9/12/2015,9/7/2015,2,Online Search,Web
Treadclimber,CAM45624 ICAOSGCESL2,,9/11/2015,9/7/2015,1,Online Search,Web
Treadclimber,CAM45624 ICAOSGCESL2,,9/13/2015,9/7/2015,2,Online Search,Web
Treadclimber,CAM45626 ICAOSGCEML2,,9/7/2015,9/7/2015,1,Online Search,Web
Treadclimber,CAM45690 SAWICAOSGCE,,9/9/2015,9/7/2015,1,Online Search,Call Center Internal
Treadclimber,CAM45841 ICAOSGCESL8,,9/10/2015,9/7/2015,1,Online Search,Web
Treadclimber,CAM45842 ICAOSGCESL9,,9/13/2015,9/7/2015,1,Online Search,Web
Treadclimber,CAM47271 ICAOSGCESL10,,9/8/2015,9/7/2015,1,Online Search,Web
Treadclimber,CAM45437 ICAOFG2TFEED1,9/12/2015,9/12/2015,9/7/2015,1,Online Shopping,Call Center Internal
Treadclimber,CAM45437 ICAOFG2TFEED1,,9/7/2015,9/7/2015,1,Online Shopping,Web
Treadclimber,CAM45437 ICAOFG2TFEED1,9/8/2015,9/8/2015,9/7/2015,1,Online Shopping,Web
Treadclimber,CAM45437 ICAOFG2TFEED1,,9/8/2015,9/7/2015,1,Online Shopping,Web
Treadclimber,CAM45437 ICAOFG2TFEED1,9/11/2015,9/11/2015,9/7/2015,1,Online Shopping,Web
Treadclimber,CAM45437 ICAOFG2TFEED1,9/13/2015,9/13/2015,9/7/2015,1,Online Shopping,Web
Treadclimber,CAM45631 ICAOFG2EFEED1,,9/8/2015,9/7/2015,1,Online Shopping,Web
Treadclimber,CAM35680 INTELEMEDIACA,,9/7/2015,9/7/2015,1,Short Form,Call Center Internal
Treadclimber,CAM35680 INTELEMEDIACA,9/8/2015,9/8/2015,9/7/2015,2,Short Form,Call Center Internal
Treadclimber,CAM35680 INTELEMEDIACA,9/9/2015,9/9/2015,9/7/2015,1,Short Form,Call Center Internal
Treadclimber,CAM35680 INTELEMEDIACA,9/10/2015,9/10/2015,9/7/2015,1,Short Form,Call Center Internal
Treadclimber,CAM35680 INTELEMEDIACA,,9/10/2015,9/7/2015,1,Short Form,Call Center Internal
Treadclimber,CAM35680 INTELEMEDIACA,9/11/2015,9/11/2015,9/7/2015,4,Short Form,Call Center Internal
Treadclimber,CAM35680 INTELEMEDIACA,9/12/2015,9/12/2015,9/7/2015,1,Short Form,Call Center Internal
Treadclimber,CAM47055 TSN*C120ALOHAKST,9/7/2015,9/7/2015,9/7/2015,2,Short Form,Call Center Internal
Treadclimber,CAM47056 TSN2C120ALOHAKST,9/8/2015,9/8/2015,9/7/2015,1,Short Form,Call Center Internal
Treadclimber,CAM47056 TSN2C120ALOHAKST,9/12/2015,9/12/2015,9/7/2015,1,Short Form,Call Center Internal
Treadclimber,CAM47336 TSN*C120HAMF*KST,,9/7/2015,9/7/2015,1,Short Form,Call Center Internal
Treadclimber,CAM47459 SPRKC120LADY*KST,9/7/2015,9/7/2015,9/7/2015,1,Short Form,Call Center Internal
Treadclimber,CAM47460 APTNC120LADY*KST,9/7/2015,9/7/2015,9/7/2015,1,Short Form,Call Center Internal
Treadclimber,CAM47460 APTNC120LADY*KST,9/11/2015,9/11/2015,9/7/2015,2,Short Form,Call Center Internal
Treadclimber,CAM47461 CHCHC120LADY*KST,9/10/2015,9/10/2015,9/7/2015,1,Short Form,Call Center Internal
Treadclimber,CAM47461 CHCHC120LADY*KST,9/12/2015,9/12/2015,9/7/2015,1,Short Form,Call Center Internal
Treadclimber,CAM47464 COSMC120LADY*KST,9/13/2015,9/13/2015,9/7/2015,1,Short Form,Call Center Internal
Treadclimber,CAM47466 GAMCC120LADY*KST,9/11/2015,9/11/2015,9/7/2015,1,Short Form,Call Center Internal
Treadclimber,CAM47476 VISNC120LADY*KST,9/7/2015,9/7/2015,9/7/2015,1,Short Form,Call Center Internal
Treadclimber,CAM47573 NGW*C120HAMF*KST,,9/9/2015,9/7/2015,1,Short Form,Call Center Internal
Treadclimber,CAM47706 ANMLC120LADY*KST,9/7/2015,9/7/2015,9/7/2015,2,Short Form,Call Center Internal
Treadclimber,CAM47706 ANMLC120LADY*KST,9/10/2015,9/10/2015,9/7/2015,1,Short Form,Call Center Internal
Treadclimber,CAM47707 WMOVC120LADY*KST,9/12/2015,9/12/2015,9/7/2015,1,Short Form,Call Center Internal
Treadclimber,CAM47707 WMOVC120LADY*KST,9/13/2015,9/13/2015,9/7/2015,1,Short Form,Call Center Internal
Treadclimber,CAM47910 TLN*C120LADY*KST,9/8/2015,9/8/2015,9/7/2015,1,Short Form,Call Center Internal
Treadclimber,CAM47910 TLN*C120LADY*KST,,9/11/2015,9/7/2015,1,Short Form,Call Center Internal
Treadclimber,CAM48025 IDISC120LADY*KST,9/8/2015,9/8/2015,9/7/2015,1,Short Form,Call Center Internal
Treadclimber,CAM48025 IDISC120LADY*KST,9/12/2015,9/12/2015,9/7/2015,1,Short Form,Call Center Internal
Treadclimber,CAM40825 1800TREADCLIMBER,,9/10/2015,9/7/2015,2,Un-Sourced,Call Center Internal
Treadclimber,CAM45327 1800MAXTRAINER,,9/7/2015,9/7/2015,2,Un-Sourced,Call Center Internal
Treadclimber,CAM45327 1800MAXTRAINER,,9/9/2015,9/7/2015,2,Un-Sourced,Call Center Internal
Treadclimber,CAM45327 1800MAXTRAINER,,9/10/2015,9/7/2015,2,Un-Sourced,Call Center Internal
Treadclimber,CAM45327 1800MAXTRAINER,,9/11/2015,9/7/2015,1,Un-Sourced,Call Center Internal
Treadclimber,CAM45327 1800MAXTRAINER,,9/12/2015,9/7/2015,1,Un-Sourced,Call Center Internal
Treadclimber,CAM37204 icastsf12b,9/14/2015,9/14/2015,9/14/2015,5,Electronic - Short Form,Web
Treadclimber,CAM37204 icastsf12b,9/15/2015,9/15/2015,9/14/2015,3,Electronic - Short Form,Web
Treadclimber,CAM37204 icastsf12b,9/16/2015,9/16/2015,9/14/2015,1,Electronic - Short Form,Web
Treadclimber,CAM37204 icastsf12b,9/17/2015,9/17/2015,9/14/2015,1,Electronic - Short Form,Web
Treadclimber,CAM37204 icastsf12b,9/18/2015,9/18/2015,9/14/2015,3,Electronic - Short Form,Web
Treadclimber,CAM37204 icastsf12b,9/19/2015,9/19/2015,9/14/2015,10,Electronic - Short Form,Web
Treadclimber,CAM37204 icastsf12b,9/20/2015,9/20/2015,9/14/2015,19,Electronic - Short Form,Web
Treadclimber,CAM45694 ICASESF14B,,9/14/2015,9/14/2015,1,Electronic - Short Form,Web
Treadclimber,CAM47456 ICASTSF15B,9/14/2015,9/14/2015,9/14/2015,16,Electronic - Short Form,Web
Treadclimber,CAM47456 ICASTSF15B,9/15/2015,9/15/2015,9/14/2015,5,Electronic - Short Form,Web
Treadclimber,CAM47456 ICASTSF15B,9/16/2015,9/16/2015,9/14/2015,20,Electronic - Short Form,Web
Treadclimber,CAM47456 ICASTSF15B,9/17/2015,9/17/2015,9/14/2015,16,Electronic - Short Form,Web
Treadclimber,CAM47456 ICASTSF15B,9/18/2015,9/18/2015,9/14/2015,19,Electronic - Short Form,Web
Treadclimber,CAM47456 ICASTSF15B,9/19/2015,9/19/2015,9/14/2015,24,Electronic - Short Form,Web
Treadclimber,CAM47456 ICASTSF15B,9/20/2015,9/20/2015,9/14/2015,24,Electronic - Short Form,Web
Treadclimber,CAM47896 ICASTSF15C,9/16/2015,9/16/2015,9/14/2015,4,Electronic - Short Form,Web
Treadclimber,CAM47896 ICASTSF15C,9/18/2015,9/18/2015,9/14/2015,3,Electronic - Short Form,Web
Treadclimber,CAM47896 ICASTSF15C,9/19/2015,9/19/2015,9/14/2015,2,Electronic - Short Form,Web
Treadclimber,CAM128 1800BOWFLEX_CAB,,9/14/2015,9/14/2015,1,Electronic - UnSourced,Call Center Internal
Treadclimber,CAM132 1800BOWFLEX_CAT,,9/15/2015,9/14/2015,1,Electronic - UnSourced,Call Center Internal
Treadclimber,CAM132 1800BOWFLEX_CAT,,9/16/2015,9/14/2015,1,Electronic - UnSourced,Call Center Internal
Treadclimber,CAM132 1800BOWFLEX_CAT,9/18/2015,9/18/2015,9/14/2015,1,Electronic - UnSourced,Call Center Internal
Treadclimber,CAM133 1800BOWFLEX_TRC,,9/16/2015,9/14/2015,1,Electronic - UnSourced,Call Center Internal
Treadclimber,CAM133 1800BOWFLEX_TRC,9/17/2015,9/17/2015,9/14/2015,1,Electronic - UnSourced,Call Center Internal
Treadclimber,CAM28491 icat1sitecat,9/14/2015,9/14/2015,9/14/2015,3,Electronic - UnSourced,Web
Treadclimber,CAM28491 icat1sitecat,,9/14/2015,9/14/2015,1,Electronic - UnSourced,Web
Treadclimber,CAM28491 icat1sitecat,,9/16/2015,9/14/2015,1,Electronic - UnSourced,Web
Treadclimber,CAM28491 icat1sitecat,9/17/2015,9/17/2015,9/14/2015,3,Electronic - UnSourced,Web
Treadclimber,CAM28491 icat1sitecat,9/18/2015,9/18/2015,9/14/2015,2,Electronic - UnSourced,Web
Treadclimber,CAM28491 icat1sitecat,9/19/2015,9/19/2015,9/14/2015,1,Electronic - UnSourced,Web
Treadclimber,CAM28491 icat1sitecat,9/20/2015,9/20/2015,9/14/2015,1,Electronic - UnSourced,Web
Treadclimber,CAM28491 icat1sitecat,,9/20/2015,9/14/2015,1,Electronic - UnSourced,Web
Treadclimber,CAM40760 ICATHOME,9/14/2015,9/14/2015,9/14/2015,20,Electronic - UnSourced,Web
Treadclimber,CAM40760 ICATHOME,,9/14/2015,9/14/2015,4,Electronic - UnSourced,Web
Treadclimber,CAM40760 ICATHOME,9/15/2015,9/15/2015,9/14/2015,5,Electronic - UnSourced,Web
Treadclimber,CAM40760 ICATHOME,,9/15/2015,9/14/2015,2,Electronic - UnSourced,Web
Treadclimber,CAM40760 ICATHOME,9/16/2015,9/16/2015,9/14/2015,26,Electronic - UnSourced,Web
Treadclimber,CAM40760 ICATHOME,,9/16/2015,9/14/2015,2,Electronic - UnSourced,Web
Treadclimber,CAM40760 ICATHOME,9/17/2015,9/17/2015,9/14/2015,15,Electronic - UnSourced,Web
Treadclimber,CAM40760 ICATHOME,,9/17/2015,9/14/2015,3,Electronic - UnSourced,Web
Treadclimber,CAM40760 ICATHOME,9/18/2015,9/18/2015,9/14/2015,14,Electronic - UnSourced,Web
Treadclimber,CAM40760 ICATHOME,,9/18/2015,9/14/2015,4,Electronic - UnSourced,Web
Treadclimber,CAM40760 ICATHOME,9/19/2015,9/19/2015,9/14/2015,15,Electronic - UnSourced,Web
Treadclimber,CAM40760 ICATHOME,,9/19/2015,9/14/2015,3,Electronic - UnSourced,Web
Treadclimber,CAM40760 ICATHOME,9/20/2015,9/20/2015,9/14/2015,17,Electronic - UnSourced,Web
Treadclimber,CAM40760 ICATHOME,9/27/2015,9/20/2015,9/14/2015,1,Electronic - UnSourced,Web
Treadclimber,CAM40760 ICATHOME,,9/20/2015,9/14/2015,2,Electronic - UnSourced,Web
Treadclimber,CAM44236 SAWMAX,,9/17/2015,9/14/2015,1,Electronic - UnSourced,Call Center Internal
Treadclimber,CAM44626 1800BOWFLEX_BMT,,9/18/2015,9/14/2015,1,Electronic - UnSourced,Call Center Internal
Treadclimber,CAM44626 1800BOWFLEX_BMT,,9/20/2015,9/14/2015,1,Electronic - UnSourced,Call Center Internal
Treadclimber,CAM45632 ICAEE1SITECMT,,9/15/2015,9/14/2015,1,Electronic - UnSourced,Web
Treadclimber,CAM45632 ICAEE1SITECMT,,9/17/2015,9/14/2015,1,Electronic - UnSourced,Web
Treadclimber,CAM45699 SAWICAEEMAX,,9/15/2015,9/14/2015,1,Electronic - UnSourced,Call Center Internal
Treadclimber,CAM45699 SAWICAEEMAX,,9/18/2015,9/14/2015,1,Electronic - UnSourced,Call Center Internal
Treadclimber,CAM45699 SAWICAEEMAX,,9/19/2015,9/14/2015,1,Electronic - UnSourced,Call Center Internal
Treadclimber,CAM41253 icaodaktdl3,9/14/2015,9/14/2015,9/14/2015,2,Online Display,Web
Treadclimber,CAM41253 icaodaktdl3,,9/15/2015,9/14/2015,1,Online Display,Web
Treadclimber,CAM41253 icaodaktdl3,9/19/2015,9/19/2015,9/14/2015,2,Online Display,Web
Treadclimber,CAM41253 icaodaktdl3,9/20/2015,9/20/2015,9/14/2015,1,Online Display,Web
Treadclimber,CAM46541 ICAODAKTDL7,9/17/2015,9/17/2015,9/14/2015,1,Online Display,Web
Treadclimber,CAM30840 icaosgctsl1,,9/20/2015,9/14/2015,1,Online Search,Web
Treadclimber,CAM30841 icaosgctsl2,9/14/2015,9/14/2015,9/14/2015,6,Online Search,Web
Treadclimber,CAM30841 icaosgctsl2,9/16/2015,9/14/2015,9/14/2015,1,Online Search,Web
Treadclimber,CAM30841 icaosgctsl2,,9/14/2015,9/14/2015,2,Online Search,Web
Treadclimber,CAM30841 icaosgctsl2,9/15/2015,9/15/2015,9/14/2015,2,Online Search,Web
Treadclimber,CAM30841 icaosgctsl2,9/16/2015,9/16/2015,9/14/2015,4,Online Search,Web
Treadclimber,CAM30841 icaosgctsl2,,9/16/2015,9/14/2015,3,Online Search,Web
Treadclimber,CAM30841 icaosgctsl2,9/17/2015,9/17/2015,9/14/2015,3,Online Search,Web
Treadclimber,CAM30841 icaosgctsl2,,9/17/2015,9/14/2015,2,Online Search,Web
Treadclimber,CAM30841 icaosgctsl2,9/18/2015,9/18/2015,9/14/2015,3,Online Search,Web
Treadclimber,CAM30841 icaosgctsl2,,9/18/2015,9/14/2015,2,Online Search,Web
Treadclimber,CAM30841 icaosgctsl2,9/19/2015,9/19/2015,9/14/2015,8,Online Search,Web
Treadclimber,CAM30841 icaosgctsl2,9/20/2015,9/20/2015,9/14/2015,8,Online Search,Web
Treadclimber,CAM30841 icaosgctsl2,,9/20/2015,9/14/2015,1,Online Search,Web
Treadclimber,CAM30842 icaosgctsl3,9/19/2015,9/19/2015,9/14/2015,2,Online Search,Web
Treadclimber,CAM30842 icaosgctsl3,9/20/2015,9/20/2015,9/14/2015,1,Online Search,Web
Treadclimber,CAM30896 SAWICAOSGCT,,9/14/2015,9/14/2015,3,Online Search,Call Center Internal
Treadclimber,CAM30896 SAWICAOSGCT,,9/15/2015,9/14/2015,1,Online Search,Call Center Internal
Treadclimber,CAM30896 SAWICAOSGCT,,9/17/2015,9/14/2015,1,Online Search,Call Center Internal
Treadclimber,CAM37660 icaosbctsl5,,9/18/2015,9/14/2015,1,Online Search,Web
Treadclimber,CAM37660 icaosbctsl5,9/20/2015,9/20/2015,9/14/2015,2,Online Search,Web
Treadclimber,CAM37661 icaosgctsl5,9/14/2015,9/14/2015,9/14/2015,1,Online Search,Web
Treadclimber,CAM37661 icaosgctsl5,,9/16/2015,9/14/2015,1,Online Search,Web
Treadclimber,CAM37661 icaosgctsl5,,9/20/2015,9/14/2015,1,Online Search,Web
Treadclimber,CAM37864 icaosgctsl6,,9/15/2015,9/14/2015,2,Online Search,Web
Treadclimber,CAM37864 icaosgctsl6,9/16/2015,9/16/2015,9/14/2015,1,Online Search,Web
Treadclimber,CAM37864 icaosgctsl6,9/17/2015,9/17/2015,9/14/2015,1,Online Search,Web
Treadclimber,CAM37865 icaosgctsl7,9/19/2015,9/19/2015,9/14/2015,1,Online Search,Web
Treadclimber,CAM39467 icaosbctsl1,,9/14/2015,9/14/2015,3,Online Search,Web
Treadclimber,CAM39467 icaosbctsl1,9/16/2015,9/16/2015,9/14/2015,3,Online Search,Web
Treadclimber,CAM39467 icaosbctsl1,9/18/2015,9/18/2015,9/14/2015,1,Online Search,Web
Treadclimber,CAM39467 icaosbctsl1,,9/18/2015,9/14/2015,1,Online Search,Web
Treadclimber,CAM39467 icaosbctsl1,9/20/2015,9/20/2015,9/14/2015,2,Online Search,Web
Treadclimber,CAM39467 icaosbctsl1,,9/20/2015,9/14/2015,1,Online Search,Web
Treadclimber,CAM40996 icaosbctgl1cat,,9/15/2015,9/14/2015,1,Online Search,Web
Treadclimber,CAM40997 icaosbctsl6,9/20/2015,9/20/2015,9/14/2015,1,Online Search,Web
Treadclimber,CAM40998 icaosbctsl7,9/19/2015,9/19/2015,9/14/2015,1,Online Search,Web
Treadclimber,CAM40998 icaosbctsl7,,9/19/2015,9/14/2015,1,Online Search,Web
Treadclimber,CAM44489 icaosgctml2,9/14/2015,9/14/2015,9/14/2015,3,Online Search,Web
Treadclimber,CAM44489 icaosgctml2,9/15/2015,9/15/2015,9/14/2015,3,Online Search,Web
Treadclimber,CAM44489 icaosgctml2,9/16/2015,9/16/2015,9/14/2015,6,Online Search,Web
Treadclimber,CAM44489 icaosgctml2,9/17/2015,9/17/2015,9/14/2015,4,Online Search,Web
Treadclimber,CAM44489 icaosgctml2,,9/17/2015,9/14/2015,2,Online Search,Web
Treadclimber,CAM44489 icaosgctml2,9/18/2015,9/18/2015,9/14/2015,1,Online Search,Web
Treadclimber,CAM44489 icaosgctml2,9/19/2015,9/19/2015,9/14/2015,2,Online Search,Web
Treadclimber,CAM44489 icaosgctml2,9/20/2015,9/20/2015,9/14/2015,1,Online Search,Web
Treadclimber,CAM44966 icaosbctml1,9/16/2015,9/16/2015,9/14/2015,3,Online Search,Web
Treadclimber,CAM44966 icaosbctml1,9/18/2015,9/18/2015,9/14/2015,1,Online Search,Web
Treadclimber,CAM44966 icaosbctml1,9/20/2015,9/20/2015,9/14/2015,2,Online Search,Web
Treadclimber,CAM45624 ICAOSGCESL2,,9/14/2015,9/14/2015,1,Online Search,Web
Treadclimber,CAM45624 ICAOSGCESL2,,9/20/2015,9/14/2015,1,Online Search,Web
Treadclimber,CAM45626 ICAOSGCEML2,,9/18/2015,9/14/2015,1,Online Search,Web
Treadclimber,CAM45690 SAWICAOSGCE,,9/15/2015,9/14/2015,2,Online Search,Call Center Internal
Treadclimber,CAM45437 ICAOFG2TFEED1,9/17/2015,9/17/2015,9/14/2015,2,Online Shopping,Web
Treadclimber,CAM45631 ICAOFG2EFEED1,,9/15/2015,9/14/2015,1,Online Shopping,Web
Treadclimber,CAM45631 ICAOFG2EFEED1,,9/17/2015,9/14/2015,2,Online Shopping,Web
Treadclimber,CAM48053 SAWICAOXFBE,,9/14/2015,9/14/2015,1,Online Social,Call Center Internal
Treadclimber,CAM48063 ICAOXFBTSCL005,9/14/2015,9/14/2015,9/14/2015,1,Online Social,Web
Treadclimber,CAM48063 ICAOXFBTSCL005,,9/18/2015,9/14/2015,1,Online Social,Web
Treadclimber,CAM35680 INTELEMEDIACA,,9/14/2015,9/14/2015,1,Short Form,Call Center Internal
Treadclimber,CAM35680 INTELEMEDIACA,9/15/2015,9/15/2015,9/14/2015,1,Short Form,Call Center Internal
Treadclimber,CAM35680 INTELEMEDIACA,9/16/2015,9/16/2015,9/14/2015,2,Short Form,Call Center Internal
Treadclimber,CAM35680 INTELEMEDIACA,,9/16/2015,9/14/2015,2,Short Form,Call Center Internal
Treadclimber,CAM35680 INTELEMEDIACA,9/17/2015,9/17/2015,9/14/2015,2,Short Form,Call Center Internal
Treadclimber,CAM35680 INTELEMEDIACA,9/18/2015,9/18/2015,9/14/2015,2,Short Form,Call Center Internal
Treadclimber,CAM35680 INTELEMEDIACA,9/19/2015,9/19/2015,9/14/2015,1,Short Form,Call Center Internal
Treadclimber,CAM35680 INTELEMEDIACA,9/20/2015,9/20/2015,9/14/2015,1,Short Form,Call Center Internal
Treadclimber,CAM44988 MOVIC120GRT2HKST,9/14/2015,9/14/2015,9/14/2015,1,Short Form,Call Center Internal
Treadclimber,CAM47055 TSN*C120ALOHAKST,9/16/2015,9/16/2015,9/14/2015,1,Short Form,Call Center Internal
Treadclimber,CAM47055 TSN*C120ALOHAKST,9/19/2015,9/19/2015,9/14/2015,1,Short Form,Call Center Internal
Treadclimber,CAM47111 DISEN60*WALKATIC,9/15/2015,9/15/2015,9/14/2015,1,Short Form,Call Center Internal
Treadclimber,CAM47460 APTNC120LADY*KST,9/15/2015,9/15/2015,9/14/2015,1,Short Form,Call Center Internal
Treadclimber,CAM47460 APTNC120LADY*KST,,9/17/2015,9/14/2015,1,Short Form,Call Center Internal
Treadclimber,CAM47462 CHEKC120LADY*KST,9/17/2015,9/17/2015,9/14/2015,1,Short Form,Call Center Internal
Treadclimber,CAM47462 CHEKC120LADY*KST,9/18/2015,9/18/2015,9/14/2015,1,Short Form,Call Center Internal
Treadclimber,CAM47465 DOCUC120LADY*KST,9/17/2015,9/17/2015,9/14/2015,1,Short Form,Call Center Internal
Treadclimber,CAM47466 GAMCC120LADY*KST,9/16/2015,9/16/2015,9/14/2015,1,Short Form,Call Center Internal
Treadclimber,CAM47469 NGW*C120LADY*KST,9/17/2015,9/17/2015,9/14/2015,1,Short Form,Call Center Internal
Treadclimber,CAM47469 NGW*C120LADY*KST,9/19/2015,9/19/2015,9/14/2015,1,Short Form,Call Center Internal
Treadclimber,CAM47476 VISNC120LADY*KST,9/14/2015,9/14/2015,9/14/2015,3,Short Form,Call Center Internal
Treadclimber,CAM47476 VISNC120LADY*KST,9/19/2015,9/19/2015,9/14/2015,1,Short Form,Call Center Internal
Treadclimber,CAM47477 WCVBC120LADY*KST,9/17/2015,9/17/2015,9/14/2015,1,Short Form,Call Center Internal
Treadclimber,CAM47481 YES*C120LADY*KST,9/15/2015,9/15/2015,9/14/2015,1,Short Form,Call Center Internal
Treadclimber,CAM47573 NGW*C120HAMF*KST,,9/15/2015,9/14/2015,1,Short Form,Call Center Internal
Treadclimber,CAM47579 FYI*C120LADY*KST,9/16/2015,9/16/2015,9/14/2015,1,Short Form,Call Center Internal
Treadclimber,CAM47581 IFC*C120LADY*KST,9/17/2015,9/17/2015,9/14/2015,1,Short Form,Call Center Internal
Treadclimber,CAM47910 TLN*C120LADY*KST,9/14/2015,9/14/2015,9/14/2015,2,Short Form,Call Center Internal
Treadclimber,CAM47910 TLN*C120LADY*KST,9/15/2015,9/15/2015,9/14/2015,1,Short Form,Call Center Internal
Treadclimber,CAM47910 TLN*C120LADY*KST,9/18/2015,9/18/2015,9/14/2015,1,Short Form,Call Center Internal
Treadclimber,CAM47939 CTYTC60*LADY*KST,9/14/2015,9/14/2015,9/14/2015,1,Short Form,Call Center Internal
Treadclimber,CAM45327 1800MAXTRAINER,,9/15/2015,9/14/2015,2,Un-Sourced,Call Center Internal
Treadclimber,CAM45327 1800MAXTRAINER,,9/17/2015,9/14/2015,1,Un-Sourced,Call Center Internal
Treadclimber,CAM45327 1800MAXTRAINER,,9/18/2015,9/14/2015,2,Un-Sourced,Call Center Internal
Treadclimber,CAM30971 icastsf09buytc,9/26/2015,9/26/2015,9/21/2015,1,Electronic - Short Form,Web
Treadclimber,CAM37199 SAWICASTSF12B,,9/23/2015,9/21/2015,1,Electronic - Short Form,Call Center Internal
Treadclimber,CAM37204 icastsf12b,9/21/2015,9/21/2015,9/21/2015,4,Electronic - Short Form,Web
Treadclimber,CAM37204 icastsf12b,9/22/2015,9/22/2015,9/21/2015,1,Electronic - Short Form,Web
Treadclimber,CAM37204 icastsf12b,9/24/2015,9/24/2015,9/21/2015,6,Electronic - Short Form,Web
Treadclimber,CAM37204 icastsf12b,9/25/2015,9/25/2015,9/21/2015,4,Electronic - Short Form,Web
Treadclimber,CAM37204 icastsf12b,9/26/2015,9/26/2015,9/21/2015,1,Electronic - Short Form,Web
Treadclimber,CAM37204 icastsf12b,9/27/2015,9/27/2015,9/21/2015,14,Electronic - Short Form,Web
Treadclimber,CAM45693 ICASESF14A,,9/24/2015,9/21/2015,1,Electronic - Short Form,Web
Treadclimber,CAM47456 ICASTSF15B,9/21/2015,9/21/2015,9/21/2015,9,Electronic - Short Form,Web
Treadclimber,CAM47456 ICASTSF15B,9/22/2015,9/22/2015,9/21/2015,16,Electronic - Short Form,Web
Treadclimber,CAM47456 ICASTSF15B,9/23/2015,9/23/2015,9/21/2015,19,Electronic - Short Form,Web
Treadclimber,CAM47456 ICASTSF15B,9/24/2015,9/23/2015,9/21/2015,1,Electronic - Short Form,Web
Treadclimber,CAM47456 ICASTSF15B,9/24/2015,9/24/2015,9/21/2015,27,Electronic - Short Form,Web
Treadclimber,CAM47456 ICASTSF15B,,9/24/2015,9/21/2015,1,Electronic - Short Form,Web
Treadclimber,CAM47456 ICASTSF15B,9/25/2015,9/25/2015,9/21/2015,19,Electronic - Short Form,Web
Treadclimber,CAM47456 ICASTSF15B,9/26/2015,9/25/2015,9/21/2015,1,Electronic - Short Form,Web
Treadclimber,CAM47456 ICASTSF15B,9/26/2015,9/26/2015,9/21/2015,34,Electronic - Short Form,Web
Treadclimber,CAM47456 ICASTSF15B,9/27/2015,9/27/2015,9/21/2015,42,Electronic - Short Form,Web
Treadclimber,CAM47896 ICASTSF15C,9/25/2015,9/25/2015,9/21/2015,1,Electronic - Short Form,Web
Treadclimber,CAM129 1800BOWFLEX_BST,,9/22/2015,9/21/2015,1,Electronic - UnSourced,Call Center Internal
Treadclimber,CAM132 1800BOWFLEX_CAT,,9/23/2015,9/21/2015,1,Electronic - UnSourced,Call Center Internal
Treadclimber,CAM133 1800BOWFLEX_TRC,,9/21/2015,9/21/2015,2,Electronic - UnSourced,Call Center Internal
Treadclimber,CAM133 1800BOWFLEX_TRC,,9/22/2015,9/21/2015,1,Electronic - UnSourced,Call Center Internal
Treadclimber,CAM133 1800BOWFLEX_TRC,9/27/2015,9/27/2015,9/21/2015,2,Electronic - UnSourced,Call Center Internal
Treadclimber,CAM28491 icat1sitecat,9/21/2015,9/21/2015,9/21/2015,1,Electronic - UnSourced,Web
Treadclimber,CAM28491 icat1sitecat,,9/21/2015,9/21/2015,1,Electronic - UnSourced,Web
Treadclimber,CAM28491 icat1sitecat,9/22/2015,9/22/2015,9/21/2015,1,Electronic - UnSourced,Web
Treadclimber,CAM28491 icat1sitecat,,9/22/2015,9/21/2015,1,Electronic - UnSourced,Web
Treadclimber,CAM28491 icat1sitecat,9/23/2015,9/23/2015,9/21/2015,2,Electronic - UnSourced,Web
Treadclimber,CAM28491 icat1sitecat,9/24/2015,9/24/2015,9/21/2015,2,Electronic - UnSourced,Web
Treadclimber,CAM40760 ICATHOME,,9/27/2015,9/21/2015,1,Electronic - UnSourced,Call Center Internal
Treadclimber,CAM40760 ICATHOME,9/21/2015,9/21/2015,9/21/2015,10,Electronic - UnSourced,Web
Treadclimber,CAM40760 ICATHOME,,9/21/2015,9/21/2015,3,Electronic - UnSourced,Web
Treadclimber,CAM40760 ICATHOME,9/22/2015,9/22/2015,9/21/2015,13,Electronic - UnSourced,Web
Treadclimber,CAM40760 ICATHOME,,9/22/2015,9/21/2015,2,Electronic - UnSourced,Web
Treadclimber,CAM40760 ICATHOME,9/23/2015,9/23/2015,9/21/2015,19,Electronic - UnSourced,Web
Treadclimber,CAM40760 ICATHOME,,9/23/2015,9/21/2015,1,Electronic - UnSourced,Web
Treadclimber,CAM40760 ICATHOME,9/24/2015,9/24/2015,9/21/2015,12,Electronic - UnSourced,Web
Treadclimber,CAM40760 ICATHOME,9/25/2015,9/25/2015,9/21/2015,12,Electronic - UnSourced,Web
Treadclimber,CAM40760 ICATHOME,,9/25/2015,9/21/2015,2,Electronic - UnSourced,Web
Treadclimber,CAM40760 ICATHOME,9/26/2015,9/26/2015,9/21/2015,22,Electronic - UnSourced,Web
Treadclimber,CAM40760 ICATHOME,,9/26/2015,9/21/2015,1,Electronic - UnSourced,Web
Treadclimber,CAM40760 ICATHOME,9/27/2015,9/27/2015,9/21/2015,32,Electronic - UnSourced,Web
Treadclimber,CAM40760 ICATHOME,,9/27/2015,9/21/2015,4,Electronic - UnSourced,Web
Treadclimber,CAM44236 SAWMAX,,9/21/2015,9/21/2015,2,Electronic - UnSourced,Call Center Internal
Treadclimber,CAM45632 ICAEE1SITECMT,,9/24/2015,9/21/2015,1,Electronic - UnSourced,Web
Treadclimber,CAM45632 ICAEE1SITECMT,,9/26/2015,9/21/2015,1,Electronic - UnSourced,Web
Treadclimber,CAM45699 SAWICAEEMAX,,9/27/2015,9/21/2015,1,Electronic - UnSourced,Call Center Internal
Treadclimber,CAM2567 icadhome_BST,,9/26/2015,9/21/2015,1,Online,Call Center Internal
Treadclimber,CAM41253 icaodaktdl3,9/21/2015,9/21/2015,9/21/2015,1,Online Display,Web
Treadclimber,CAM41253 icaodaktdl3,9/22/2015,9/22/2015,9/21/2015,1,Online Display,Web
Treadclimber,CAM41253 icaodaktdl3,9/23/2015,9/23/2015,9/21/2015,2,Online Display,Web
Treadclimber,CAM41253 icaodaktdl3,9/24/2015,9/24/2015,9/21/2015,2,Online Display,Web
Treadclimber,CAM41253 icaodaktdl3,9/25/2015,9/25/2015,9/21/2015,1,Online Display,Web
Treadclimber,CAM41253 icaodaktdl3,9/27/2015,9/27/2015,9/21/2015,1,Online Display,Web
Treadclimber,CAM41254 icaodaktdl4,,9/26/2015,9/21/2015,1,Online Display,Web
Treadclimber,CAM30841 icaosgctsl2,9/21/2015,9/21/2015,9/21/2015,5,Online Search,Web
Treadclimber,CAM30841 icaosgctsl2,,9/21/2015,9/21/2015,1,Online Search,Web
Treadclimber,CAM30841 icaosgctsl2,9/22/2015,9/22/2015,9/21/2015,3,Online Search,Web
Treadclimber,CAM30841 icaosgctsl2,,9/22/2015,9/21/2015,1,Online Search,Web
Treadclimber,CAM30841 icaosgctsl2,9/23/2015,9/23/2015,9/21/2015,3,Online Search,Web
Treadclimber,CAM30841 icaosgctsl2,,9/23/2015,9/21/2015,2,Online Search,Web
Treadclimber,CAM30841 icaosgctsl2,9/24/2015,9/24/2015,9/21/2015,9,Online Search,Web
Treadclimber,CAM30841 icaosgctsl2,,9/24/2015,9/21/2015,2,Online Search,Web
Treadclimber,CAM30841 icaosgctsl2,9/25/2015,9/25/2015,9/21/2015,1,Online Search,Web
Treadclimber,CAM30841 icaosgctsl2,,9/25/2015,9/21/2015,2,Online Search,Web
Treadclimber,CAM30841 icaosgctsl2,9/26/2015,9/26/2015,9/21/2015,1,Online Search,Web
Treadclimber,CAM30841 icaosgctsl2,,9/26/2015,9/21/2015,1,Online Search,Web
Treadclimber,CAM30841 icaosgctsl2,9/27/2015,9/27/2015,9/21/2015,2,Online Search,Web
Treadclimber,CAM30841 icaosgctsl2,,9/27/2015,9/21/2015,2,Online Search,Web
Treadclimber,CAM30842 icaosgctsl3,9/26/2015,9/26/2015,9/21/2015,1,Online Search,Web
Treadclimber,CAM30842 icaosgctsl3,9/27/2015,9/27/2015,9/21/2015,3,Online Search,Web
Treadclimber,CAM30896 SAWICAOSGCT,,9/21/2015,9/21/2015,1,Online Search,Call Center Internal
Treadclimber,CAM30896 SAWICAOSGCT,,9/23/2015,9/21/2015,2,Online Search,Call Center Internal
Treadclimber,CAM37660 icaosbctsl5,9/24/2015,9/24/2015,9/21/2015,1,Online Search,Web
Treadclimber,CAM37660 icaosbctsl5,,9/25/2015,9/21/2015,1,Online Search,Web
Treadclimber,CAM37661 icaosgctsl5,,9/25/2015,9/21/2015,1,Online Search,Call Center Internal
Treadclimber,CAM37661 icaosgctsl5,9/21/2015,9/21/2015,9/21/2015,1,Online Search,Web
Treadclimber,CAM37661 icaosgctsl5,9/23/2015,9/23/2015,9/21/2015,1,Online Search,Web
Treadclimber,CAM37865 icaosgctsl7,9/21/2015,9/21/2015,9/21/2015,1,Online Search,Web
Treadclimber,CAM37865 icaosgctsl7,9/25/2015,9/25/2015,9/21/2015,1,Online Search,Web
Treadclimber,CAM39467 icaosbctsl1,,9/21/2015,9/21/2015,1,Online Search,Web
Treadclimber,CAM39467 icaosbctsl1,,9/22/2015,9/21/2015,1,Online Search,Web
Treadclimber,CAM39467 icaosbctsl1,9/23/2015,9/23/2015,9/21/2015,1,Online Search,Web
Treadclimber,CAM39467 icaosbctsl1,9/25/2015,9/25/2015,9/21/2015,1,Online Search,Web
Treadclimber,CAM39467 icaosbctsl1,9/26/2015,9/26/2015,9/21/2015,3,Online Search,Web
Treadclimber,CAM39467 icaosbctsl1,,9/26/2015,9/21/2015,1,Online Search,Web
Treadclimber,CAM39467 icaosbctsl1,9/27/2015,9/27/2015,9/21/2015,4,Online Search,Web
Treadclimber,CAM39467 icaosbctsl1,,9/27/2015,9/21/2015,1,Online Search,Web
Treadclimber,CAM39468 icaosbctsl2,,9/27/2015,9/21/2015,1,Online Search,Web
Treadclimber,CAM40996 icaosbctgl1cat,9/22/2015,9/22/2015,9/21/2015,1,Online Search,Web
Treadclimber,CAM40996 icaosbctgl1cat,9/26/2015,9/26/2015,9/21/2015,1,Online Search,Web
Treadclimber,CAM40996 icaosbctgl1cat,9/27/2015,9/27/2015,9/21/2015,1,Online Search,Web
Treadclimber,CAM40997 icaosbctsl6,9/22/2015,9/22/2015,9/21/2015,2,Online Search,Web
Treadclimber,CAM40997 icaosbctsl6,9/25/2015,9/25/2015,9/21/2015,1,Online Search,Web
Treadclimber,CAM41072 icaosbctsl10,9/27/2015,9/27/2015,9/21/2015,1,Online Search,Web
Treadclimber,CAM44489 icaosgctml2,9/21/2015,9/21/2015,9/21/2015,5,Online Search,Web
Treadclimber,CAM44489 icaosgctml2,9/22/2015,9/22/2015,9/21/2015,3,Online Search,Web
Treadclimber,CAM44489 icaosgctml2,9/23/2015,9/23/2015,9/21/2015,4,Online Search,Web
Treadclimber,CAM44489 icaosgctml2,9/24/2015,9/24/2015,9/21/2015,1,Online Search,Web
Treadclimber,CAM44489 icaosgctml2,9/25/2015,9/25/2015,9/21/2015,2,Online Search,Web
Treadclimber,CAM44489 icaosgctml2,9/26/2015,9/26/2015,9/21/2015,1,Online Search,Web
Treadclimber,CAM44489 icaosgctml2,9/27/2015,9/27/2015,9/21/2015,3,Online Search,Web
Treadclimber,CAM44966 icaosbctml1,9/21/2015,9/21/2015,9/21/2015,1,Online Search,Web
Treadclimber,CAM44966 icaosbctml1,9/26/2015,9/26/2015,9/21/2015,1,Online Search,Web
Treadclimber,CAM44966 icaosbctml1,9/27/2015,9/27/2015,9/21/2015,3,Online Search,Web
Treadclimber,CAM45624 ICAOSGCESL2,,9/21/2015,9/21/2015,2,Online Search,Call Center Internal
Treadclimber,CAM45626 ICAOSGCEML2,,9/25/2015,9/21/2015,1,Online Search,Call Center Internal
Treadclimber,CAM45626 ICAOSGCEML2,,9/24/2015,9/21/2015,1,Online Search,Web
Treadclimber,CAM45690 SAWICAOSGCE,,9/21/2015,9/21/2015,1,Online Search,Call Center Internal
Treadclimber,CAM45690 SAWICAOSGCE,,9/22/2015,9/21/2015,1,Online Search,Call Center Internal
Treadclimber,CAM45690 SAWICAOSGCE,,9/25/2015,9/21/2015,1,Online Search,Call Center Internal
Treadclimber,CAM45691 SAWICAOSBCE,,9/21/2015,9/21/2015,1,Online Search,Call Center Internal
Treadclimber,CAM45842 ICAOSGCESL9,,9/25/2015,9/21/2015,1,Online Search,Web
Treadclimber,CAM47275 ICAOSGCTSL12,9/24/2015,9/24/2015,9/21/2015,1,Online Search,Web
Treadclimber,CAM47275 ICAOSGCTSL12,9/25/2015,9/25/2015,9/21/2015,1,Online Search,Web
Treadclimber,CAM45437 ICAOFG2TFEED1,,9/22/2015,9/21/2015,1,Online Shopping,Web
Treadclimber,CAM46953 ICAOXFBTRESPONSE,,9/22/2015,9/21/2015,1,Online Social,Web
Treadclimber,CAM35680 INTELEMEDIACA,,9/23/2015,9/21/2015,1,Short Form,Call Center Internal
Treadclimber,CAM35680 INTELEMEDIACA,9/25/2015,9/25/2015,9/21/2015,1,Short Form,Call Center Internal
Treadclimber,CAM35680 INTELEMEDIACA,9/26/2015,9/26/2015,9/21/2015,1,Short Form,Call Center Internal
Treadclimber,CAM47058 WNCAC120ALOHAKST,,9/21/2015,9/21/2015,1,Short Form,Call Center Internal
Treadclimber,CAM47337 WDIVC120HAMF*KST,,9/25/2015,9/21/2015,1,Short Form,Call Center Internal
Treadclimber,CAM47460 APTNC120LADY*KST,9/21/2015,9/21/2015,9/21/2015,1,Short Form,Call Center Internal
Treadclimber,CAM47460 APTNC120LADY*KST,9/23/2015,9/23/2015,9/21/2015,2,Short Form,Call Center Internal
Treadclimber,CAM47460 APTNC120LADY*KST,9/24/2015,9/24/2015,9/21/2015,1,Short Form,Call Center Internal
Treadclimber,CAM47460 APTNC120LADY*KST,9/25/2015,9/25/2015,9/21/2015,1,Short Form,Call Center Internal
Treadclimber,CAM47460 APTNC120LADY*KST,9/26/2015,9/26/2015,9/21/2015,1,Short Form,Call Center Internal
Treadclimber,CAM47461 CHCHC120LADY*KST,9/26/2015,9/26/2015,9/21/2015,1,Short Form,Call Center Internal
Treadclimber,CAM47462 CHEKC120LADY*KST,9/22/2015,9/22/2015,9/21/2015,1,Short Form,Call Center Internal
Treadclimber,CAM47462 CHEKC120LADY*KST,9/23/2015,9/23/2015,9/21/2015,1,Short Form,Call Center Internal
Treadclimber,CAM47462 CHEKC120LADY*KST,9/24/2015,9/24/2015,9/21/2015,1,Short Form,Call Center Internal
Treadclimber,CAM47466 GAMCC120LADY*KST,9/24/2015,9/24/2015,9/21/2015,1,Short Form,Call Center Internal
Treadclimber,CAM47474 TSN*C120LADY*KST,9/23/2015,9/23/2015,9/21/2015,1,Short Form,Call Center Internal
Treadclimber,CAM48148 FXX*C120LADY*KST,9/24/2015,9/24/2015,9/21/2015,1,Short Form,Call Center Internal
Treadclimber,CAM48169 KXLYC120LADY*KST,9/22/2015,9/22/2015,9/21/2015,1,Short Form,Call Center Internal
Treadclimber,CAM28157 SALESFOLLOWUP,,9/22/2015,9/21/2015,1,Un-Sourced,Call Center Internal
Treadclimber,CAM40825 1800TREADCLIMBER,,9/21/2015,9/21/2015,1,Un-Sourced,Call Center Internal
Treadclimber,CAM40825 1800TREADCLIMBER,,9/24/2015,9/21/2015,1,Un-Sourced,Call Center Internal
Treadclimber,CAM40825 1800TREADCLIMBER,,9/27/2015,9/21/2015,1,Un-Sourced,Call Center Internal
Treadclimber,CAM45327 1800MAXTRAINER,,9/21/2015,9/21/2015,3,Un-Sourced,Call Center Internal
Treadclimber,CAM45327 1800MAXTRAINER,,9/23/2015,9/21/2015,2,Un-Sourced,Call Center Internal
Treadclimber,CAM45327 1800MAXTRAINER,,9/24/2015,9/21/2015,1,Un-Sourced,Call Center Internal
Treadclimber,CAM40760 ICATHOME,9/28/2015,9/28/2015,9/28/2015,1,Electronic - UnSourced,Web
