11/11/2010,140003 BFX 3.1 SelectTech Bench SinglePack,607651,F
11/11/2010,100131 BFX 552 Dumbbell Kit,607651,F
11/11/2010,140003 BFX 3.1 SelectTech Bench SinglePack,607695,F
11/11/2010,100131 BFX 552 Dumbbell Kit,607695,F
11/11/2010,"100120 Kit,BFX TC1000, 2008",607659,F
11/11/2010,10293 TRC Machine Mat,607659,F
11/11/2010,002-4640 Complete Yoga & Pilate Workout,607659,F
11/11/2010,100150 TC5500,607631,F
11/11/2010,93067 LUBE N WALK TREAD LUBE KIT,607631,F
11/11/2010,10293 TRC Machine Mat,607631,F
11/11/2010,002-4640 Complete Yoga & Pilate Workout,607631,F
11/11/2010,100150 TC5500,607663,F
11/11/2010,10293 TRC Machine Mat,607663,F
11/11/2010,002-4640 Complete Yoga & Pilate Workout,607663,F
11/11/2010,"100122 Kit,BFX TC5000, 2008",607662,F
11/11/2010,002-4640 Complete Yoga & Pilate Workout,607662,F
11/11/2010,10293 TRC Machine Mat,607662,F
11/11/2010,10293 TRC Machine Mat,607664,F
11/11/2010,002-4640 Complete Yoga & Pilate Workout,607664,F
11/11/2010,93067 LUBE N WALK TREAD LUBE KIT,607664,F
11/11/2010,"100122 Kit,BFX TC5000, 2008",607664,F
11/11/2010,10293 TRC Machine Mat,607668,F
11/11/2010,10293 TRC Machine Mat,607629,F
11/11/2010,002-4640 Complete Yoga & Pilate Workout,607629,F
11/11/2010,"100122 Kit,BFX TC5000, 2008",607629,F
11/11/2010,93067 LUBE N WALK TREAD LUBE KIT,607629,F
11/11/2010,10293 TRC Machine Mat,607642,F
11/11/2010,002-4640 Complete Yoga & Pilate Workout,607642,F
11/11/2010,"100122 Kit,BFX TC5000, 2008",607642,F
11/11/2010,002-4640 Complete Yoga & Pilate Workout,607635,F
11/11/2010,"100120 Kit,BFX TC1000, 2008",607635,F
11/11/2010,10293 TRC Machine Mat,607635,F
11/11/2010,002-4640 Complete Yoga & Pilate Workout,607712,F
11/11/2010,10293 TRC Machine Mat,607712,F
11/11/2010,"100120 Kit,BFX TC1000, 2008",607712,F
11/11/2010,140004 BFX 5.1 SelectTech Bench SinglePack,607687,F
11/11/2010,"100121 Kit,BFX TC3000, 2008",607637,F
11/11/2010,"100120 Kit,BFX TC1000, 2008",607696,F
11/11/2010,10293 TRC Machine Mat,607696,F
11/11/2010,002-4640 Complete Yoga & Pilate Workout,607696,F
11/11/2010,95146 BFX 310# Rod Upgrade,607688,F
11/11/2010,001-3649 BFX Rod Rjuvnatr w mini 410 add-on,607688,F
11/11/2010,003-4182 Bowflex Towel,607703,F
11/11/2010,"100122 Kit,BFX TC5000, 2008",607703,F
11/11/2010,10293 TRC Machine Mat,607703,F
11/11/2010,002-4640 Complete Yoga & Pilate Workout,607703,F
11/11/2010,"002-6898 BOXED MAT  43"" X 76"" NAUTILUS",607689,T
11/11/2010,100183 NLS Mobia,607689,F
11/11/2010,10293 TRC Machine Mat,607626,F
11/11/2010,002-4640 Complete Yoga & Pilate Workout,607626,F
11/11/2010,"100122 Kit,BFX TC5000, 2008",607626,F
11/11/2010,10293 TRC Machine Mat,607644,F
11/11/2010,002-4640 Complete Yoga & Pilate Workout,607644,F
11/11/2010,"100122 Kit,BFX TC5000, 2008",607644,F
11/11/2010,10293 TRC Machine Mat,607649,F
11/11/2010,002-4640 Complete Yoga & Pilate Workout,607649,F
11/11/2010,100150 TC5500,607649,F
11/11/2010,002-4640 Complete Yoga & Pilate Workout,607694,F
11/11/2010,100150 TC5500,607694,F
11/11/2010,10293 TRC Machine Mat,607694,F
11/11/2010,140003 BFX 3.1 SelectTech Bench SinglePack,607691,F
11/11/2010,710000 BFX 1090 Dumbbell Kit,607691,F
11/11/2010,100131 BFX 552 Dumbbell Kit,607714,F
11/11/2010,"100120 Kit,BFX TC1000, 2008",607685,F
11/11/2010,002-4640 Complete Yoga & Pilate Workout,607685,F
11/11/2010,10293 TRC Machine Mat,607685,F
11/11/2010,100150 TC5500,607692,F
11/11/2010,10293 TRC Machine Mat,607692,F
11/11/2010,002-4640 Complete Yoga & Pilate Workout,607692,F
11/11/2010,"115000 Kit, U2 310#",607624,F
11/11/2010,"000-3667 BFX Machine Mat 37.5 x 99.5""",607624,F
11/11/2010,002-4640 Complete Yoga & Pilate Workout,607705,F
11/11/2010,10293 TRC Machine Mat,607705,F
11/11/2010,93067 LUBE N WALK TREAD LUBE KIT,607705,F
11/11/2010,"100122 Kit,BFX TC5000, 2008",607705,F
11/11/2010,002-4640 Complete Yoga & Pilate Workout,607632,F
11/11/2010,10293 TRC Machine Mat,607632,F
11/11/2010,"100121 Kit,BFX TC3000, 2008",607632,F
11/11/2010,"100120 Kit,BFX TC1000, 2008",607710,F
11/11/2010,"700005 Kit, BFX 2-in-1 Stand",607684,F
11/11/2010,140004 BFX 5.1 SelectTech Bench SinglePack,607684,F
11/11/2010,100131 BFX 552 Dumbbell Kit,607684,F
11/11/2010,"700005 Kit, BFX 2-in-1 Stand",607660,F
11/11/2010,100131 BFX 552 Dumbbell Kit,607660,F
11/11/2010,10293 TRC Machine Mat,607647,F
11/11/2010,002-4640 Complete Yoga & Pilate Workout,607647,F
11/11/2010,100150 TC5500,607647,F
11/11/2010,002-4640 Complete Yoga & Pilate Workout,607708,F
11/11/2010,10293 TRC Machine Mat,607708,F
11/11/2010,"100121 Kit,BFX TC3000, 2008",607708,F
11/11/2010,002-4640 Complete Yoga & Pilate Workout,607628,F
11/11/2010,10293 TRC Machine Mat,607628,F
11/11/2010,"100122 Kit,BFX TC5000, 2008",607628,F
11/11/2010,"100121 Kit,BFX TC3000, 2008",607669,F
11/11/2010,10293 TRC Machine Mat,607669,F
11/11/2010,002-4640 Complete Yoga & Pilate Workout,607669,F
11/11/2010,10293 TRC Machine Mat,607716,F
11/11/2010,100150 TC5500,607716,F
11/11/2010,002-4640 Complete Yoga & Pilate Workout,607716,F
11/11/2010,100153 Bowflex Classic,607690,F
11/11/2010,100070 BFX Xtreme 2 SE,607640,F
11/11/2010,"002-6898 BOXED MAT  43"" X 76"" NAUTILUS",607630,T
11/11/2010,002-4640 Complete Yoga & Pilate Workout,607630,F
11/11/2010,100183 NLS Mobia,607630,F
11/11/2010,140003 BFX 3.1 SelectTech Bench SinglePack,607666,F
11/11/2010,100131 BFX 552 Dumbbell Kit,607666,F
11/11/2010,95146 BFX 310# Rod Upgrade,607665,F
11/11/2010,10071 Rod Pack  410# upgrade,607627,F
11/11/2010,140003 BFX 3.1 SelectTech Bench SinglePack,607693,F
10/31/2010,3940015 BFX 7 Series Treadmill,608646,F
10/31/2010,100145 SCH 460 Var. Stride Elliptical,608677,F
10/31/2010,10071 Rod Pack  410# upgrade,606296,F
10/31/2010,95146 BFX 310# Rod Upgrade,606296,F
10/31/2010,001-3649 BFX Rod Rjuvnatr w mini 410 add-on,606296,F
10/31/2010,10071 Rod Pack  410# upgrade,608655,F
10/31/2010,95146 BFX 310# Rod Upgrade,608655,F
10/31/2010,001-3649 BFX Rod Rjuvnatr w mini 410 add-on,608655,F
10/31/2010,100070 BFX Xtreme 2 SE,608655,F
10/31/2010,10071 Rod Pack  410# upgrade,606271,F
10/31/2010,"000-3667 BFX Machine Mat 37.5 x 99.5""",606271,F
10/31/2010,"115000 Kit, U2 310#",606271,F
10/31/2010,000-3158 U2 Ab Attachment Box,606271,F
10/31/2010,000-3899 Mult-I-Trainer CD-ROM Ult U2,606271,F
10/31/2010,93067 LUBE N WALK TREAD LUBE KIT,608698,F
10/31/2010,95146 BFX 310# Rod Upgrade,608661,F
10/31/2010,001-3661 Tricep Rope,608670,F
10/31/2010,000-0271 Kneed-It Pain Knee Support,608642,F
10/31/2010,100145 SCH 460 Var. Stride Elliptical,608642,F
10/31/2010,000-4275 BFX Revo 80# Resistance Upgrade,608636,F
10/31/2010,160000 BFX Revolution,608636,F
10/31/2010,"000-3667 BFX Machine Mat 37.5 x 99.5""",608636,F
10/31/2010,001-7476 Revolution Accessory Rack,608636,F
10/31/2010,001-0012 Revo XP Lat Tower Attachment,606299,T
10/31/2010,001-7476 Revolution Accessory Rack,606275,F
10/31/2010,160000 BFX Revolution,606275,F
10/31/2010,000-4275 BFX Revo 80# Resistance Upgrade,606275,F
10/31/2010,"700005 Kit, BFX 2-in-1 Stand",606275,F
10/31/2010,90642 Kit  Ppro T-Bar & Foot Hrns,608637,F
10/31/2010,90710 Schwinn Airdyne Reading Stand,606308,T
10/31/2010,100145 SCH 460 Var. Stride Elliptical,606316,F
10/31/2010,100145 SCH 460 Var. Stride Elliptical,608674,F
10/31/2010,001-0012 Revo XP Lat Tower Attachment,606314,T
10/31/2010,95146 BFX 310# Rod Upgrade,608635,F
10/31/2010,3550012 SCH Airdyne-Charcoal,608621,F
10/31/2010,100190 UNI KBK1020,606291,F
10/31/2010,"700005 Kit, BFX 2-in-1 Stand",608696,F
10/31/2010,100131 BFX 552 Dumbbell Kit,608696,F
10/31/2010,95146 BFX 310# Rod Upgrade,606286,F
10/31/2010,100168 SCH 220 Recumbent,608650,F
10/31/2010,140003 BFX 3.1 SelectTech Bench SinglePack,608697,F
10/31/2010,004-4150 SCH AC Power Supply Kit,608619,T
10/31/2010,95146 BFX 310# Rod Upgrade,608638,F
10/31/2010,003-3156 Kettlebell -Red 16 kg (35.2 lb,608640,T
10/31/2010,004-0597 Gaiam Strong Knees Video,608652,T
10/31/2010,100145 SCH 460 Var. Stride Elliptical,608652,F
10/31/2010,100145 SCH 460 Var. Stride Elliptical,606302,F
10/31/2010,100153 Bowflex Classic,608644,F
10/31/2010,"100120 Kit,BFX TC1000, 2008",606293,F
10/31/2010,140004 BFX 5.1 SelectTech Bench SinglePack,606284,F
10/31/2010,"700005 Kit, BFX 2-in-1 Stand",606284,F
10/31/2010,10071 Rod Pack  410# upgrade,606288,F
10/31/2010,"000-3667 BFX Machine Mat 37.5 x 99.5""",608667,F
10/30/2010,10293 TRC Machine Mat,606258,F
10/30/2010,"100120 Kit,BFX TC1000, 2008",606258,F
10/30/2010,10293 TRC Machine Mat,606265,F
10/30/2010,"100120 Kit,BFX TC1000, 2008",606265,F
10/30/2010,100170 SCH 240 Recumbent Bike,606254,F
10/30/2010,"100122-R Kit, BFX TC5000, 2008 Refurb",606268,F
3/23/2010,100150 TC5500,606402,F
3/23/2010,10293 TRC Machine Mat,606402,F
3/23/2010,004-0632 NLS Heart Rate Monitor - reg,606321,T
3/23/2010,10293 TRC Machine Mat,606321,F
3/23/2010,100183 NLS Mobia,606321,F
3/23/2010,001-0012 Revo XP Lat Tower Attachment,606322,T
3/23/2010,000-4275 BFX Revo 80# Resistance Upgrade,606322,F
3/23/2010,100081 BFX Revolution XP,606322,F
3/23/2010,000-7262 Xtreme 60x48 Mat Boxed,606322,F
3/23/2010,001-6393 Revolution XP Accessory Rack,606322,F
3/23/2010,001-5131 CD-ROM  Revo XP I-Trainer,606346,F
3/23/2010,004-0631 NLS Heart Rate Monitor - sm,606348,T
3/23/2010,100183 NLS Mobia,606348,F
3/23/2010,004-0634 NLS Water Bottle by Innate,606348,T
3/23/2010,004-0632 NLS Heart Rate Monitor - reg,606348,T
3/23/2010,"002-6898 BOXED MAT  43"" X 76"" NAUTILUS",606348,T
3/23/2010,10071 Rod Pack  410# upgrade,606345,F
3/23/2010,11338 TC5300 Machine Mat,606406,T
3/23/2010,100150 TC5500,606406,F
3/23/2010,"000-3667 BFX Machine Mat 37.5 x 99.5""",606399,F
3/23/2010,001-7476 Revolution Accessory Rack,606399,F
3/23/2010,160000 BFX Revolution,606399,F
3/23/2010,001-3660 E-Z Curl Bar,606349,F
3/23/2010,100070 BFX Xtreme 2 SE,606349,F
3/23/2010,001-3649 BFX Rod Rjuvnatr w mini 410 add-on,606349,F
3/23/2010,001-3661 Tricep Rope,606349,F
3/23/2010,95146 BFX 310# Rod Upgrade,606349,F
3/23/2010,"100121 Kit,BFX TC3000, 2008",606342,F
3/23/2010,10293 TRC Machine Mat,606342,F
3/23/2010,100131 BFX 552 Dumbbell Kit,606343,F
3/23/2010,"100120 Kit,BFX TC1000, 2008",606344,F
3/23/2010,10293 TRC Machine Mat,606344,F
3/23/2010,"100120 Kit,BFX TC1000, 2008",606340,F
3/23/2010,10293 TRC Machine Mat,606340,F
3/23/2010,"100120 Kit,BFX TC1000, 2008",606391,F
3/23/2010,"100120 Kit,BFX TC1000, 2008",606384,F
3/23/2010,10293 TRC Machine Mat,606384,F
3/23/2010,"100122 Kit,BFX TC5000, 2008",606338,F
3/23/2010,10293 TRC Machine Mat,606338,F
3/23/2010,"100122 Kit,BFX TC5000, 2008",606393,F
3/23/2010,10293 TRC Machine Mat,606393,F
3/23/2010,95146 BFX 310# Rod Upgrade,606395,F
3/23/2010,004-0578 PureSport Workout Can - Grape,606412,T
3/23/2010,004-0583 PureSport Recovery Can - Grape,606412,T
3/23/2010,710000 BFX 1090 Dumbbell Kit,606382,F
3/23/2010,10071 Rod Pack  410# upgrade,606337,F
3/23/2010,001-3649 BFX Rod Rjuvnatr w mini 410 add-on,606337,F
3/23/2010,"100026 BFX Xtreme SE, Multipack",606347,F
3/23/2010,100131 BFX 552 Dumbbell Kit,606388,F
3/23/2010,"100122 Kit,BFX TC5000, 2008",606416,F
3/23/2010,160000 BFX Revolution,606341,F
3/23/2010,100070 BFX Xtreme 2 SE,606339,F
3/23/2010,10293 TRC Machine Mat,606319,F
3/23/2010,"100121 Kit,BFX TC3000, 2008",606319,F
3/23/2010,100131 BFX 552 Dumbbell Kit,606397,F
3/23/2010,100074 BFX 5.1 Bench 1090 DB  2.1 Stand,606386,F
3/23/2010,100183 NLS Mobia,606409,F
2/12/2010,001-3649 BFX Rod Rjuvnatr w mini 410 add-on,608648,F
12/9/2009,004-0605 POWERbreathe IRONMAN Plus (M),607811,F
12/9/2009,003-2302 TC5500  box 2,607801,F
12/8/2009,10071 Rod Pack  410# upgrade,607760,F
12/8/2009,002-1181 BFX Revolution XP FT Box 2,607747,F
12/2/2009,001-7476 Revolution Accessory Rack,606777,F
12/2/2009,160000 BFX Revolution,606777,F
12/2/2009,"000-3667 BFX Machine Mat 37.5 x 99.5""",606777,F
12/2/2009,000-4275 BFX Revo 80# Resistance Upgrade,606777,F
12/2/2009,10293 TRC Machine Mat,606801,F
12/2/2009,"100120 Kit,BFX TC1000, 2008",606801,F
12/2/2009,"10172 BFX 79x37"" Mat",606733,F
12/2/2009,100074 BFX 5.1 Bench 1090 DB  2.1 Stand,606733,F
12/2/2009,100071 BFX 1090 Dumbbells & 21 Stand Kit,606765,F
12/2/2009,100070 BFX Xtreme 2 SE,606742,F
12/2/2009,100081 BFX Revolution XP,606756,F
12/2/2009,"100122 Kit,BFX TC5000, 2008",606807,F
12/2/2009,000-4275 BFX Revo 80# Resistance Upgrade,606786,F
12/2/2009,001-6393 Revolution XP Accessory Rack,606786,F
12/2/2009,001-3683 Lumbar Support Pad,606808,F
12/2/2009,"115000 Kit, U2 310#",606808,F
12/2/2009,000-3158 U2 Ab Attachment Box,606808,F
12/2/2009,001-3661 Tricep Rope,606808,F
12/2/2009,001-3660 E-Z Curl Bar,606808,F
12/2/2009,000-3899 Mult-I-Trainer CD-ROM Ult U2,606808,F
12/2/2009,"000-3667 BFX Machine Mat 37.5 x 99.5""",606808,F
12/2/2009,003-4172 Bfx Camelbak Btl (BPA Free)red,606736,F
12/2/2009,003-4182 Bowflex Towel,606736,F
12/2/2009,"100122 Kit,BFX TC5000, 2008",606736,F
12/2/2009,10293 TRC Machine Mat,606736,F
12/2/2009,100071 BFX 1090 Dumbbells & 21 Stand Kit,606739,F
12/2/2009,100131 BFX 552 Dumbbell Kit,606758,F
12/2/2009,100070 BFX Xtreme 2 SE,606746,F
12/2/2009,100070 BFX Xtreme 2 SE,606775,F
12/2/2009,"100122 Kit,BFX TC5000, 2008",606788,F
12/2/2009,"115000 Kit, U2 310#",606752,F
12/2/2009,"115000 Kit, U2 310#",606754,F
12/2/2009,"115000 Kit, U2 310#",606727,F
12/2/2009,100131 BFX 552 Dumbbell Kit,606727,F
12/2/2009,000-3158 U2 Ab Attachment Box,606727,F
12/2/2009,"700002 Kit, BFX 552 / 2-in-1 Stand",606718,F
12/2/2009,001-3649 BFX Rod Rjuvnatr w mini 410 add-on,606804,F
12/2/2009,11606 Upper Lower Body Workout Video,606804,F
12/2/2009,"100121 Kit,BFX TC3000, 2008",606771,F
12/2/2009,710000 BFX 1090 Dumbbell Kit,606784,F
12/2/2009,100070 BFX Xtreme 2 SE,606794,F
12/2/2009,95146 BFX 310# Rod Upgrade,606794,F
12/2/2009,000-7262 Xtreme 60x48 Mat Boxed,606794,F
12/2/2009,"100122 Kit,BFX TC5000, 2008",606806,F
12/2/2009,"100122 Kit,BFX TC5000, 2008",606767,F
12/2/2009,"115000 Kit, U2 310#",606796,F
12/2/2009,"115000 Kit, U2 310#",606764,F
12/2/2009,001-3649 BFX Rod Rjuvnatr w mini 410 add-on,606773,F
12/2/2009,95146 BFX 310# Rod Upgrade,606773,F
12/2/2009,100131 BFX 552 Dumbbell Kit,606740,F
12/2/2009,710000 BFX 1090 Dumbbell Kit,606722,F
12/2/2009,710000 BFX 1090 Dumbbell Kit,606798,F
12/2/2009,001-3683 Lumbar Support Pad,606724,F
12/2/2009,001-3660 E-Z Curl Bar,606724,F
12/2/2009,"100121 Kit,BFX TC3000, 2008",606750,F
12/2/2009,100070 BFX Xtreme 2 SE,606792,F
12/2/2009,"115000 Kit, U2 310#",606800,F
12/2/2009,95146 BFX 310# Rod Upgrade,606803,F
12/2/2009,95146 BFX 310# Rod Upgrade,606805,F
12/2/2009,100070 BFX Xtreme 2 SE,606805,F
12/2/2009,"100121 Kit,BFX TC3000, 2008",606720,F
12/2/2009,100153 Bowflex Classic,606790,F
12/2/2009,100070 BFX Xtreme 2 SE,606731,F
12/2/2009,"100122 Kit,BFX TC5000, 2008",606761,F
12/2/2009,"700002 Kit, BFX 552 / 2-in-1 Stand",606782,F
12/2/2009,"100120 Kit,BFX TC1000, 2008",606748,F
12/2/2009,100153 Bowflex Classic,606769,F
7/28/2009,93067 LUBE N WALK TREAD LUBE KIT,606484,F
7/28/2009,003-3151 Bowflex Body Fat Scale,607895,F
7/28/2009,10293 TRC Machine Mat,607821,F
7/28/2009,000-3899 Mult-I-Trainer CD-ROM Ult U2,607881,F
7/28/2009,003-9571 BFX Classic Strplss Heart Mon,606475,T
7/28/2009,000-3899 Mult-I-Trainer CD-ROM Ult U2,606495,F
7/28/2009,11338 TC5300 Machine Mat,607819,T
7/21/2009,000-7262 Xtreme 60x48 Mat Boxed,607208,F
7/21/2009,100070 BFX Xtreme 2 SE,607208,F
7/21/2009,001-3649 BFX Rod Rjuvnatr w mini 410 add-on,607208,F
7/21/2009,95146 BFX 310# Rod Upgrade,607208,F
7/21/2009,001-3660 E-Z Curl Bar,607208,F
7/21/2009,95146 BFX 310# Rod Upgrade,607121,F
7/21/2009,000-7262 Xtreme 60x48 Mat Boxed,607121,F
7/21/2009,"100026 BFX Xtreme SE, Multipack",607121,F
7/21/2009,10071 Rod Pack  410# upgrade,607118,F
7/21/2009,"100121 Kit,BFX TC3000, 2008",607153,F
7/21/2009,10293 TRC Machine Mat,607153,F
7/21/2009,710000 BFX 1090 Dumbbell Kit,607156,F
7/21/2009,000-3682 BFX 2-in-1 Stand,607156,F
7/21/2009,001-3660 E-Z Curl Bar,607205,F
7/21/2009,000-7262 Xtreme 60x48 Mat Boxed,607205,F
7/21/2009,100070 BFX Xtreme 2 SE,607205,F
7/21/2009,001-3649 BFX Rod Rjuvnatr w mini 410 add-on,607205,F
7/21/2009,10293 TRC Machine Mat,607149,F
7/21/2009,"100122 Kit,BFX TC5000, 2008",607149,F
7/21/2009,"100026 BFX Xtreme SE, Multipack",607123,F
7/21/2009,000-7262 Xtreme 60x48 Mat Boxed,607123,F
7/21/2009,"100121 Kit,BFX TC3000, 2008",607210,F
7/21/2009,10293 TRC Machine Mat,607210,F
7/21/2009,100131 BFX 552 Dumbbell Kit,607177,F
7/21/2009,000-7262 Xtreme 60x48 Mat Boxed,607119,F
7/21/2009,100070 BFX Xtreme 2 SE,607119,F
7/21/2009,000-7262 Xtreme 60x48 Mat Boxed,607173,F
7/21/2009,"100026 BFX Xtreme SE, Multipack",607173,F
7/21/2009,003-9571 BFX Classic Strplss Heart Mon,607122,T
7/21/2009,10293 TRC Machine Mat,607122,F
7/21/2009,003-3148 Oregon Scientific AnyWear 3D P,607122,T
7/21/2009,100150 TC5500,607122,F
7/21/2009,160000 BFX Revolution,607160,F
7/21/2009,"000-3667 BFX Machine Mat 37.5 x 99.5""",607160,F
7/21/2009,"000-3667 BFX Machine Mat 37.5 x 99.5""",607180,F
7/21/2009,160000 BFX Revolution,607180,F
7/21/2009,"100026 BFX Xtreme SE, Multipack",607209,F
7/21/2009,000-7262 Xtreme 60x48 Mat Boxed,607209,F
7/21/2009,100131 BFX 552 Dumbbell Kit,607212,F
7/21/2009,100070 BFX Xtreme 2 SE,607184,F
7/21/2009,000-7262 Xtreme 60x48 Mat Boxed,607184,F
7/21/2009,001-3649 BFX Rod Rjuvnatr w mini 410 add-on,607184,F
7/21/2009,001-3660 E-Z Curl Bar,607184,F
7/21/2009,95146 BFX 310# Rod Upgrade,607184,F
7/21/2009,000-4275 BFX Revo 80# Resistance Upgrade,607163,F
7/21/2009,"000-3667 BFX Machine Mat 37.5 x 99.5""",607163,F
7/21/2009,160000 BFX Revolution,607163,F
7/21/2009,95146 BFX 310# Rod Upgrade,607203,F
7/21/2009,100131 BFX 552 Dumbbell Kit,607206,F
7/21/2009,100070 BFX Xtreme 2 SE,607202,F
7/21/2009,000-7262 Xtreme 60x48 Mat Boxed,607202,F
7/21/2009,"100122 Kit,BFX TC5000, 2008",607169,F
7/21/2009,"000-3667 BFX Machine Mat 37.5 x 99.5""",607181,F
7/21/2009,000-7262 Xtreme 60x48 Mat Boxed,607199,F
7/21/2009,000-7262 Xtreme 60x48 Mat Boxed,607165,F
7/21/2009,100090 BFX Revo XP w/ Ab Attachment,607165,F
7/21/2009,001-3660 E-Z Curl Bar,607214,F
7/21/2009,"100121 Kit,BFX TC3000, 2008",607167,F
7/21/2009,710000 BFX 1090 Dumbbell Kit,607120,F
7/21/2009,"115000 Kit, U2 310#",607175,F
7/21/2009,000-7262 Xtreme 60x48 Mat Boxed,607171,F
7/21/2009,100153 Bowflex Classic,607207,F
7/21/2009,"700002 Kit, BFX 552 / 2-in-1 Stand",607213,F
7/21/2009,"000-3667 BFX Machine Mat 37.5 x 99.5""",607211,F
3/16/2009,001-7476 Revolution Accessory Rack,607321,F
3/16/2009,160000 BFX Revolution,607321,F
3/16/2009,100074 BFX 5.1 Bench 1090 DB  2.1 Stand,607373,F
3/16/2009,"100120 Kit,BFX TC1000, 2008",607384,F
3/16/2009,10293 TRC Machine Mat,607384,F
3/16/2009,100070 BFX Xtreme 2 SE,607367,F
3/16/2009,"115000 Kit, U2 310#",607325,F
3/16/2009,160000 BFX Revolution,607387,F
3/16/2009,000-4275 BFX Revo 80# Resistance Upgrade,607334,F
3/16/2009,160000 BFX Revolution,607334,F
3/16/2009,"000-3667 BFX Machine Mat 37.5 x 99.5""",607335,F
3/16/2009,001-3649 BFX Rod Rjuvnatr w mini 410 add-on,607361,F
3/16/2009,10293 TRC Machine Mat,607413,F
3/16/2009,"100120 Kit,BFX TC1000, 2008",607413,F
3/16/2009,10293 TRC Machine Mat,607341,F
3/16/2009,"100120 Kit,BFX TC1000, 2008",607341,F
3/16/2009,100024 SCH 430 Elliptical,607339,F
3/16/2009,"100026 BFX Xtreme SE, Multipack",607375,F
3/16/2009,"100120 Kit,BFX TC1000, 2008",607329,F
3/16/2009,10293 TRC Machine Mat,607329,F
3/16/2009,100024 SCH 430 Elliptical,607379,F
3/16/2009,001-3649 BFX Rod Rjuvnatr w mini 410 add-on,607410,F
3/16/2009,710000 BFX 1090 Dumbbell Kit,607404,F
3/16/2009,"100120 Kit,BFX TC1000, 2008",607331,F
3/16/2009,10293 TRC Machine Mat,607331,F
3/16/2009,"700002 Kit, BFX 552 / 2-in-1 Stand",607386,F
3/16/2009,10293 TRC Machine Mat,607385,F
3/16/2009,"100122 Kit,BFX TC5000, 2008",607385,F
3/16/2009,100024 SCH 430 Elliptical,607383,F
3/16/2009,"100026 BFX Xtreme SE, Multipack",607381,F
3/16/2009,001-3683 Lumbar Support Pad,607381,F
3/16/2009,"100121 Kit,BFX TC3000, 2008",607371,F
3/16/2009,"100122 Kit,BFX TC5000, 2008",607323,F
3/16/2009,10293 TRC Machine Mat,607323,F
3/16/2009,10293 TRC Machine Mat,607400,F
3/16/2009,"100120 Kit,BFX TC1000, 2008",607400,F
3/16/2009,100070 BFX Xtreme 2 SE,607407,F
3/16/2009,100024 SCH 430 Elliptical,607364,F
3/16/2009,100024 SCH 430 Elliptical,607369,F
3/16/2009,100024 SCH 430 Elliptical,607377,F
3/16/2009,140003 BFX 3.1 SelectTech Bench SinglePack,607336,F
3/16/2009,"100026 BFX Xtreme SE, Multipack",607337,F
12/23/2008,"000-3667 BFX Machine Mat 37.5 x 99.5""",606939,F
12/23/2008,160000 BFX Revolution,606939,F
12/23/2008,000-4275 BFX Revo 80# Resistance Upgrade,606939,F
12/23/2008,000-4275 BFX Revo 80# Resistance Upgrade,606989,F
12/23/2008,160000 BFX Revolution,606989,F
12/23/2008,100128 SCH10 Series-North America,606928,F
12/23/2008,"115000 Kit, U2 310#",606928,F
12/23/2008,10071 Rod Pack  410# upgrade,606922,F
12/23/2008,001-3661 Tricep Rope,606922,F
12/23/2008,000-3158 U2 Ab Attachment Box,606922,F
12/23/2008,001-3649 BFX Rod Rjuvnatr w mini 410 add-on,606922,F
12/23/2008,"100026 BFX Xtreme SE, Multipack",606930,F
12/23/2008,100070 BFX Xtreme 2 SE,606973,F
12/23/2008,"100122 Kit,BFX TC5000, 2008",606962,F
12/23/2008,001-3660 E-Z Curl Bar,606986,F
12/23/2008,001-3649 BFX Rod Rjuvnatr w mini 410 add-on,606986,F
12/23/2008,000-7262 Xtreme 60x48 Mat Boxed,606986,F
12/23/2008,10071 Rod Pack  410# upgrade,606968,F
12/23/2008,95146 BFX 310# Rod Upgrade,606968,F
12/23/2008,100081 BFX Revolution XP,607012,F
12/23/2008,002-1130 Revolution XP Ab Attachment,607012,T
12/23/2008,001-6393 Revolution XP Accessory Rack,607012,F
12/23/2008,000-4275 BFX Revo 80# Resistance Upgrade,607012,F
12/23/2008,001-0012 Revo XP Lat Tower Attachment,607012,T
12/23/2008,"115000 Kit, U2 310#",607011,F
12/23/2008,"000-3667 BFX Machine Mat 37.5 x 99.5""",607011,F
12/23/2008,160000 BFX Revolution,607015,F
12/23/2008,000-4275 BFX Revo 80# Resistance Upgrade,607015,F
12/23/2008,"700002 Kit, BFX 552 / 2-in-1 Stand",606944,F
12/23/2008,100131 BFX 552 Dumbbell Kit,606965,F
12/23/2008,340001 BFX Blaze Multi Pack,606955,F
12/23/2008,160000 BFX Revolution,606919,F
12/23/2008,95146 BFX 310# Rod Upgrade,607013,F
12/23/2008,"100026 BFX Xtreme SE, Multipack",607013,F
12/23/2008,"100026 BFX Xtreme SE, Multipack",606980,F
12/23/2008,"100121 Kit,BFX TC3000, 2008",606958,F
12/23/2008,100070 BFX Xtreme 2 SE,607010,F
12/23/2008,001-3649 BFX Rod Rjuvnatr w mini 410 add-on,607009,F
12/23/2008,"100122 Kit,BFX TC5000, 2008",606952,F
12/23/2008,"700002 Kit, BFX 552 / 2-in-1 Stand",606976,F
12/23/2008,"100026 BFX Xtreme SE, Multipack",606946,F
12/23/2008,"100026 BFX Xtreme SE, Multipack",607017,F
12/23/2008,"100122 Kit,BFX TC5000, 2008",606970,F
12/23/2008,"100026 BFX Xtreme SE, Multipack",607016,F
12/23/2008,001-3649 BFX Rod Rjuvnatr w mini 410 add-on,607016,F
12/23/2008,100071 BFX 1090 Dumbbells & 21 Stand Kit,606932,F
12/23/2008,"100122 Kit,BFX TC5000, 2008",607014,F
12/23/2008,"100122 Kit,BFX TC5000, 2008",606940,F
12/23/2008,001-3660 E-Z Curl Bar,606942,F
12/23/2008,95146 BFX 310# Rod Upgrade,606982,F
12/23/2008,"100122 Kit,BFX TC5000, 2008",606941,F
12/23/2008,10293 TRC Machine Mat,606941,F
9/1/2008,000-4275 BFX Revo 80# Resistance Upgrade,607063,F
9/1/2008,160000 BFX Revolution,607063,F
9/1/2008,"000-3667 BFX Machine Mat 37.5 x 99.5""",607063,F
9/1/2008,001-3660 E-Z Curl Bar,607021,F
9/1/2008,340001 BFX Blaze Multi Pack,607021,F
9/1/2008,95146 BFX 310# Rod Upgrade,607021,F
9/1/2008,001-3660 E-Z Curl Bar,607051,F
9/1/2008,001-3661 Tricep Rope,607051,F
9/1/2008,95146 BFX 310# Rod Upgrade,607051,F
9/1/2008,100070 BFX Xtreme 2 SE,607051,F
9/1/2008,95146 BFX 310# Rod Upgrade,607028,F
9/1/2008,340001 BFX Blaze Multi Pack,607028,F
9/1/2008,95146 BFX 310# Rod Upgrade,607114,F
9/1/2008,340001 BFX Blaze Multi Pack,607114,F
9/1/2008,10293 TRC Machine Mat,607091,F
9/1/2008,"100120 Kit,BFX TC1000, 2008",607091,F
9/1/2008,000-7262 Xtreme 60x48 Mat Boxed,607072,F
9/1/2008,100070 BFX Xtreme 2 SE,607072,F
9/1/2008,001-3381 Preacher Curl Attach  Xtr X2,607079,F
9/1/2008,001-3661 Tricep Rope,607079,F
9/1/2008,001-3354 Gym Style Ab Crunch Attachment,607079,F
9/1/2008,"115000 Kit, U2 310#",607079,F
9/1/2008,"000-3667 BFX Machine Mat 37.5 x 99.5""",607079,F
9/1/2008,001-3660 E-Z Curl Bar,607079,F
9/1/2008,001-3683 Lumbar Support Pad,607115,F
9/1/2008,001-3661 Tricep Rope,607115,F
9/1/2008,001-3660 E-Z Curl Bar,607115,F
9/1/2008,001-3649 BFX Rod Rjuvnatr w mini 410 add-on,607115,F
9/1/2008,100070 BFX Xtreme 2 SE,607115,F
9/1/2008,95146 BFX 310# Rod Upgrade,607081,F
9/1/2008,"100026 BFX Xtreme SE, Multipack",607081,F
9/1/2008,11338 TC5300 Machine Mat,607093,T
9/1/2008,100081 BFX Revolution XP,607093,F
9/1/2008,10071 Rod Pack  410# upgrade,607059,F
9/1/2008,001-3660 E-Z Curl Bar,607059,F
9/1/2008,"100000 Kit, Ult XTLU",607059,F
9/1/2008,"10172 BFX 79x37"" Mat",607050,F
9/1/2008,"700008 Kit, BFX 552 / 5.1 Bench",607050,F
9/1/2008,"100026 BFX Xtreme SE, Multipack",607069,F
9/1/2008,001-3354 Gym Style Ab Crunch Attachment,607069,F
9/1/2008,001-3381 Preacher Curl Attach  Xtr X2,607069,F
9/1/2008,340001 BFX Blaze Multi Pack,607058,F
9/1/2008,"10172 BFX 79x37"" Mat",607058,F
9/1/2008,"700013 Kit, BFX 220 DB / Stand",607083,F
9/1/2008,"000-3667 BFX Machine Mat 37.5 x 99.5""",607049,F
9/1/2008,001-3660 E-Z Curl Bar,607026,F
9/1/2008,001-3683 Lumbar Support Pad,607026,F
9/1/2008,95146 BFX 310# Rod Upgrade,607026,F
9/1/2008,001-3661 Tricep Rope,607026,F
9/1/2008,700000 BFX 552 Dumbbell Kit,607026,F
9/1/2008,100070 BFX Xtreme 2 SE,607026,F
9/1/2008,001-3683 Lumbar Support Pad,607055,F
9/1/2008,100070 BFX Xtreme 2 SE,607055,F
9/1/2008,"700010 Kit, BFX 552 / 51B / 21S Kit",607053,F
9/1/2008,"700013 Kit, BFX 220 DB / Stand",607076,F
9/1/2008,"000-3667 BFX Machine Mat 37.5 x 99.5""",607067,F
9/1/2008,000-4275 BFX Revo 80# Resistance Upgrade,607067,F
9/1/2008,160000 BFX Revolution,607067,F
9/1/2008,95146 BFX 310# Rod Upgrade,607033,F
9/1/2008,000-7262 Xtreme 60x48 Mat Boxed,607033,F
9/1/2008,100070 BFX Xtreme 2 SE,607033,F
9/1/2008,"10172 BFX 79x37"" Mat",607117,F
9/1/2008,340001 BFX Blaze Multi Pack,607117,F
9/1/2008,"100122 Kit,BFX TC5000, 2008",607085,F
9/1/2008,000-4275 BFX Revo 80# Resistance Upgrade,607054,F
9/1/2008,160000 BFX Revolution,607054,F
9/1/2008,"000-3667 BFX Machine Mat 37.5 x 99.5""",607113,F
9/1/2008,"700013 Kit, BFX 220 DB / Stand",607087,F
9/1/2008,000-6527 BFX Heart Rate Monitor,607052,T
9/1/2008,"100122 Kit,BFX TC5000, 2008",607052,F
9/1/2008,10293 TRC Machine Mat,607052,F
9/1/2008,340001 BFX Blaze Multi Pack,607031,F
9/1/2008,"100000 Kit, Ult XTLU",607057,F
9/1/2008,100070 BFX Xtreme 2 SE,607056,F
9/1/2008,"100122 Kit,BFX TC5000, 2008",607089,F
9/1/2008,340001 BFX Blaze Multi Pack,607116,F
9/1/2008,"100122 Kit,BFX TC5000, 2008",607065,F
9/1/2008,"115001 Kit, U2 w/Ab Attachment",607018,F
9/1/2008,"700001 Kit, BFX 552 / 31B/ 21S",607023,F
9/1/2008,001-7476 Revolution Accessory Rack,607074,F
9/1/2008,95146 BFX 310# Rod Upgrade,607048,F
5/29/2008,001-3660 E-Z Curl Bar,607493,F
5/29/2008,95146 BFX 310# Rod Upgrade,607493,F
5/29/2008,001-3661 Tricep Rope,607493,F
5/29/2008,"100026 BFX Xtreme SE, Multipack",607493,F
5/29/2008,001-3683 Lumbar Support Pad,607493,F
5/29/2008,10071 Rod Pack  410# upgrade,607442,F
5/29/2008,"10172 BFX 79x37"" Mat",607445,F
5/29/2008,"700010 Kit, BFX 552 / 51B / 21S Kit",607445,F
5/29/2008,001-5131 CD-ROM  Revo XP I-Trainer,607474,F
5/29/2008,160000 BFX Revolution,607474,F
5/29/2008,000-4275 BFX Revo 80# Resistance Upgrade,607474,F
5/29/2008,000-3899 Mult-I-Trainer CD-ROM Ult U2,607507,F
5/29/2008,001-7477 Ultimate 2 Accessory Rack,607507,T
5/29/2008,12838 BFX Body Building DVD,607507,F
5/29/2008,000-3682 BFX 2-in-1 Stand,607421,F
5/29/2008,100071 BFX 1090 Dumbbells & 21 Stand Kit,607421,F
5/29/2008,001-7477 Ultimate 2 Accessory Rack,607421,T
5/29/2008,000-3682 BFX 2-in-1 Stand,607476,F
5/29/2008,100071 BFX 1090 Dumbbells & 21 Stand Kit,607476,F
5/29/2008,10293 TRC Machine Mat,607448,F
5/29/2008,"100122 Kit,BFX TC5000, 2008",607448,F
5/29/2008,"100121 Kit,BFX TC3000, 2008",607484,F
5/29/2008,"700011 Kit, BFX 220 Dumbbell",607472,F
5/29/2008,100070 BFX Xtreme 2 SE,607511,F
5/29/2008,12838 BFX Body Building DVD,607468,F
5/29/2008,12837 Upper Lower Body Workout DVD,607468,T
5/29/2008,11607 Body Building Workout Video,607438,F
5/29/2008,140003 BFX 3.1 SelectTech Bench SinglePack,607479,F
5/29/2008,710000 BFX 1090 Dumbbell Kit,607479,F
5/29/2008,"100120 Kit,BFX TC1000, 2008",607431,F
5/29/2008,100070 BFX Xtreme 2 SE,607483,F
5/29/2008,"100122 Kit,BFX TC5000, 2008",607470,F
5/29/2008,"10172 BFX 79x37"" Mat",607470,F
5/29/2008,000-3682 BFX 2-in-1 Stand,607435,F
5/29/2008,710000 BFX 1090 Dumbbell Kit,607435,F
5/29/2008,000-3682 BFX 2-in-1 Stand,607426,F
5/29/2008,"100075 BFX 1090DB, 2.1Stnd,5.1 Bench Mat",607426,F
5/29/2008,340001 BFX Blaze Multi Pack,607481,F
5/29/2008,"115000 Kit, U2 310#",607501,F
5/29/2008,100070 BFX Xtreme 2 SE,607487,F
3/13/2008,001-3660 E-Z Curl Bar,608400,F
3/13/2008,160000 BFX Revolution,608400,F
3/13/2008,"000-3667 BFX Machine Mat 37.5 x 99.5""",608400,F
3/13/2008,001-3661 Tricep Rope,608400,F
3/13/2008,002-0283 Revolution I-Trainer CD-ROM,608400,F
3/13/2008,001-3683 Lumbar Support Pad,608400,F
3/13/2008,000-3945 Bowflex Rock-N-Flex,606573,T
3/13/2008,"100122 Kit,BFX TC5000, 2008",606573,F
3/13/2008,11608 BFX Body Plan Book,608373,F
3/13/2008,"000-3667 BFX Machine Mat 37.5 x 99.5""",608357,F
3/13/2008,"100122 Kit,BFX TC5000, 2008",606604,F
3/13/2008,"115000 Kit, U2 310#",606608,F
3/13/2008,001-3649 BFX Rod Rjuvnatr w mini 410 add-on,606608,F
3/13/2008,"700011 Kit, BFX 220 Dumbbell",608394,F
3/13/2008,10293 TRC Machine Mat,608377,F
3/13/2008,"100122 Kit,BFX TC5000, 2008",608377,F
3/13/2008,11338 TC5300 Machine Mat,608365,T
3/13/2008,"000-3667 BFX Machine Mat 37.5 x 99.5""",608367,F
3/13/2008,001-7476 Revolution Accessory Rack,608402,F
3/13/2008,160000 BFX Revolution,608402,F
3/13/2008,11338 TC5300 Machine Mat,608360,T
3/13/2008,100089 BFX Revo XP w/ Lat Tower Assembly,608397,F
3/13/2008,100070 BFX Xtreme 2 SE,606584,F
3/13/2008,"100122 Kit,BFX TC5000, 2008",608404,F
3/13/2008,"115000 Kit, U2 310#",606549,F
3/13/2008,95146 BFX 310# Rod Upgrade,606596,F
3/13/2008,"100026 BFX Xtreme SE, Multipack",606596,F
3/13/2008,140004 BFX 5.1 SelectTech Bench SinglePack,606556,F
3/13/2008,710000 BFX 1090 Dumbbell Kit,606556,F
3/13/2008,"10172 BFX 79x37"" Mat",606519,F
3/13/2008,"700010 Kit, BFX 552 / 51B / 21S Kit",606519,F
3/13/2008,"100026 BFX Xtreme SE, Multipack",606580,F
3/13/2008,100070 BFX Xtreme 2 SE,606587,F
3/13/2008,100070 BFX Xtreme 2 SE,606615,F
3/13/2008,001-3381 Preacher Curl Attach  Xtr X2,608391,F
3/13/2008,100070 BFX Xtreme 2 SE,608391,F
3/13/2008,001-3661 Tricep Rope,606591,F
3/13/2008,"115000 Kit, U2 310#",606591,F
3/13/2008,10293 TRC Machine Mat,608371,F
3/13/2008,11612 Female Athlete's Body Book,608371,T
3/13/2008,"100120 Kit,BFX TC1000, 2008",608371,F
3/13/2008,140003 BFX 3.1 SelectTech Bench SinglePack,608354,F
3/13/2008,100074 BFX 5.1 Bench 1090 DB  2.1 Stand,606568,F
3/13/2008,"115000 Kit, U2 310#",606547,F
3/13/2008,"000-3667 BFX Machine Mat 37.5 x 99.5""",606547,F
3/13/2008,160000 BFX Revolution,608363,F
3/13/2008,"000-3667 BFX Machine Mat 37.5 x 99.5""",608379,F
3/13/2008,100074 BFX 5.1 Bench 1090 DB  2.1 Stand,606560,F
3/13/2008,"10172 BFX 79x37"" Mat",606560,F
3/13/2008,100070 BFX Xtreme 2 SE,608381,F
3/13/2008,"115000 Kit, U2 310#",608407,F
3/13/2008,"100121 Kit,BFX TC3000, 2008",606554,F
3/13/2008,340001 BFX Blaze Multi Pack,606551,F
3/13/2008,000-4275 BFX Revo 80# Resistance Upgrade,608387,F
3/13/2008,11338 TC5300 Machine Mat,606600,T
3/13/2008,"100121 Kit,BFX TC3000, 2008",606565,F
3/13/2008,100070 BFX Xtreme 2 SE,606577,F
3/13/2008,"700010 Kit, BFX 552 / 51B / 21S Kit",608384,F
1/8/2008,"000-3667 BFX Machine Mat 37.5 x 99.5""",607399,F
1/8/2008,000-3899 Mult-I-Trainer CD-ROM Ult U2,607394,F
1/8/2008,001-3660 E-Z Curl Bar,607344,F
1/8/2008,001-3649 BFX Rod Rjuvnatr w mini 410 add-on,607344,F
1/8/2008,10071 Rod Pack  410# upgrade,607344,F
1/8/2008,000-0310 BFX Multi-point Foot Harness,607344,T
1/8/2008,"90849 SCH Windscreen Airdyne,Chrome",607350,T
1/8/2008,12156 Met Max  Chocolate,607349,T
1/8/2008,002-2668 Performance System,607349,T
1/8/2008,12148 Metabolol II Orange Smoothy,607349,T
1/8/2008,200021-R TRC Model TC3000 REFURB,607391,F
1/8/2008,10293 TRC Machine Mat,607348,F
1/8/2008,200023 TRC Model TC5000,607348,F
1/8/2008,"6020015 Kit, Motivator 2",607396,F
1/8/2008,200023-R TC5000 REFURB,607388,F
1/8/2008,200023-R TC5000 REFURB,607355,F
1/8/2008,"6020015 Kit, Motivator 2",607362,F
1/8/2008,4720015 NT1010 Flat to Incline,607393,F
1/8/2008,370005 SCH 231 Recumbent Bike,607412,F
1/8/2008,002-4629 NLS Push Up Bars,607338,T
1/8/2008,4560012 NS 50/ADJ BENCH,607406,F
1/8/2008,3920015 BFX 5 Series Treadmill,607342,F
1/8/2008,95146 BFX 310# Rod Upgrade,607343,F
1/8/2008,370002 SCH 131 UPRIGHT BIKE,607346,F
1/8/2008,57441 Schwinn Bike Seat Gel Pad,607346,T
1/8/2008,100024 SCH 430 Elliptical,607352,F
1/8/2008,"700012-R Kit, BFX 220 Stand- Refurb",607392,F
1/8/2008,200023-R TC5000 REFURB,607357,F
1/8/2008,"6020015 Kit, Motivator 2",607401,F
1/8/2008,95146 BFX 310# Rod Upgrade,607409,F
1/8/2008,200021-R TRC Model TC3000 REFURB,607351,F
1/8/2008,6600014-R Bowflex Xtreme 2 REFURB,607389,F
1/8/2008,"000-3667 BFX Machine Mat 37.5 x 99.5""",607359,F
1/8/2008,001-3649 BFX Rod Rjuvnatr w mini 410 add-on,607353,F
1/8/2008,001-3660 E-Z Curl Bar,607390,F
1/8/2008,12838 BFX Body Building DVD,607395,F
1/8/2008,370005 SCH 231 Recumbent Bike,607415,F
1/8/2008,"10172 BFX 79x37"" Mat",607347,F
1/8/2008,140003 BFX 3.1 SelectTech Bench SinglePack,607347,F
1/8/2008,"100026-R Xtreme SE, Multipack,Refurbish",607403,F
1/8/2008,200023-R TC5000 REFURB,607365,F
1/8/2008,"6020015 Kit, Motivator 2",607398,F
1/8/2008,001-3661 Tricep Rope,607345,F
12/9/2007,100089 BFX Revo XP w/ Lat Tower Assembly,608169,F
12/9/2007,340001 BFX Blaze Multi Pack,608217,F
12/9/2007,340001 BFX Blaze Multi Pack,608209,F
12/9/2007,"10172 BFX 79x37"" Mat",608209,F
12/9/2007,100070 BFX Xtreme 2 SE,608146,F
12/9/2007,100070 BFX Xtreme 2 SE,608122,F
12/9/2007,"115000 Kit, U2 310#",608202,F
12/9/2007,000-3158 U2 Ab Attachment Box,608202,F
12/9/2007,160000 BFX Revolution,608156,F
12/9/2007,"000-3667 BFX Machine Mat 37.5 x 99.5""",608156,F
12/9/2007,12900 Bowflex Pilates Kit,608156,T
12/9/2007,160000 BFX Revolution,608177,F
12/9/2007,200021 TRC Model TC3000,608197,F
12/9/2007,10293 TRC Machine Mat,608197,F
12/9/2007,"700011 Kit, BFX 220 Dumbbell",608158,F
12/9/2007,200020 Bowflex TC1000,608142,F
12/9/2007,200023 TRC Model TC5000,608176,F
12/9/2007,000-3158 U2 Ab Attachment Box,608131,F
12/9/2007,"115000 Kit, U2 310#",608131,F
12/9/2007,"000-3667 BFX Machine Mat 37.5 x 99.5""",608131,F
12/9/2007,001-3649 BFX Rod Rjuvnatr w mini 410 add-on,608130,F
12/9/2007,95146 BFX 310# Rod Upgrade,608130,F
12/9/2007,"000-3667 BFX Machine Mat 37.5 x 99.5""",608130,F
12/9/2007,340001 BFX Blaze Multi Pack,608130,F
12/9/2007,001-3661 Tricep Rope,608130,F
12/9/2007,10071 Rod Pack  410# upgrade,608130,F
12/9/2007,001-3660 E-Z Curl Bar,608130,F
12/9/2007,001-3683 Lumbar Support Pad,608137,F
12/9/2007,100070 BFX Xtreme 2 SE,608137,F
12/9/2007,12838 BFX Body Building DVD,608153,F
12/9/2007,10071 Rod Pack  410# upgrade,608147,F
12/9/2007,"115000 Kit, U2 310#",608147,F
12/9/2007,10071 Rod Pack  410# upgrade,608139,F
12/9/2007,340001 BFX Blaze Multi Pack,608191,F
12/9/2007,340001 BFX Blaze Multi Pack,608123,F
12/9/2007,"100000 Kit, Ult XTLU",608148,F
12/9/2007,100070 BFX Xtreme 2 SE,608145,F
12/9/2007,100070 BFX Xtreme 2 SE,608175,F
12/9/2007,100070 BFX Xtreme 2 SE,608186,F
12/9/2007,100070 BFX Xtreme 2 SE,608180,F
12/9/2007,100081 BFX Revolution XP,608159,F
12/9/2007,000-4275 BFX Revo 80# Resistance Upgrade,608159,F
12/9/2007,"115000 Kit, U2 310#",608163,F
12/9/2007,000-3158 U2 Ab Attachment Box,608163,F
12/9/2007,700000 BFX 552 Dumbbell Kit,608168,F
12/9/2007,200023 TRC Model TC5000,608185,F
12/9/2007,10293 TRC Machine Mat,608185,F
12/9/2007,001-3381 Preacher Curl Attach  Xtr X2,608129,F
12/9/2007,001-3649 BFX Rod Rjuvnatr w mini 410 add-on,608208,F
12/9/2007,"115000 Kit, U2 310#",608208,F
12/9/2007,000-3158 U2 Ab Attachment Box,608208,F
12/9/2007,"000-3667 BFX Machine Mat 37.5 x 99.5""",608208,F
12/9/2007,001-3661 Tricep Rope,608208,F
12/9/2007,95146 BFX 310# Rod Upgrade,608125,F
12/9/2007,"100026 BFX Xtreme SE, Multipack",608125,F
12/9/2007,10293 TRC Machine Mat,608157,F
12/9/2007,200021 TRC Model TC3000,608157,F
12/9/2007,10293 TRC Machine Mat,608192,F
12/9/2007,200023 TRC Model TC5000,608192,F
12/9/2007,140004 BFX 5.1 SelectTech Bench SinglePack,608193,F
12/9/2007,"700008 Kit, BFX 552 / 5.1 Bench",608193,F
12/9/2007,340001 BFX Blaze Multi Pack,608215,F
12/9/2007,001-3661 Tricep Rope,608215,F
12/9/2007,340001 BFX Blaze Multi Pack,608140,F
12/9/2007,100070 BFX Xtreme 2 SE,608214,F
12/9/2007,100070 BFX Xtreme 2 SE,608187,F
12/9/2007,001-3661 Tricep Rope,608187,F
12/9/2007,"115000 Kit, U2 310#",608151,F
12/9/2007,000-3158 U2 Ab Attachment Box,608151,F
12/9/2007,"115000 Kit, U2 310#",608167,F
12/9/2007,"000-3667 BFX Machine Mat 37.5 x 99.5""",608167,F
12/9/2007,000-3158 U2 Ab Attachment Box,608167,F
12/9/2007,160000 BFX Revolution,608118,F
12/9/2007,200021 TRC Model TC3000,608188,F
12/9/2007,200023 TRC Model TC5000,608170,F
12/9/2007,10293 TRC Machine Mat,608170,F
12/9/2007,200023 TRC Model TC5000,608126,F
12/9/2007,"000-3667 BFX Machine Mat 37.5 x 99.5""",608134,F
12/9/2007,160000 BFX Revolution,608134,F
12/9/2007,001-7476 Revolution Accessory Rack,608134,F
12/9/2007,001-3661 Tricep Rope,608134,F
12/9/2007,000-4275 BFX Revo 80# Resistance Upgrade,608134,F
12/9/2007,001-3354 Gym Style Ab Crunch Attachment,608179,F
12/9/2007,"100026 BFX Xtreme SE, Multipack",608179,F
12/9/2007,001-3381 Preacher Curl Attach  Xtr X2,608138,F
12/9/2007,100070 BFX Xtreme 2 SE,608138,F
12/9/2007,001-3649 BFX Rod Rjuvnatr w mini 410 add-on,608150,F
12/9/2007,"115000 Kit, U2 310#",608150,F
12/9/2007,95145 410 Power Rod Upgrade (PP Mot),608135,T
12/9/2007,95146 BFX 310# Rod Upgrade,608189,F
12/9/2007,"100026 BFX Xtreme SE, Multipack",608189,F
12/9/2007,001-3661 Tricep Rope,608189,F
12/9/2007,"SM00110-001 TREADCLIMBER,TC6000,DOM,110V",608178,T
12/9/2007,340001 BFX Blaze Multi Pack,608155,F
12/9/2007,"10172 BFX 79x37"" Mat",608155,F
12/9/2007,100070 BFX Xtreme 2 SE,608144,F
12/9/2007,200021 TRC Model TC3000,608149,F
12/9/2007,10293 TRC Machine Mat,608149,F
12/9/2007,200020 Bowflex TC1000,608160,F
12/9/2007,100070 BFX Xtreme 2 SE,608160,F
12/9/2007,200023 TRC Model TC5000,608212,F
12/9/2007,200023 TRC Model TC5000,608161,F
12/9/2007,200023 TRC Model TC5000,608190,F
12/9/2007,10293 TRC Machine Mat,608190,F
12/9/2007,000-6527 BFX Heart Rate Monitor,608152,T
12/9/2007,"100026 BFX Xtreme SE, Multipack",608152,F
12/9/2007,200021 TRC Model TC3000,608152,F
12/9/2007,220000 BFX TC5300 Kit,608165,F
12/9/2007,100070 BFX Xtreme 2 SE,608181,F
12/9/2007,100070 BFX Xtreme 2 SE,608173,F
12/9/2007,100070 BFX Xtreme 2 SE,608121,F
12/9/2007,160000 BFX Revolution,608133,F
12/9/2007,001-7476 Revolution Accessory Rack,608133,F
12/9/2007,001-3661 Tricep Rope,608133,F
12/9/2007,200021 TRC Model TC3000,608206,F
12/9/2007,200021 TRC Model TC3000,608172,F
12/9/2007,10293 TRC Machine Mat,608172,F
12/9/2007,"700013 Kit, BFX 220 DB / Stand",608154,F
12/9/2007,200023 TRC Model TC5000,608141,F
12/9/2007,001-3354 Gym Style Ab Crunch Attachment,608171,F
12/9/2007,100070 BFX Xtreme 2 SE,608171,F
12/9/2007,001-3381 Preacher Curl Attach  Xtr X2,608171,F
12/9/2007,95146 BFX 310# Rod Upgrade,608119,F
12/9/2007,10071 Rod Pack  410# upgrade,608184,F
12/9/2007,100070 BFX Xtreme 2 SE,608184,F
12/9/2007,220000 BFX TC5300 Kit,608195,F
12/9/2007,100070 BFX Xtreme 2 SE,608211,F
12/9/2007,100070 BFX Xtreme 2 SE,608127,F
12/9/2007,"115000 Kit, U2 310#",608183,F
12/9/2007,200021 TRC Model TC3000,608196,F
12/9/2007,700000 BFX 552 Dumbbell Kit,608124,F
12/9/2007,001-7476 Revolution Accessory Rack,608210,F
12/9/2007,95146 BFX 310# Rod Upgrade,608164,F
12/9/2007,10293 TRC Machine Mat,608207,F
12/9/2007,200020 Bowflex TC1000,608207,F
12/9/2007,"100026 BFX Xtreme SE, Multipack",608216,F
12/9/2007,"100026 BFX Xtreme SE, Multipack",608174,F
12/9/2007,340001 BFX Blaze Multi Pack,608162,F
12/9/2007,340001 BFX Blaze Multi Pack,608128,F
12/9/2007,100070 BFX Xtreme 2 SE,608198,F
12/9/2007,100070 BFX Xtreme 2 SE,608199,F
12/9/2007,100070 BFX Xtreme 2 SE,608182,F
12/9/2007,100070 BFX Xtreme 2 SE,608132,F
12/9/2007,200021 TRC Model TC3000,608204,F
12/9/2007,200021 TRC Model TC3000,608136,F
12/9/2007,200020 Bowflex TC1000,608205,F
12/9/2007,100070 BFX Xtreme 2 SE,608201,F
12/9/2007,100070 BFX Xtreme 2 SE,608194,F
12/9/2007,"115000 Kit, U2 310#",608203,F
12/9/2007,160000 BFX Revolution,608200,F
12/9/2007,200021 TRC Model TC3000,608143,F
12/9/2007,200023 TRC Model TC5000,608120,F
12/9/2007,95146 BFX 310# Rod Upgrade,608166,F
10/16/2007,"000-3667 BFX Machine Mat 37.5 x 99.5""",606921,F
10/16/2007,160000 BFX Revolution,606921,F
10/16/2007,002-0283 Revolution I-Trainer CD-ROM,606921,F
10/16/2007,200020 Bowflex TC1000,606963,F
10/16/2007,710000 BFX 1090 Dumbbell Kit,606999,F
10/16/2007,140003 BFX 3.1 SelectTech Bench SinglePack,606999,F
10/16/2007,"000-3667 BFX Machine Mat 37.5 x 99.5""",606960,F
10/16/2007,001-6393 Revolution XP Accessory Rack,606960,F
10/16/2007,002-1130 Revolution XP Ab Attachment,606960,T
10/16/2007,"000-3667 BFX Machine Mat 37.5 x 99.5""",606953,F
10/16/2007,160000 BFX Revolution,606953,F
10/16/2007,001-3354 Gym Style Ab Crunch Attachment,606966,F
10/16/2007,001-3649 BFX Rod Rjuvnatr w mini 410 add-on,606966,F
10/16/2007,001-3381 Preacher Curl Attach  Xtr X2,606966,F
10/16/2007,001-3649 BFX Rod Rjuvnatr w mini 410 add-on,606988,F
10/16/2007,"SM00110-001 TREADCLIMBER,TC6000,DOM,110V",606979,T
10/16/2007,100074 BFX 5.1 Bench 1090 DB  2.1 Stand,606977,F
10/16/2007,000-3158 U2 Ab Attachment Box,606995,F
10/16/2007,200023 TRC Model TC5000,607003,F
10/16/2007,100070 BFX Xtreme 2 SE,606931,F
10/16/2007,001-3381 Preacher Curl Attach  Xtr X2,606931,F
10/16/2007,"115000 Kit, U2 310#",606933,F
10/16/2007,001-7477 Ultimate 2 Accessory Rack,606924,T
10/16/2007,160000 BFX Revolution,606971,F
10/16/2007,"100075 BFX 1090DB, 2.1Stnd,5.1 Bench Mat",606971,F
10/16/2007,"000-3667 BFX Machine Mat 37.5 x 99.5""",606971,F
10/16/2007,001-7476 Revolution Accessory Rack,606971,F
10/16/2007,002-2668 Performance System,606971,T
10/16/2007,10293 TRC Machine Mat,607007,F
10/16/2007,100070 BFX Xtreme 2 SE,606991,F
10/16/2007,100070 BFX Xtreme 2 SE,606993,F
10/16/2007,160000 BFX Revolution,606983,F
10/16/2007,"115000 Kit, U2 310#",607005,F
10/16/2007,200021 TRC Model TC3000,606936,F
10/16/2007,700000 BFX 552 Dumbbell Kit,606957,F
10/16/2007,"700005 Kit, BFX 2-in-1 Stand",606957,F
10/16/2007,200021 TRC Model TC3000,607001,F
10/16/2007,001-3661 Tricep Rope,606985,F
8/13/2007,002-0283 Revolution I-Trainer CD-ROM,608458,F
6/13/2007,"10172 BFX 79x37"" Mat",606510,F
6/13/2007,95146 BFX 310# Rod Upgrade,606510,F
6/13/2007,340001 BFX Blaze Multi Pack,606510,F
6/13/2007,3611016 Schwinn 418p Elliptical,606510,F
5/8/2007,000-4275 BFX Revo 80# Resistance Upgrade,608034,F
5/8/2007,160000 BFX Revolution,608034,F
5/8/2007,"6600014 Kit, Xtreme 2 210#",608041,F
5/8/2007,710000 BFX 1090 Dumbbell Kit,608044,F
5/8/2007,160000 BFX Revolution,608053,F
5/8/2007,160000 BFX Revolution,608082,F
5/8/2007,160000 BFX Revolution,608084,F
5/8/2007,"000-3667 BFX Machine Mat 37.5 x 99.5""",608084,F
5/8/2007,001-7476 Revolution Accessory Rack,608084,F
5/8/2007,11338 TC5300 Machine Mat,608038,T
5/8/2007,"SM00110-001 TREADCLIMBER,TC6000,DOM,110V",608038,T
5/8/2007,001-3381 Preacher Curl Attach  Xtr X2,608096,F
5/8/2007,11608 BFX Body Plan Book,608096,F
5/8/2007,"6610014 Kit, X2 310#",608096,F
5/8/2007,10071 Rod Pack  410# upgrade,608096,F
5/8/2007,001-3354 Gym Style Ab Crunch Attachment,608096,F
5/8/2007,001-7476 Revolution Accessory Rack,608081,F
5/8/2007,002-0283 Revolution I-Trainer CD-ROM,608081,F
5/8/2007,"000-3667 BFX Machine Mat 37.5 x 99.5""",608081,F
5/8/2007,160000 BFX Revolution,608081,F
5/8/2007,"115000 Kit, U2 310#",608056,F
5/8/2007,"115000 Kit, U2 310#",608062,F
5/8/2007,"115000 Kit, U2 310#",608032,F
5/8/2007,"000-3667 BFX Machine Mat 37.5 x 99.5""",608032,F
5/8/2007,10071 Rod Pack  410# upgrade,608079,F
5/8/2007,"6610014 Kit, X2 310#",608079,F
5/8/2007,200023 TRC Model TC5000,608068,F
5/8/2007,10293 TRC Machine Mat,608068,F
5/8/2007,000-0310 BFX Multi-point Foot Harness,608018,T
5/8/2007,000-7262 Xtreme 60x48 Mat Boxed,608018,F
5/8/2007,"6600014 Kit, Xtreme 2 210#",608018,F
5/8/2007,001-3381 Preacher Curl Attach  Xtr X2,608018,F
5/8/2007,001-3661 Tricep Rope,608018,F
5/8/2007,"000-3667 BFX Machine Mat 37.5 x 99.5""",608047,F
5/8/2007,160000 BFX Revolution,608047,F
5/8/2007,001-7476 Revolution Accessory Rack,608047,F
5/8/2007,"100000 Kit, Ult XTLU",608059,F
5/8/2007,"115000 Kit, U2 310#",608066,F
5/8/2007,340001 BFX Blaze Multi Pack,608080,F
5/8/2007,"000-3667 BFX Machine Mat 37.5 x 99.5""",608080,F
5/8/2007,"000-3667 BFX Machine Mat 37.5 x 99.5""",608086,F
5/8/2007,12837 Upper Lower Body Workout DVD,608086,T
5/8/2007,"115001 Kit, U2 w/Ab Attachment",608086,F
5/8/2007,140003 BFX 3.1 SelectTech Bench SinglePack,608036,F
5/8/2007,100071 BFX 1090 Dumbbells & 21 Stand Kit,608036,F
5/8/2007,160000 BFX Revolution,608088,F
5/8/2007,200021 TRC Model TC3000,608092,F
5/8/2007,"700010 Kit, BFX 552 / 51B / 21S Kit",608064,F
5/8/2007,"SM00110-001 TREADCLIMBER,TC6000,DOM,110V",608050,T
5/8/2007,"100026 BFX Xtreme SE, Multipack",608090,F
4/3/2007,"6600014 Kit, Xtreme 2 210#",607147,F
4/3/2007,340001 BFX Blaze Multi Pack,607155,F
4/3/2007,200020-R TRC Model TC1000 REFURB,607131,F
4/3/2007,"115001 Kit, U2 w/Ab Attachment",607137,F
4/3/2007,200023-R TC5000 REFURB,607152,F
4/3/2007,3830015 Schwinn 212 Recumbent Bike,607191,T
4/3/2007,200021-R TRC Model TC3000 REFURB,607134,F
4/3/2007,100016 NLS NR2000 Recumbent Bike 07,607194,F
4/3/2007,"6600014 Kit, Xtreme 2 210#",607198,F
4/3/2007,700000 BFX 552 Dumbbell Kit,607186,F
4/3/2007,100000-R BFX Ultimate XTLU REFURB,607133,F
4/3/2007,700005-R BFX 2-in-1 Stand Kit REFURB,607129,F
4/3/2007,000-0271 Kneed-It Pain Knee Support,607197,F
4/3/2007,370004 SCH 230 Recumbent Bike,607192,F
4/3/2007,3830015 Schwinn 212 Recumbent Bike,607188,T
4/3/2007,"700011-R Kit, BFX 220 Dumbbell REFURB",607135,F
4/3/2007,"100000 Kit, Ult XTLU",607204,F
4/3/2007,"000-3667 BFX Machine Mat 37.5 x 99.5""",607204,F
4/3/2007,"6600014 Kit, Xtreme 2 210#",607143,F
4/3/2007,12837 Upper Lower Body Workout DVD,607136,T
4/3/2007,"100026 BFX Xtreme SE, Multipack",607193,F
4/3/2007,002-2674 Salter Scale,607128,T
4/3/2007,"700011 Kit, BFX 220 Dumbbell",607130,F
4/3/2007,100024 SCH 430 Elliptical,607201,F
4/3/2007,"SM150103 4200PT,ENGLISH,SLVR,GRY CVR",607126,T
4/3/2007,"180000 Kit, Conquest",607141,F
4/3/2007,210000 NLS Selecttech 552 DB Kit,607124,F
4/3/2007,3830015 Schwinn 212 Recumbent Bike,607189,T
4/3/2007,200021 TRC Model TC3000,607196,F
4/3/2007,200023-R TC5000 REFURB,607132,F
4/3/2007,"000-3667 BFX Machine Mat 37.5 x 99.5""",607145,F
4/3/2007,002-0295 OrSci Pedometer,607158,T
4/3/2007,3830015 Schwinn 212 Recumbent Bike,607187,T
4/3/2007,3830015 Schwinn 212 Recumbent Bike,607190,T
4/3/2007,11608 BFX Body Plan Book,607195,F
4/3/2007,"6600014 Kit, Xtreme 2 210#",607138,F
4/3/2007,340001 BFX Blaze Multi Pack,607150,F
3/7/2007,000-3158 U2 Ab Attachment Box,606477,F
3/7/2007,001-7477 Ultimate 2 Accessory Rack,606477,T
3/7/2007,"000-3667 BFX Machine Mat 37.5 x 99.5""",606477,F
3/7/2007,"115000 Kit, U2 310#",606477,F
3/7/2007,"700005 Kit, BFX 2-in-1 Stand",607834,F
3/7/2007,700000 BFX 552 Dumbbell Kit,607834,F
3/7/2007,"100026 BFX Xtreme SE, Multipack",606435,F
3/7/2007,340001 BFX Blaze Multi Pack,606472,F
3/7/2007,710000 BFX 1090 Dumbbell Kit,606448,F
3/7/2007,"115001 Kit, U2 w/Ab Attachment",607844,F
3/7/2007,000-3899 Mult-I-Trainer CD-ROM Ult U2,607844,F
3/7/2007,000-7262 Xtreme 60x48 Mat Boxed,607844,F
3/7/2007,"100026 BFX Xtreme SE, Multipack",606451,F
3/7/2007,95146 BFX 310# Rod Upgrade,606451,F
3/7/2007,000-4275 BFX Revo 80# Resistance Upgrade,607839,F
3/7/2007,001-7476 Revolution Accessory Rack,607839,F
3/7/2007,160000 BFX Revolution,607839,F
3/7/2007,"000-3667 BFX Machine Mat 37.5 x 99.5""",607858,F
3/7/2007,"115000 Kit, U2 310#",607858,F
3/7/2007,"6600014 Kit, Xtreme 2 210#",607848,F
3/7/2007,340001 BFX Blaze Multi Pack,607824,F
3/7/2007,340001 BFX Blaze Multi Pack,606462,F
3/7/2007,"6600014 Kit, Xtreme 2 210#",606440,F
3/7/2007,700000 BFX 552 Dumbbell Kit,607822,F
3/7/2007,"10172 BFX 79x37"" Mat",607822,F
3/7/2007,140003 BFX 3.1 SelectTech Bench SinglePack,607822,F
3/7/2007,100071 BFX 1090 Dumbbells & 21 Stand Kit,607854,F
3/7/2007,"115000 Kit, U2 310#",607830,F
3/7/2007,340001 BFX Blaze Multi Pack,607862,F
3/7/2007,"115001 Kit, U2 w/Ab Attachment",606465,F
3/7/2007,"SM00110-001 TREADCLIMBER,TC6000,DOM,110V",607875,T
3/7/2007,95146 BFX 310# Rod Upgrade,607871,F
3/7/2007,"6600014 Kit, Xtreme 2 210#",607871,F
3/7/2007,000-7262 Xtreme 60x48 Mat Boxed,607871,F
3/7/2007,"000-3667 BFX Machine Mat 37.5 x 99.5""",606444,F
3/7/2007,"115000 Kit, U2 310#",606444,F
3/7/2007,002-2667 Fat Loss Fitness System,606444,T
3/7/2007,700000 BFX 552 Dumbbell Kit,606459,F
3/7/2007,"700005 Kit, BFX 2-in-1 Stand",606459,F
3/7/2007,200023 TRC Model TC5000,607826,F
3/7/2007,200023 TRC Model TC5000,606431,F
3/7/2007,10293 TRC Machine Mat,606431,F
3/7/2007,200023 TRC Model TC5000,606482,F
3/7/2007,220000 BFX TC5300 Kit,607866,F
3/7/2007,"6610014 Kit, X2 310#",606491,F
3/7/2007,000-7262 Xtreme 60x48 Mat Boxed,606491,F
3/7/2007,200021 TRC Model TC3000,606485,F
3/7/2007,"6600014 Kit, Xtreme 2 210#",606455,F
3/7/2007,000-7262 Xtreme 60x48 Mat Boxed,606455,F
3/7/2007,160000 BFX Revolution,606488,F
3/7/2007,160000 BFX Revolution,606469,F
1/11/2007,000-4275 BFX Revo 80# Resistance Upgrade,606816,F
1/11/2007,160000 BFX Revolution,606816,F
1/11/2007,"100000 Kit, Ult XTLU",606751,F
1/11/2007,160000 BFX Revolution,606781,F
1/11/2007,200023 TRC Model TC5000,606795,F
1/11/2007,"115000 Kit, U2 310#",606795,F
1/11/2007,200023 TRC Model TC5000,606755,F
1/11/2007,10293 TRC Machine Mat,606755,F
1/11/2007,"700002 Kit, BFX 552 / 2-in-1 Stand",606757,F
1/11/2007,000-3899 Mult-I-Trainer CD-ROM Ult U2,606766,F
1/11/2007,"100026 BFX Xtreme SE, Multipack",606766,F
1/11/2007,"000-3667 BFX Machine Mat 37.5 x 99.5""",606766,F
1/11/2007,000-4275 BFX Revo 80# Resistance Upgrade,606779,F
1/11/2007,001-7476 Revolution Accessory Rack,606779,F
1/11/2007,"000-3667 BFX Machine Mat 37.5 x 99.5""",606779,F
1/11/2007,160000 BFX Revolution,606779,F
1/11/2007,"000-3667 BFX Machine Mat 37.5 x 99.5""",606814,F
1/11/2007,160000 BFX Revolution,606814,F
1/11/2007,340001 BFX Blaze Multi Pack,606747,F
1/11/2007,160000 BFX Revolution,606813,F
1/11/2007,"000-3667 BFX Machine Mat 37.5 x 99.5""",606813,F
1/11/2007,002-0283 Revolution I-Trainer CD-ROM,606813,F
1/11/2007,160000 BFX Revolution,606817,F
1/11/2007,000-4275 BFX Revo 80# Resistance Upgrade,606817,F
1/11/2007,001-7476 Revolution Accessory Rack,606817,F
1/11/2007,"100026 BFX Xtreme SE, Multipack",606745,F
1/11/2007,10293 TRC Machine Mat,606815,F
1/11/2007,200021 TRC Model TC3000,606815,F
1/11/2007,200023 TRC Model TC5000,606811,F
1/11/2007,10293 TRC Machine Mat,606811,F
1/11/2007,200023 TRC Model TC5000,606787,F
1/11/2007,000-3899 Mult-I-Trainer CD-ROM Ult U2,606802,F
1/11/2007,000-7262 Xtreme 60x48 Mat Boxed,606802,F
1/11/2007,95146 BFX 310# Rod Upgrade,606802,F
1/11/2007,11608 BFX Body Plan Book,606802,F
1/11/2007,"6600014 Kit, Xtreme 2 210#",606802,F
1/11/2007,200023 TRC Model TC5000,606770,F
1/11/2007,"700010 Kit, BFX 552 / 51B / 21S Kit",606797,F
1/11/2007,10071 Rod Pack  410# upgrade,606783,F
1/11/2007,000-3158 U2 Ab Attachment Box,606783,F
1/11/2007,"115000 Kit, U2 310#",606783,F
1/11/2007,"100026 BFX Xtreme SE, Multipack",606774,F
1/11/2007,340001 BFX Blaze Multi Pack,606735,F
1/11/2007,000-3158 U2 Ab Attachment Box,606737,F
1/11/2007,"115000 Kit, U2 310#",606737,F
1/11/2007,"000-3667 BFX Machine Mat 37.5 x 99.5""",606738,F
1/11/2007,002-0283 Revolution I-Trainer CD-ROM,606738,F
1/11/2007,160000 BFX Revolution,606738,F
1/11/2007,160000 BFX Revolution,606780,F
1/11/2007,000-4275 BFX Revo 80# Resistance Upgrade,606780,F
1/11/2007,"10172 BFX 79x37"" Mat",606778,F
1/11/2007,340001 BFX Blaze Multi Pack,606778,F
1/11/2007,140003 BFX 3.1 SelectTech Bench SinglePack,606741,F
1/11/2007,"700002 Kit, BFX 552 / 2-in-1 Stand",606741,F
1/11/2007,"100026 BFX Xtreme SE, Multipack",606791,F
1/11/2007,"100026 BFX Xtreme SE, Multipack",606749,F
1/11/2007,"000-3667 BFX Machine Mat 37.5 x 99.5""",606789,F
1/11/2007,000-3899 Mult-I-Trainer CD-ROM Ult U2,606789,F
1/11/2007,"100026 BFX Xtreme SE, Multipack",606789,F
1/11/2007,"6600014 Kit, Xtreme 2 210#",606799,F
1/11/2007,"6600014 Kit, Xtreme 2 210#",606734,F
1/11/2007,700000 BFX 552 Dumbbell Kit,606743,F
1/11/2007,340001 BFX Blaze Multi Pack,606762,F
1/11/2007,001-8041 BFX Box 1  Generic 210#,606812,F
1/11/2007,160000 BFX Revolution,606753,F
1/11/2007,"6600014 Kit, Xtreme 2 210#",606768,F
1/11/2007,"6600014 Kit, Xtreme 2 210#",606772,F
1/11/2007,002-2668 Performance System,606772,T
1/11/2007,95146 BFX 310# Rod Upgrade,606785,F
1/11/2007,"6600014 Kit, Xtreme 2 210#",606785,F
1/11/2007,"115000 Kit, U2 310#",606793,F
1/11/2007,220000 BFX TC5300 Kit,606760,F
1/11/2007,"100000 Kit, Ult XTLU",606809,F
1/11/2007,12837 Upper Lower Body Workout DVD,606809,T
1/11/2007,200021 TRC Model TC3000,606776,F
1/11/2007,700000 BFX 552 Dumbbell Kit,606763,F
1/11/2007,200023 TRC Model TC5000,606810,F
1/10/2007,"115000 Kit, U2 310#",606732,F
1/10/2007,000-7262 Xtreme 60x48 Mat Boxed,606726,F
1/10/2007,"100026 BFX Xtreme SE, Multipack",606726,F
1/10/2007,000-3899 Mult-I-Trainer CD-ROM Ult U2,606726,F
1/10/2007,95146 BFX 310# Rod Upgrade,606726,F
1/10/2007,11608 BFX Body Plan Book,606726,F
1/10/2007,10293 TRC Machine Mat,606719,F
1/10/2007,200023 TRC Model TC5000,606719,F
1/10/2007,200023 TRC Model TC5000,606723,F
1/10/2007,10293 TRC Machine Mat,606723,F
1/10/2007,"100026 BFX Xtreme SE, Multipack",606728,F
1/10/2007,"000-3667 BFX Machine Mat 37.5 x 99.5""",606721,F
1/10/2007,"115000 Kit, U2 310#",606721,F
1/10/2007,"700010 Kit, BFX 552 / 51B / 21S Kit",606730,F
10/10/2006,"115000 Kit, U2 310#",607434,F
10/10/2006,"6610014 Kit, X2 310#",607440,F
10/10/2006,"10172 BFX 79x37"" Mat",607440,F
10/10/2006,12837 Upper Lower Body Workout DVD,607440,T
10/10/2006,160000 BFX Revolution,607512,F
10/10/2006,"000-3667 BFX Machine Mat 37.5 x 99.5""",607512,F
10/10/2006,002-0283 Revolution I-Trainer CD-ROM,607512,F
10/10/2006,"10172 BFX 79x37"" Mat",607508,F
10/10/2006,"700001 Kit, BFX 552 / 31B/ 21S",607508,F
10/10/2006,"700002 Kit, BFX 552 / 2-in-1 Stand",607504,F
10/10/2006,"10172 BFX 79x37"" Mat",607427,F
10/10/2006,340001 BFX Blaze Multi Pack,607427,F
10/10/2006,"6600014 Kit, Xtreme 2 210#",607446,F
10/10/2006,000-7262 Xtreme 60x48 Mat Boxed,607446,F
10/10/2006,340001 BFX Blaze Multi Pack,607454,F
10/10/2006,340001 BFX Blaze Multi Pack,607456,F
10/10/2006,340001 BFX Blaze Multi Pack,607460,F
10/10/2006,"100000 Kit, Ult XTLU",607485,F
10/10/2006,"000-3667 BFX Machine Mat 37.5 x 99.5""",607485,F
10/10/2006,"000-3667 BFX Machine Mat 37.5 x 99.5""",607450,F
10/10/2006,002-0283 Revolution I-Trainer CD-ROM,607450,F
10/10/2006,160000 BFX Revolution,607450,F
10/10/2006,340001 BFX Blaze Multi Pack,607492,F
10/10/2006,"6600014 Kit, Xtreme 2 210#",607443,F
10/10/2006,95146 BFX 310# Rod Upgrade,607443,F
10/10/2006,"6600014 Kit, Xtreme 2 210#",607462,F
10/10/2006,"10172 BFX 79x37"" Mat",607462,F
10/10/2006,700000 BFX 552 Dumbbell Kit,607423,F
10/10/2006,"115000 Kit, U2 310#",607495,F
10/10/2006,11608 BFX Body Plan Book,607418,F
10/10/2006,000-3899 Mult-I-Trainer CD-ROM Ult U2,607418,F
10/10/2006,"110001 Kit, Xtr XTLU 210#",607418,F
10/10/2006,140005 TC3000 Masterpacked,607430,T
10/10/2006,"115000 Kit, U2 310#",607452,F
10/10/2006,"100000 Kit, Ult XTLU",607499,F
10/10/2006,140005 TC3000 Masterpacked,607458,T
10/10/2006,"6600014 Kit, Xtreme 2 210#",607516,F
10/10/2006,"110001 Kit, Xtr XTLU 210#",607488,F
8/15/2006,"115000 Kit, U2 310#",606653,F
8/15/2006,000-3158 U2 Ab Attachment Box,606653,F
8/15/2006,"000-3667 BFX Machine Mat 37.5 x 99.5""",606653,F
8/15/2006,200021-R TRC Model TC3000 REFURB,606671,F
8/15/2006,000-0114 NLS Dri-Rel Shorts XL-Navy,606647,T
8/15/2006,000-0150 NLS Dri-Rel T-Shirt XXL-Navy,606647,T
8/15/2006,"100000 Kit, Ult XTLU",606715,F
8/15/2006,"10172 BFX 79x37"" Mat",606715,F
8/15/2006,11970 Hot Cold Shoulder Wrap S M,606706,F
8/15/2006,000-8284 Pearl iZumi Wms Run Shoe 8,606706,T
8/15/2006,3830014 Schwinn 103 Upright Bike,606659,T
8/15/2006,3830014 Schwinn 103 Upright Bike,606666,T
8/15/2006,"700011 Kit, BFX 220 Dumbbell",606654,F
8/15/2006,"700011 Kit, BFX 220 Dumbbell",606667,F
8/15/2006,200021-R TRC Model TC3000 REFURB,606663,F
8/15/2006,"115000 Kit, U2 310#",606655,F
8/15/2006,"000-3667 BFX Machine Mat 37.5 x 99.5""",606655,F
8/15/2006,000-3158 U2 Ab Attachment Box,606655,F
8/15/2006,200023-R TC5000 REFURB,606678,F
8/15/2006,"6600014 Kit, Xtreme 2 210#",606621,F
8/15/2006,"700005 Kit, BFX 2-in-1 Stand",606717,F
8/15/2006,"700013 Kit, BFX 220 DB / Stand",606658,F
8/15/2006,95146 BFX 310# Rod Upgrade,606619,F
8/15/2006,"6600014 Kit, Xtreme 2 210#",606619,F
8/15/2006,"100000 Kit, Ult XTLU",606684,F
8/15/2006,6600014-R Bowflex Xtreme 2 REFURB,606674,F
8/15/2006,3670014 SCH IC Elite Bike,606618,T
8/15/2006,"6600014 Kit, Xtreme 2 210#",606649,F
8/15/2006,000-7262 Xtreme 60x48 Mat Boxed,606649,F
8/15/2006,250004 T514 LE Treadmill Combo,606672,F
8/15/2006,200021-R TRC Model TC3000 REFURB,606665,F
8/15/2006,002-2678 Gaiam Power Breathe Blue,606707,T
8/15/2006,10293 TRC Machine Mat,606716,F
8/15/2006,200021 TRC Model TC3000,606716,F
8/15/2006,3830014 Schwinn 103 Upright Bike,606669,T
8/15/2006,6600014-R Bowflex Xtreme 2 REFURB,606668,F
8/15/2006,"700010 Kit, BFX 552 / 51B / 21S Kit",606622,F
8/15/2006,"000-3667 BFX Machine Mat 37.5 x 99.5""",606622,F
8/15/2006,000-6563 Tanita Body Scan Scale,606650,T
8/15/2006,"100000 Kit, Ult XTLU",606705,F
8/15/2006,200023-R TC5000 REFURB,606680,F
8/15/2006,"000-3667 BFX Machine Mat 37.5 x 99.5""",606713,F
8/15/2006,3830014 Schwinn 103 Upright Bike,606651,T
8/15/2006,200021 TRC Model TC3000,606652,F
8/15/2006,700006-R BFX ST 3.1 Bench REFURB,606648,F
8/15/2006,200021-R TRC Model TC3000 REFURB,606677,F
8/15/2006,3830014 Schwinn 103 Upright Bike,606675,T
8/15/2006,200023-R TC5000 REFURB,606670,F
8/15/2006,"6600014 Kit, Xtreme 2 210#",606714,F
8/15/2006,"700013 Kit, BFX 220 DB / Stand",606660,F
8/15/2006,"700013 Kit, BFX 220 DB / Stand",606656,F
8/15/2006,250004 T514 LE Treadmill Combo,606712,F
8/15/2006,SM00050-001 NAUTILUS T7.18 TREADMILL,606620,F
8/15/2006,100000-R BFX Ultimate XTLU REFURB,606664,F
8/15/2006,200021-R TRC Model TC3000 REFURB,606661,F
8/15/2006,200023-R TC5000 REFURB,606673,F
8/15/2006,"6600014 Kit, Xtreme 2 210#",606711,F
8/15/2006,6600014-R Bowflex Xtreme 2 REFURB,606662,F
8/15/2006,12900 Bowflex Pilates Kit,606682,T
8/15/2006,"700007 Kit, 5.1 Bench",606709,F
8/15/2006,"6600014 Kit, Xtreme 2 210#",606710,F
3/16/2006,"6600014 Kit, Xtreme 2 210#",606894,F
3/16/2006,220000 BFX TC5300 Kit,606900,F
3/16/2006,11338 TC5300 Machine Mat,606900,T
3/16/2006,000-3899 Mult-I-Trainer CD-ROM Ult U2,606898,F
3/16/2006,95146 BFX 310# Rod Upgrade,606898,F
3/16/2006,000-7262 Xtreme 60x48 Mat Boxed,606898,F
3/16/2006,11608 BFX Body Plan Book,606898,F
3/16/2006,"6600014 Kit, Xtreme 2 210#",606898,F
3/16/2006,000-7262 Xtreme 60x48 Mat Boxed,606897,F
3/16/2006,11608 BFX Body Plan Book,606897,F
3/16/2006,"6610014 Kit, X2 310#",606897,F
3/16/2006,000-3899 Mult-I-Trainer CD-ROM Ult U2,606897,F
3/16/2006,"6600014 Kit, Xtreme 2 210#",606915,F
3/16/2006,000-7262 Xtreme 60x48 Mat Boxed,606913,F
3/16/2006,10071 Rod Pack  410# upgrade,606913,F
3/16/2006,"6610014 Kit, X2 310#",606913,F
3/16/2006,"6800013 Kit, Sport 210#",606896,F
3/16/2006,200021 TRC Model TC3000,606899,F
3/16/2006,10293 TRC Machine Mat,606899,F
3/16/2006,"6600014 Kit, Xtreme 2 210#",606895,F
3/15/2006,11608 BFX Body Plan Book,606835,F
3/15/2006,000-3899 Mult-I-Trainer CD-ROM Ult U2,606835,F
3/15/2006,"6600014 Kit, Xtreme 2 210#",606835,F
3/15/2006,"115000 Kit, U2 310#",606848,F
3/15/2006,000-3899 Mult-I-Trainer CD-ROM Ult U2,606856,F
3/15/2006,000-3158 U2 Ab Attachment Box,606856,F
3/15/2006,"115000 Kit, U2 310#",606856,F
3/15/2006,11608 BFX Body Plan Book,606856,F
3/15/2006,"000-3667 BFX Machine Mat 37.5 x 99.5""",606856,F
3/15/2006,"700007 Kit, 5.1 Bench",606891,F
3/15/2006,"10172 BFX 79x37"" Mat",606891,F
3/15/2006,700000 BFX 552 Dumbbell Kit,606891,F
3/15/2006,"6800013 Kit, Sport 210#",606892,F
3/15/2006,"700002 Kit, BFX 552 / 2-in-1 Stand",606818,F
3/15/2006,"700008 Kit, BFX 552 / 5.1 Bench",606838,F
3/15/2006,"000-3667 BFX Machine Mat 37.5 x 99.5""",606874,F
3/15/2006,"115001 Kit, U2 w/Ab Attachment",606874,F
3/15/2006,"100000 Kit, Ult XTLU",606872,F
3/15/2006,12837 Upper Lower Body Workout DVD,606872,T
3/15/2006,"115000 Kit, U2 310#",606893,F
3/15/2006,12837 Upper Lower Body Workout DVD,606827,T
3/15/2006,"6810013 Kit, Sport 310#",606827,F
3/15/2006,000-3899 Mult-I-Trainer CD-ROM Ult U2,606824,F
3/15/2006,"6600014 Kit, Xtreme 2 210#",606824,F
3/15/2006,000-7262 Xtreme 60x48 Mat Boxed,606861,F
3/15/2006,"6600014 Kit, Xtreme 2 210#",606861,F
3/15/2006,"115000 Kit, U2 310#",606865,F
3/15/2006,"6600014 Kit, Xtreme 2 210#",606870,F
3/15/2006,12999 BFX 552 Dumbbell,606831,F
3/15/2006,000-7262 Xtreme 60x48 Mat Boxed,606846,F
3/15/2006,"6600014 Kit, Xtreme 2 210#",606846,F
3/15/2006,000-3899 Mult-I-Trainer CD-ROM Ult U2,606846,F
3/15/2006,11608 BFX Body Plan Book,606846,F
3/15/2006,95146 BFX 310# Rod Upgrade,606846,F
3/15/2006,"100000 Kit, Ult XTLU",606833,F
3/15/2006,"115000 Kit, U2 310#",606829,F
3/15/2006,160000 BFX Revolution,606888,F
3/15/2006,"000-3667 BFX Machine Mat 37.5 x 99.5""",606888,F
3/15/2006,000-4275 BFX Revo 80# Resistance Upgrade,606888,F
3/15/2006,"6600014 Kit, Xtreme 2 210#",606849,F
3/15/2006,"6800013 Kit, Sport 210#",606820,F
3/15/2006,10071 Rod Pack  410# upgrade,606820,F
3/15/2006,"6800013 Kit, Sport 210#",606854,F
3/15/2006,"000-3667 BFX Machine Mat 37.5 x 99.5""",606863,F
3/15/2006,11608 BFX Body Plan Book,606863,F
3/15/2006,"115001 Kit, U2 w/Ab Attachment",606863,F
3/15/2006,220000 BFX TC5300 Kit,606851,F
3/15/2006,10071 Rod Pack  410# upgrade,606887,F
3/15/2006,"6610014 Kit, X2 310#",606887,F
3/15/2006,"6600014 Kit, Xtreme 2 210#",606890,F
3/15/2006,700000 BFX 552 Dumbbell Kit,606850,F
3/15/2006,"6610014 Kit, X2 310#",606847,F
3/15/2006,"6610014 Kit, X2 310#",606859,F
3/15/2006,"115000 Kit, U2 310#",606889,F
3/15/2006,"6600014 Kit, Xtreme 2 210#",606852,F
3/15/2006,200023 TRC Model TC5000,606840,F
3/15/2006,"100000 Kit, Ult XTLU",606867,F
1/24/2006,10071 Rod Pack  410# upgrade,606290,F
1/24/2006,11608 BFX Body Plan Book,606290,F
1/24/2006,"6610014 Kit, X2 310#",606290,F
1/24/2006,000-3899 Mult-I-Trainer CD-ROM Ult U2,606290,F
1/24/2006,000-7262 Xtreme 60x48 Mat Boxed,606290,F
1/24/2006,220000 BFX TC5300 Kit,608639,F
1/24/2006,11338 TC5300 Machine Mat,608639,T
1/24/2006,"100000 Kit, Ult XTLU",608657,F
1/24/2006,"115001 Kit, U2 w/Ab Attachment",608620,F
1/24/2006,"6810013 Kit, Sport 310#",608641,F
1/24/2006,"10172 BFX 79x37"" Mat",608641,F
1/24/2006,200023 TRC Model TC5000,606297,F
1/24/2006,"700010 Kit, BFX 552 / 51B / 21S Kit",608645,F
1/24/2006,"115000 Kit, U2 310#",608645,F
1/24/2006,"700010 Kit, BFX 552 / 51B / 21S Kit",606317,F
1/24/2006,"10172 BFX 79x37"" Mat",608649,F
1/24/2006,11608 BFX Body Plan Book,608649,F
1/24/2006,000-3899 Mult-I-Trainer CD-ROM Ult U2,608649,F
1/24/2006,"110001 Kit, Xtr XTLU 210#",608649,F
1/24/2006,95146 BFX 310# Rod Upgrade,608649,F
1/24/2006,220000 BFX TC5300 Kit,608669,F
1/24/2006,11338 TC5300 Machine Mat,608669,T
1/24/2006,"100000 Kit, Ult XTLU",606292,F
1/24/2006,11608 BFX Body Plan Book,606294,F
1/24/2006,000-7262 Xtreme 60x48 Mat Boxed,606294,F
1/24/2006,"6600014 Kit, Xtreme 2 210#",606294,F
1/24/2006,"6800013 Kit, Sport 210#",608672,F
1/24/2006,"700010 Kit, BFX 552 / 51B / 21S Kit",606267,F
1/24/2006,"700010 Kit, BFX 552 / 51B / 21S Kit",608625,F
1/24/2006,"000-3667 BFX Machine Mat 37.5 x 99.5""",608627,F
1/24/2006,160000 BFX Revolution,608627,F
1/24/2006,160000 BFX Revolution,608675,F
1/24/2006,160000 BFX Revolution,606279,F
1/24/2006,"200022 Kit, BFX TC5000 w/Mat",606279,F
1/24/2006,"6600014 Kit, Xtreme 2 210#",606257,F
1/24/2006,"6600014 Kit, Xtreme 2 210#",606307,F
1/24/2006,90642 Kit  Ppro T-Bar & Foot Hrns,606307,F
1/24/2006,"6600014 Kit, Xtreme 2 210#",606300,F
1/24/2006,"6800013 Kit, Sport 210#",606274,F
1/24/2006,700000 BFX 552 Dumbbell Kit,608678,F
1/24/2006,"110001 Kit, Xtr XTLU 210#",608623,F
1/24/2006,"110001 Kit, Xtr XTLU 210#",608663,F
1/24/2006,"115000 Kit, U2 310#",606287,F
1/24/2006,"115001 Kit, U2 w/Ab Attachment",606313,F
1/24/2006,"6600014 Kit, Xtreme 2 210#",606269,F
1/24/2006,"6600014 Kit, Xtreme 2 210#",606285,F
1/24/2006,"6800013 Kit, Sport 210#",608666,F
1/24/2006,11338 TC5300 Machine Mat,606252,T
1/24/2006,220000 BFX TC5300 Kit,606252,F
1/24/2006,000-7262 Xtreme 60x48 Mat Boxed,606260,F
1/24/2006,"6600014 Kit, Xtreme 2 210#",606260,F
1/24/2006,"6800013 Kit, Sport 210#",608654,F
1/24/2006,220000 BFX TC5300 Kit,608647,F
1/24/2006,"100000 Kit, Ult XTLU",606272,F
1/24/2006,"200022 Kit, BFX TC5000 w/Mat",606310,F
1/24/2006,000-7262 Xtreme 60x48 Mat Boxed,608680,F
1/24/2006,"6600014 Kit, Xtreme 2 210#",608680,F
1/24/2006,000-7262 Xtreme 60x48 Mat Boxed,606283,F
1/24/2006,"6600014 Kit, Xtreme 2 210#",606283,F
1/24/2006,"6600014 Kit, Xtreme 2 210#",606263,F
1/24/2006,"6600014 Kit, Xtreme 2 210#",606277,F
1/24/2006,"6600014 Kit, Xtreme 2 210#",608660,F
1/24/2006,000-7262 Xtreme 60x48 Mat Boxed,608660,F
1/24/2006,"110001 Kit, Xtr XTLU 210#",606255,F
1/24/2006,"115000 Kit, U2 310#",606303,F
1/24/2006,"6600014 Kit, Xtreme 2 210#",608681,F
1/24/2006,200020 Bowflex TC1000,608643,F
1/24/2006,"6600014 Kit, Xtreme 2 210#",608651,F
12/12/2005,"10172 BFX 79x37"" Mat",606593,F
12/12/2005,11608 BFX Body Plan Book,606593,F
12/12/2005,000-3899 Mult-I-Trainer CD-ROM Ult U2,606593,F
12/12/2005,"110001 Kit, Xtr XTLU 210#",606593,F
12/12/2005,10293 TRC Machine Mat,608319,F
12/12/2005,200023 TRC Model TC5000,608319,F
12/12/2005,"6800013 Kit, Sport 210#",608325,F
12/12/2005,"700011 Kit, BFX 220 Dumbbell",608399,F
12/12/2005,200020 Bowflex TC1000,606538,F
12/12/2005,"100000 Kit, Ult XTLU",608334,F
12/12/2005,000-3899 Mult-I-Trainer CD-ROM Ult U2,608334,F
12/12/2005,"115001 Kit, U2 w/Ab Attachment",608405,F
12/12/2005,10071 Rod Pack  410# upgrade,608405,F
12/12/2005,11608 BFX Body Plan Book,608405,F
12/12/2005,10071 Rod Pack  410# upgrade,608343,F
12/12/2005,90642 Kit  Ppro T-Bar & Foot Hrns,608343,F
12/12/2005,"000-3667 BFX Machine Mat 37.5 x 99.5""",608343,F
12/12/2005,"115001 Kit, U2 w/Ab Attachment",608343,F
12/12/2005,10293 TRC Machine Mat,608401,F
12/12/2005,200023 TRC Model TC5000,608401,F
12/12/2005,"115000 Kit, U2 310#",606523,F
12/12/2005,"000-3667 BFX Machine Mat 37.5 x 99.5""",606523,F
12/12/2005,"115000 Kit, U2 310#",606533,F
12/12/2005,"115001 Kit, U2 w/Ab Attachment",606542,F
12/12/2005,"000-3667 BFX Machine Mat 37.5 x 99.5""",606542,F
12/12/2005,"115001 Kit, U2 w/Ab Attachment",606527,F
12/12/2005,"000-3667 BFX Machine Mat 37.5 x 99.5""",606527,F
12/12/2005,"6800013 Kit, Sport 210#",608322,F
12/12/2005,12837 Upper Lower Body Workout DVD,608322,T
12/12/2005,"700002 Kit, BFX 552 / 2-in-1 Stand",608386,F
12/12/2005,10293 TRC Machine Mat,606544,F
12/12/2005,200023 TRC Model TC5000,606544,F
12/12/2005,12837 Upper Lower Body Workout DVD,606588,T
12/12/2005,12900 Bowflex Pilates Kit,606588,T
12/12/2005,"6800013 Kit, Sport 210#",606588,F
12/12/2005,"6800013 Kit, Sport 210#",608392,F
12/12/2005,200020 Bowflex TC1000,606535,F
12/12/2005,"000-3667 BFX Machine Mat 37.5 x 99.5""",608328,F
12/12/2005,"115000 Kit, U2 310#",608328,F
12/12/2005,"200022 Kit, BFX TC5000 w/Mat",606597,F
12/12/2005,"6600014 Kit, Xtreme 2 210#",608413,F
12/12/2005,"115000 Kit, U2 310#",608410,F
12/12/2005,"115000 Kit, U2 310#",606614,F
12/12/2005,"000-3667 BFX Machine Mat 37.5 x 99.5""",606614,F
12/12/2005,200023 TRC Model TC5000,608340,F
12/12/2005,200023 TRC Model TC5000,606605,F
12/12/2005,"700010 Kit, BFX 552 / 51B / 21S Kit",606529,F
12/12/2005,"110006 Kit, Xtr XTLU 310#",606521,F
12/12/2005,220000 BFX TC5300 Kit,608389,F
12/12/2005,160000 BFX Revolution,608383,F
12/12/2005,"700002 Kit, BFX 552 / 2-in-1 Stand",606582,F
12/12/2005,10071 Rod Pack  410# upgrade,608398,F
12/12/2005,"115000 Kit, U2 310#",608398,F
12/12/2005,10293 TRC Machine Mat,608408,F
12/12/2005,200023 TRC Model TC5000,608408,F
12/12/2005,12408 Tanita Body Fat Monitor,608408,T
12/12/2005,"6800013 Kit, Sport 210#",606545,F
12/12/2005,700000 BFX 552 Dumbbell Kit,606525,F
12/12/2005,200023 TRC Model TC5000,606546,F
12/12/2005,"115000 Kit, U2 310#",608395,F
12/12/2005,160000 BFX Revolution,606531,F
12/12/2005,"6600014 Kit, Xtreme 2 210#",608403,F
12/12/2005,"000-3667 BFX Machine Mat 37.5 x 99.5""",606540,F
12/12/2005,160000 BFX Revolution,606540,F
12/12/2005,"6600014 Kit, Xtreme 2 210#",608415,F
12/12/2005,"6600014 Kit, Xtreme 2 210#",608331,F
12/12/2005,"100000 Kit, Ult XTLU",606601,F
12/12/2005,700000 BFX 552 Dumbbell Kit,608417,F
12/12/2005,200023 TRC Model TC5000,608337,F
12/12/2005,"6600014 Kit, Xtreme 2 210#",606609,F
8/18/2005,"6800013 Kit, Sport 210#",608320,F
8/18/2005,"700010 Kit, BFX 552 / 51B / 21S Kit",606570,F
8/18/2005,700000 BFX 552 Dumbbell Kit,606617,F
8/18/2005,"700003 Kit, BFX 552 / 3.1 Bench",606598,F
8/18/2005,"700002 Kit, BFX 552 / 2-in-1 Stand",606574,F
8/18/2005,"700008 Kit, BFX 552 / 5.1 Bench",606564,F
8/18/2005,700000 BFX 552 Dumbbell Kit,606583,F
8/18/2005,"6610014 Kit, X2 310#",608330,F
8/18/2005,"110000 Kit, Xtr XLU 210#",606576,F
8/18/2005,700000 BFX 552 Dumbbell Kit,608411,F
8/18/2005,700000 BFX 552 Dumbbell Kit,608416,F
8/18/2005,700000 BFX 552 Dumbbell Kit,606567,F
8/18/2005,700000 BFX 552 Dumbbell Kit,608336,F
8/18/2005,"700001 Kit, BFX 552 / 31B/ 21S",606562,F
8/18/2005,"10172 BFX 79x37"" Mat",608323,F
8/18/2005,"6600014 Kit, Xtreme 2 210#",608323,F
8/18/2005,700000 BFX 552 Dumbbell Kit,608409,F
8/18/2005,"6800013 Kit, Sport 210#",608326,F
8/18/2005,000-3899 Mult-I-Trainer CD-ROM Ult U2,608326,F
8/18/2005,"700013 Kit, BFX 220 DB / Stand",606559,F
8/18/2005,"700002 Kit, BFX 552 / 2-in-1 Stand",608339,F
8/18/2005,"700010 Kit, BFX 552 / 51B / 21S Kit",606610,F
8/18/2005,"700001 Kit, BFX 552 / 31B/ 21S",606579,F
8/18/2005,"700008 Kit, BFX 552 / 5.1 Bench",606590,F
8/18/2005,"700010 Kit, BFX 552 / 51B / 21S Kit",608406,F
8/18/2005,"700010 Kit, BFX 552 / 51B / 21S Kit",606602,F
8/18/2005,700000 BFX 552 Dumbbell Kit,606594,F
8/18/2005,700000 BFX 552 Dumbbell Kit,606613,F
8/18/2005,700000 BFX 552 Dumbbell Kit,606586,F
8/18/2005,"700003 Kit, BFX 552 / 3.1 Bench",608414,F
8/18/2005,"700001 Kit, BFX 552 / 31B/ 21S",606606,F
8/18/2005,700000 BFX 552 Dumbbell Kit,608412,F
8/18/2005,700000 BFX 552 Dumbbell Kit,608333,F
6/17/2005,11608 BFX Body Plan Book,607358,F
6/17/2005,000-3899 Mult-I-Trainer CD-ROM Ult U2,607358,F
6/17/2005,"10172 BFX 79x37"" Mat",607358,F
6/17/2005,"100000 Kit, Ult XTLU",607358,F
6/17/2005,"6600014 Kit, Xtreme 2 210#",607318,F
6/17/2005,11608 BFX Body Plan Book,607318,F
6/17/2005,000-3899 Mult-I-Trainer CD-ROM Ult U2,607318,F
6/17/2005,95146 BFX 310# Rod Upgrade,607318,F
6/17/2005,"10172 BFX 79x37"" Mat",607318,F
6/17/2005,"6800013 Kit, Sport 210#",607374,F
6/17/2005,10071 Rod Pack  410# upgrade,607380,F
6/17/2005,"115000 Kit, U2 310#",607380,F
6/17/2005,"110001 Kit, Xtr XTLU 210#",607360,F
6/17/2005,"10172 BFX 79x37"" Mat",607360,F
6/17/2005,95146 BFX 310# Rod Upgrade,607382,F
6/17/2005,"6600014 Kit, Xtreme 2 210#",607382,F
6/17/2005,000-3899 Mult-I-Trainer CD-ROM Ult U2,607382,F
6/17/2005,"10172 BFX 79x37"" Mat",607382,F
6/17/2005,11608 BFX Body Plan Book,607382,F
6/17/2005,"6800013 Kit, Sport 210#",607408,F
6/17/2005,"6800013 Kit, Sport 210#",607328,F
6/17/2005,11608 BFX Body Plan Book,607326,F
6/17/2005,"110001 Kit, Xtr XTLU 210#",607326,F
6/17/2005,000-3899 Mult-I-Trainer CD-ROM Ult U2,607326,F
6/17/2005,"700008 Kit, BFX 552 / 5.1 Bench",607366,F
6/17/2005,"115000 Kit, U2 310#",607322,F
6/17/2005,"10172 BFX 79x37"" Mat",607322,F
6/17/2005,"6600014 Kit, Xtreme 2 210#",607405,F
6/17/2005,"10172 BFX 79x37"" Mat",607402,F
6/17/2005,"6600014 Kit, Xtreme 2 210#",607402,F
6/17/2005,"110001 Kit, Xtr XTLU 210#",607414,F
6/17/2005,11608 BFX Body Plan Book,607414,F
6/17/2005,000-3899 Mult-I-Trainer CD-ROM Ult U2,607414,F
6/17/2005,"110001 Kit, Xtr XTLU 210#",607417,F
6/17/2005,"10172 BFX 79x37"" Mat",607354,F
6/17/2005,"115000 Kit, U2 310#",607354,F
6/17/2005,11608 BFX Body Plan Book,607368,F
6/17/2005,95146 BFX 310# Rod Upgrade,607368,F
6/17/2005,"6600014 Kit, Xtreme 2 210#",607368,F
6/17/2005,"10172 BFX 79x37"" Mat",607368,F
6/17/2005,000-3899 Mult-I-Trainer CD-ROM Ult U2,607368,F
6/17/2005,70403 Low Carb Stack,607370,T
6/17/2005,"6800013 Kit, Sport 210#",607370,F
6/17/2005,"115000 Kit, U2 310#",607376,F
6/17/2005,700000 BFX 552 Dumbbell Kit,607324,F
6/17/2005,"700002 Kit, BFX 552 / 2-in-1 Stand",607363,F
6/17/2005,"110001 Kit, Xtr XTLU 210#",607378,F
6/17/2005,"100000 Kit, Ult XTLU",607333,F
6/17/2005,"200022 Kit, BFX TC5000 w/Mat",607320,F
6/17/2005,10071 Rod Pack  410# upgrade,607330,F
6/17/2005,"6610014 Kit, X2 310#",607330,F
6/17/2005,"6800013 Kit, Sport 210#",607332,F
6/17/2005,"200022 Kit, BFX TC5000 w/Mat",607411,F
6/17/2005,"6600014 Kit, Xtreme 2 210#",607372,F
4/18/2005,"100000 Kit, Ult XTLU",607601,F
4/18/2005,"6600014 Kit, Xtreme 2 210#",607595,F
4/18/2005,"10172 BFX 79x37"" Mat",607595,F
4/18/2005,11608 BFX Body Plan Book,607595,F
4/18/2005,70403 Low Carb Stack,607595,T
4/18/2005,"115000 Kit, U2 310#",607592,F
4/18/2005,"115001 Kit, U2 w/Ab Attachment",607550,F
4/18/2005,"200022 Kit, BFX TC5000 w/Mat",607605,F
4/18/2005,"700002 Kit, BFX 552 / 2-in-1 Stand",607554,F
4/18/2005,"700002 Kit, BFX 552 / 2-in-1 Stand",607560,F
4/18/2005,000-3899 Mult-I-Trainer CD-ROM Ult U2,607594,F
4/18/2005,"115001 Kit, U2 w/Ab Attachment",607594,F
4/18/2005,"200022 Kit, BFX TC5000 w/Mat",607607,F
4/18/2005,"200022 Kit, BFX TC5000 w/Mat",607611,F
4/18/2005,11786 Jog Proof CD Player,607611,T
4/18/2005,"200022 Kit, BFX TC5000 w/Mat",607593,F
4/18/2005,"6600014 Kit, Xtreme 2 210#",607598,F
4/18/2005,95146 BFX 310# Rod Upgrade,607598,F
4/18/2005,11608 BFX Body Plan Book,607598,F
4/18/2005,"10172 BFX 79x37"" Mat",607598,F
4/18/2005,"6600014 Kit, Xtreme 2 210#",607613,F
4/18/2005,"6600014 Kit, Xtreme 2 210#",607564,F
4/18/2005,11608 BFX Body Plan Book,607564,F
4/18/2005,"10172 BFX 79x37"" Mat",607609,F
4/18/2005,"100000 Kit, Ult XTLU",607609,F
4/18/2005,"110001 Kit, Xtr XTLU 210#",607596,F
4/18/2005,"6810013 Kit, Sport 310#",607567,F
4/18/2005,10071 Rod Pack  410# upgrade,607567,F
4/18/2005,90642 Kit  Ppro T-Bar & Foot Hrns,607567,F
4/18/2005,11608 BFX Body Plan Book,607567,F
4/18/2005,"10172 BFX 79x37"" Mat",607567,F
4/18/2005,"110001 Kit, Xtr XTLU 210#",607617,F
4/18/2005,"110001 Kit, Xtr XTLU 210#",607562,F
4/18/2005,"6600014 Kit, Xtreme 2 210#",607615,F
4/18/2005,"115000 Kit, U2 310#",607545,F
4/18/2005,11608 BFX Body Plan Book,607563,F
4/18/2005,"110001 Kit, Xtr XTLU 210#",607563,F
4/18/2005,"6600014 Kit, Xtreme 2 210#",607558,F
4/18/2005,"6600014 Kit, Xtreme 2 210#",607603,F
4/18/2005,"6600014 Kit, Xtreme 2 210#",607556,F
4/18/2005,"6800013 Kit, Sport 210#",607568,F
4/18/2005,"100004 Kit, Ult XTLU w/Mat",607570,F
4/18/2005,"200022 Kit, BFX TC5000 w/Mat",607552,F
4/18/2005,700000 BFX 552 Dumbbell Kit,607561,F
4/18/2005,51290 Xtr Leg Extension Box,607548,T
4/18/2005,11608 BFX Body Plan Book,607548,F
4/18/2005,"110000 Kit, Xtr XLU 210#",607548,F
4/18/2005,"6600014 Kit, Xtreme 2 210#",607569,F
4/18/2005,"100000 Kit, Ult XTLU",607565,F
4/18/2005,"115000 Kit, U2 310#",607566,F
3/3/2005,"200022 Kit, BFX TC5000 w/Mat",607503,F
3/3/2005,"200022 Kit, BFX TC5000 w/Mat",607422,F
3/3/2005,"6600014 Kit, Xtreme 2 210#",607459,F
3/3/2005,"6600014 Kit, Xtreme 2 210#",607465,F
3/3/2005,11608 BFX Body Plan Book,607466,F
3/3/2005,"10172 BFX 79x37"" Mat",607466,F
3/3/2005,"110001 Kit, Xtr XTLU 210#",607466,F
3/3/2005,"200022 Kit, BFX TC5000 w/Mat",607491,F
3/3/2005,700000 BFX 552 Dumbbell Kit,607425,F
3/3/2005,70403 Low Carb Stack,607437,T
3/3/2005,"6800013 Kit, Sport 210#",607437,F
3/3/2005,"6800013 Kit, Sport 210#",607455,F
3/3/2005,"110001 Kit, Xtr XTLU 210#",607453,F
3/3/2005,"6600014 Kit, Xtreme 2 210#",607449,F
3/3/2005,"6810013 Kit, Sport 310#",607464,F
3/3/2005,10071 Rod Pack  410# upgrade,607464,F
3/3/2005,"100000 Kit, Ult XTLU",607461,F
3/3/2005,"10172 BFX 79x37"" Mat",607461,F
3/3/2005,"100000 Kit, Ult XTLU",607429,F
3/3/2005,"10172 BFX 79x37"" Mat",607429,F
3/3/2005,10071 Rod Pack  410# upgrade,607429,F
3/3/2005,"100003 Kit, Ult 310#",607496,F
3/3/2005,"100000 Kit, Ult XTLU",607500,F
3/3/2005,"100001 Kit, Ult XTU",607433,F
3/3/2005,"200022 Kit, BFX TC5000 w/Mat",607451,F
3/3/2005,"200022 Kit, BFX TC5000 w/Mat",607441,F
3/3/2005,"200022 Kit, BFX TC5000 w/Mat",607509,F
3/3/2005,200020 Bowflex TC1000,607457,F
3/3/2005,"6800013 Kit, Sport 210#",607513,F
3/3/2005,"6800013 Kit, Sport 210#",607444,F
3/3/2005,"700010 Kit, BFX 552 / 51B / 21S Kit",607419,F
3/3/2005,10071 Rod Pack  410# upgrade,607447,F
3/3/2005,"110006 Kit, Xtr XTLU 310#",607447,F
3/3/2005,700000 BFX 552 Dumbbell Kit,607505,F
3/3/2005,"100000 Kit, Ult XTLU",607463,F
2/9/2005,"700011 Kit, BFX 220 Dumbbell",608112,F
2/9/2005,700000 BFX 552 Dumbbell Kit,608112,F
2/9/2005,"6600014 Kit, Xtreme 2 210#",608112,F
2/9/2005,"700005 Kit, BFX 2-in-1 Stand",608112,F
2/9/2005,000-0001 BFX Water Bottle,608114,T
2/9/2005,000-0003 BFX Mix Container (Red),608114,T
2/9/2005,000-0268 BFX Baseball Cap,608114,T
2/9/2005,12160 Champion Muscle Nitro,608116,T
2/9/2005,000-0001 BFX Water Bottle,608116,T
2/9/2005,"6800013 Kit, Sport 210#",608109,F
2/8/2005,11607 Body Building Workout Video,608103,F
2/8/2005,"000-0299 Knee Wraps,Cotton Elastic Pair",608040,T
2/8/2005,12900 Bowflex Pilates Kit,608063,T
2/8/2005,"100000 Kit, Ult XTLU",608101,F
2/8/2005,000-0002 Nautilus U-Mix NutriBottle,608100,T
2/8/2005,11972 Dr. Riter's REAL-EaSE Support,608100,F
2/8/2005,000-0016 Island Thyme Deep Heat Balm,608100,T
2/8/2005,000-0002 Nautilus U-Mix NutriBottle,608073,T
2/8/2005,000-0001 BFX Water Bottle,608073,T
2/8/2005,000-0003 BFX Mix Container (Red),608073,T
2/8/2005,000-0003 BFX Mix Container (Red),608022,T
2/8/2005,000-0016 Island Thyme Deep Heat Balm,608022,T
2/8/2005,000-0002 Nautilus U-Mix NutriBottle,608022,T
2/8/2005,000-0186 Nautilus Bra Top M-Red,608072,T
2/8/2005,12173 Pure Whey  Banana Scream,608076,T
2/8/2005,12146 Creatine Xtreme Grape,608076,T
2/8/2005,12838 BFX Body Building DVD,608054,F
2/8/2005,11989 Yoga Inflexible People DVD,608054,T
2/8/2005,200021 TRC Model TC3000,608078,F
2/8/2005,70403 Low Carb Stack,608078,T
2/8/2005,000-0298 Door Chin-up/Pull-up Bar,608051,T
2/8/2005,000-0304 Nautilus Sit-up Bar,608051,T
2/8/2005,000-0002 Nautilus U-Mix NutriBottle,608051,T
2/8/2005,000-0304 Nautilus Sit-up Bar,608045,T
2/8/2005,000-0002 Nautilus U-Mix NutriBottle,608045,T
2/8/2005,700000 BFX 552 Dumbbell Kit,608045,F
2/8/2005,000-0303 Nautilus Push-up Bars,608045,T
2/8/2005,"000-0326 Pack, Audio",608097,T
2/8/2005,000-0003 BFX Mix Container (Red),608097,T
2/8/2005,000-0011 Comfort Pillow Moist Heat,608057,T
2/8/2005,000-0016 Island Thyme Deep Heat Balm,608057,T
2/8/2005,11972 Dr. Riter's REAL-EaSE Support,608057,F
2/8/2005,"200022 Kit, BFX TC5000 w/Mat",608057,F
2/8/2005,11969 Hot Cold Shoulder Wrap L XL,608069,F
2/8/2005,11968 Hot Cold Neck Back Combo Wrap,608069,F
2/8/2005,000-0015 Island Thyme Aches & Pains Oil,608069,T
2/8/2005,000-0016 Island Thyme Deep Heat Balm,608069,T
2/8/2005,4710015 NT920 Flat Bench,608060,F
2/8/2005,12838 BFX Body Building DVD,608024,F
2/8/2005,000-0310 BFX Multi-point Foot Harness,608024,T
2/8/2005,"700005 Kit, BFX 2-in-1 Stand",608024,F
2/8/2005,000-0003 BFX Mix Container (Red),608021,T
2/8/2005,5420012 NR2000 Recumbent Bike,608077,T
2/8/2005,"200022 Kit, BFX TC5000 w/Mat",608105,F
2/8/2005,000-0002 Nautilus U-Mix NutriBottle,608071,T
2/8/2005,4710015 NT920 Flat Bench,608067,F
2/8/2005,5420012 NR2000 Recumbent Bike,608067,T
2/8/2005,12838 BFX Body Building DVD,608048,F
2/8/2005,11608 BFX Body Plan Book,608048,F
2/8/2005,12900 Bowflex Pilates Kit,608075,T
2/8/2005,000-0298 Door Chin-up/Pull-up Bar,608065,T
2/8/2005,000-0310 BFX Multi-point Foot Harness,608107,T
2/8/2005,700000 BFX 552 Dumbbell Kit,608023,F
2/8/2005,12900 Bowflex Pilates Kit,608094,T
2/8/2005,11972 Dr. Riter's REAL-EaSE Support,608074,F
2/8/2005,11606 Upper Lower Body Workout Video,608070,F
2/7/2005,5400014 OBS NE3000 Elliptical,608020,T
2/7/2005,000-0002 Nautilus U-Mix NutriBottle,608019,T
1/21/2005,"200022 Kit, BFX TC5000 w/Mat",606371,F
1/21/2005,"200022 Kit, BFX TC5000 w/Mat",606330,F
1/21/2005,"100000 Kit, Ult XTLU",606357,F
1/21/2005,"100000 Kit, Ult XTLU",606353,F
1/21/2005,11608 BFX Body Plan Book,606353,F
1/21/2005,"100000 Kit, Ult XTLU",606413,F
1/21/2005,12900 Bowflex Pilates Kit,606413,T
1/21/2005,"110000 Kit, Xtr XLU 210#",606366,F
1/21/2005,"10172 BFX 79x37"" Mat",606366,F
1/21/2005,"110001 Kit, Xtr XTLU 210#",606355,F
1/21/2005,"6600014 Kit, Xtreme 2 210#",606335,F
1/21/2005,"10172 BFX 79x37"" Mat",606335,F
1/21/2005,95146 BFX 310# Rod Upgrade,606335,F
1/21/2005,11608 BFX Body Plan Book,606335,F
1/21/2005,"6600014 Kit, Xtreme 2 210#",606354,F
1/21/2005,"6600014 Kit, Xtreme 2 210#",606375,F
1/21/2005,"6600014 Kit, Xtreme 2 210#",606415,F
1/21/2005,"100000 Kit, Ult XTLU",606350,F
1/21/2005,"100000 Kit, Ult XTLU",606369,F
1/21/2005,11608 BFX Body Plan Book,606369,F
1/21/2005,200021 TRC Model TC3000,606360,F
1/21/2005,10293 TRC Machine Mat,606360,F
1/21/2005,"200022 Kit, BFX TC5000 w/Mat",606407,F
1/21/2005,"110001 Kit, Xtr XTLU 210#",606332,F
1/21/2005,11608 BFX Body Plan Book,606332,F
1/21/2005,90642 Kit  Ppro T-Bar & Foot Hrns,606331,F
1/21/2005,"6610014 Kit, X2 310#",606331,F
1/21/2005,"6600014 Kit, Xtreme 2 210#",606352,F
1/21/2005,700000 BFX 552 Dumbbell Kit,606410,F
1/21/2005,10071 Rod Pack  410# upgrade,606373,F
1/21/2005,"100000 Kit, Ult XTLU",606373,F
1/21/2005,"10172 BFX 79x37"" Mat",606373,F
1/21/2005,11608 BFX Body Plan Book,606333,F
1/21/2005,"6600014 Kit, Xtreme 2 210#",606333,F
1/21/2005,"10172 BFX 79x37"" Mat",606333,F
1/21/2005,95146 BFX 310# Rod Upgrade,606333,F
1/21/2005,11608 BFX Body Plan Book,606351,F
1/21/2005,"110001 Kit, Xtr XTLU 210#",606351,F
1/21/2005,"6800013 Kit, Sport 210#",606334,F
1/21/2005,10071 Rod Pack  410# upgrade,606362,F
1/21/2005,"6610014 Kit, X2 310#",606362,F
1/21/2005,"110005 Kit, Xtr XLU 310#",606364,F
1/21/2005,"700001 Kit, BFX 552 / 31B/ 21S",606401,F
1/21/2005,"6800013 Kit, Sport 210#",606404,F
1/21/2005,200021 TRC Model TC3000,606336,F
1/20/2005,"110001 Kit, Xtr XTLU 210#",606323,F
1/20/2005,200021 TRC Model TC3000,606327,F
1/20/2005,700000 BFX 552 Dumbbell Kit,606324,F
1/20/2005,700000 BFX 552 Dumbbell Kit,606328,F
1/20/2005,"100000 Kit, Ult XTLU",606329,F
1/20/2005,10071 Rod Pack  410# upgrade,606329,F
1/20/2005,"100000 Kit, Ult XTLU",606326,F
1/20/2005,"200022 Kit, BFX TC5000 w/Mat",606325,F
12/26/2004,"100000 Kit, Ult XTLU",608489,F
12/26/2004,11608 BFX Body Plan Book,608489,F
12/26/2004,"100000 Kit, Ult XTLU",608428,F
12/26/2004,11608 BFX Body Plan Book,608431,F
12/26/2004,"110001 Kit, Xtr XTLU 210#",608431,F
12/26/2004,11608 BFX Body Plan Book,608421,F
12/26/2004,"6600014 Kit, Xtreme 2 210#",608421,F
12/26/2004,200021 TRC Model TC3000,608465,F
12/26/2004,"6600014 Kit, Xtreme 2 210#",608480,F
12/26/2004,"6800013 Kit, Sport 210#",608423,F
12/26/2004,"10172 BFX 79x37"" Mat",608467,F
12/26/2004,10071 Rod Pack  410# upgrade,608467,F
12/26/2004,"100000 Kit, Ult XTLU",608467,F
12/26/2004,"110001 Kit, Xtr XTLU 210#",608509,F
12/26/2004,"700002 Kit, BFX 552 / 2-in-1 Stand",608420,F
12/26/2004,"110001 Kit, Xtr XTLU 210#",608472,F
12/26/2004,"110001 Kit, Xtr XTLU 210#",608418,F
12/26/2004,"100000 Kit, Ult XTLU",608512,F
12/26/2004,10071 Rod Pack  410# upgrade,608512,F
12/26/2004,200021 TRC Model TC3000,608432,F
12/26/2004,"200022 Kit, BFX TC5000 w/Mat",608500,F
12/26/2004,"110006 Kit, Xtr XTLU 310#",608482,F
12/26/2004,"200022 Kit, BFX TC5000 w/Mat",608516,F
12/26/2004,"200022 Kit, BFX TC5000 w/Mat",608424,F
12/26/2004,"6600014 Kit, Xtreme 2 210#",608510,F
12/26/2004,10297 Champion Sample Pack,608436,T
12/26/2004,200023 TRC Model TC5000,608436,F
12/26/2004,10293 TRC Machine Mat,608436,F
12/26/2004,"6800013 Kit, Sport 210#",608511,F
12/26/2004,200020 Bowflex TC1000,608502,F
12/26/2004,"100000 Kit, Ult XTLU",608498,F
12/26/2004,11608 BFX Body Plan Book,608498,F
12/26/2004,"100000 Kit, Ult XTLU",608427,F
12/26/2004,10071 Rod Pack  410# upgrade,608427,F
12/26/2004,"100000 Kit, Ult XTLU",608425,F
12/26/2004,"200022 Kit, BFX TC5000 w/Mat",608430,F
12/26/2004,"10172 BFX 79x37"" Mat",608422,F
12/26/2004,95146 BFX 310# Rod Upgrade,608422,F
12/26/2004,"6600014 Kit, Xtreme 2 210#",608422,F
12/26/2004,11608 BFX Body Plan Book,608422,F
12/26/2004,"110001 Kit, Xtr XTLU 210#",608485,F
12/26/2004,11608 BFX Body Plan Book,608485,F
12/26/2004,"110001 Kit, Xtr XTLU 210#",608491,F
12/26/2004,"110001 Kit, Xtr XTLU 210#",608493,F
12/26/2004,"110001 Kit, Xtr XTLU 210#",608496,F
12/26/2004,"100000 Kit, Ult XTLU",608478,F
12/26/2004,10071 Rod Pack  410# upgrade,608478,F
12/26/2004,"100002 Kit, Ult XLU",608429,F
12/26/2004,200021 TRC Model TC3000,608517,F
12/26/2004,"6800013 Kit, Sport 210#",608507,F
12/26/2004,95146 BFX 310# Rod Upgrade,608507,F
12/26/2004,700000 BFX 552 Dumbbell Kit,608476,F
12/26/2004,700000 BFX 552 Dumbbell Kit,608435,F
12/26/2004,"110006 Kit, Xtr XTLU 310#",608469,F
12/26/2004,"6610014 Kit, X2 310#",608508,F
12/26/2004,"10172 BFX 79x37"" Mat",608508,F
12/26/2004,700000 BFX 552 Dumbbell Kit,608515,F
12/26/2004,10071 Rod Pack  410# upgrade,608487,F
12/26/2004,"100000 Kit, Ult XTLU",608487,F
12/26/2004,"110000 Kit, Xtr XLU 210#",608434,F
12/26/2004,"200022 Kit, BFX TC5000 w/Mat",608433,F
12/26/2004,"6600014 Kit, Xtreme 2 210#",608513,F
12/26/2004,700000 BFX 552 Dumbbell Kit,608474,F
12/26/2004,"110001 Kit, Xtr XTLU 210#",608419,F
12/26/2004,"110001 Kit, Xtr XTLU 210#",608426,F
12/26/2004,"200022 Kit, BFX TC5000 w/Mat",608514,F
10/15/2004,"6600014 Kit, Xtreme 2 210#",607643,F
10/15/2004,95146 BFX 310# Rod Upgrade,607643,F
10/15/2004,"6800013 Kit, Sport 210#",607678,F
10/15/2004,10071 Rod Pack  410# upgrade,607707,F
10/15/2004,"6810013 Kit, Sport 310#",607707,F
10/15/2004,"100000 Kit, Ult XTLU",607648,F
10/15/2004,"100000 Kit, Ult XTLU",607653,F
10/15/2004,"100000 Kit, Ult XTLU",607656,F
10/15/2004,"100000 Kit, Ult XTLU",607697,F
10/15/2004,11608 BFX Body Plan Book,607697,F
10/15/2004,"100004 Kit, Ult XTLU w/Mat",607639,F
10/15/2004,11608 BFX Body Plan Book,607683,F
10/15/2004,"10172 BFX 79x37"" Mat",607683,F
10/15/2004,95146 BFX 310# Rod Upgrade,607683,F
10/15/2004,"6600014 Kit, Xtreme 2 210#",607683,F
10/15/2004,"6600014 Kit, Xtreme 2 210#",607621,F
10/15/2004,11607 Body Building Workout Video,607621,F
10/15/2004,"6800013 Kit, Sport 210#",607713,F
10/15/2004,"700002 Kit, BFX 552 / 2-in-1 Stand",607634,F
10/15/2004,"200022 Kit, BFX TC5000 w/Mat",607706,F
10/15/2004,"6600014 Kit, Xtreme 2 210#",607717,F
10/15/2004,"10172 BFX 79x37"" Mat",607717,F
10/15/2004,11608 BFX Body Plan Book,607717,F
10/15/2004,95146 BFX 310# Rod Upgrade,607717,F
10/15/2004,"6600014 Kit, Xtreme 2 210#",607682,F
10/15/2004,"10172 BFX 79x37"" Mat",607682,F
10/15/2004,11608 BFX Body Plan Book,607682,F
10/15/2004,95146 BFX 310# Rod Upgrade,607682,F
10/15/2004,"6600014 Kit, Xtreme 2 210#",607636,F
10/15/2004,"100000 Kit, Ult XTLU",607702,F
10/15/2004,"100000 Kit, Ult XTLU",607633,F
10/15/2004,11608 BFX Body Plan Book,607633,F
10/15/2004,"6600014 Kit, Xtreme 2 210#",607619,F
10/15/2004,"6800013 Kit, Sport 210#",607700,F
10/15/2004,"10172 BFX 79x37"" Mat",607701,F
10/15/2004,"6800013 Kit, Sport 210#",607701,F
10/15/2004,70403 Low Carb Stack,607701,T
10/15/2004,95146 BFX 310# Rod Upgrade,607625,F
10/15/2004,"6600014 Kit, Xtreme 2 210#",607625,F
10/15/2004,"10172 BFX 79x37"" Mat",607625,F
10/15/2004,11608 BFX Body Plan Book,607625,F
10/15/2004,11608 BFX Body Plan Book,607698,F
10/15/2004,"100000 Kit, Ult XTLU",607698,F
10/15/2004,11608 BFX Body Plan Book,607658,F
10/15/2004,"110001 Kit, Xtr XTLU 210#",607658,F
10/15/2004,11608 BFX Body Plan Book,607650,F
10/15/2004,"10172 BFX 79x37"" Mat",607650,F
10/15/2004,"100000 Kit, Ult XTLU",607650,F
10/15/2004,"6610014 Kit, X2 310#",607646,F
10/15/2004,90642 Kit  Ppro T-Bar & Foot Hrns,607646,F
10/15/2004,"100000 Kit, Ult XTLU",607677,F
10/15/2004,"110000 Kit, Xtr XLU 210#",607620,F
10/15/2004,11608 BFX Body Plan Book,607623,F
10/15/2004,"6800013 Kit, Sport 210#",607623,F
10/15/2004,"6610014 Kit, X2 310#",607676,F
10/15/2004,"10172 BFX 79x37"" Mat",607676,F
10/15/2004,"6610014 Kit, X2 310#",607670,F
10/15/2004,"10172 BFX 79x37"" Mat",607670,F
10/15/2004,"100000 Kit, Ult XTLU",607671,F
10/15/2004,11608 BFX Body Plan Book,607671,F
10/15/2004,"100004 Kit, Ult XTLU w/Mat",607674,F
10/15/2004,"110000 Kit, Xtr XLU 210#",607622,F
10/15/2004,11608 BFX Body Plan Book,607622,F
10/15/2004,"200022 Kit, BFX TC5000 w/Mat",607654,F
10/15/2004,"6600014 Kit, Xtreme 2 210#",607675,F
10/15/2004,"10172 BFX 79x37"" Mat",607675,F
10/15/2004,"6600014 Kit, Xtreme 2 210#",607681,F
10/15/2004,12999 BFX 552 Dumbbell,607679,F
10/15/2004,"6600014 Kit, Xtreme 2 210#",607641,F
10/15/2004,"6800013 Kit, Sport 210#",607711,F
10/15/2004,"100000 Kit, Ult XTLU",607673,F
10/15/2004,"110000 Kit, Xtr XLU 210#",607672,F
10/15/2004,"110000 Kit, Xtr XLU 210#",607652,F
10/15/2004,"6800013 Kit, Sport 210#",607715,F
10/15/2004,"6800013 Kit, Sport 210#",607680,F
10/15/2004,"6800013 Kit, Sport 210#",607655,F
10/15/2004,"10172 BFX 79x37"" Mat",607655,F
10/15/2004,700000 BFX 552 Dumbbell Kit,607618,F
10/15/2004,"110001 Kit, Xtr XTLU 210#",607709,F
10/15/2004,"110001 Kit, Xtr XTLU 210#",607657,F
10/15/2004,"100000 Kit, Ult XTLU",607645,F
10/15/2004,"6600014 Kit, Xtreme 2 210#",607704,F
10/15/2004,700000 BFX 552 Dumbbell Kit,607699,F
10/15/2004,700000 BFX 552 Dumbbell Kit,607638,F
7/22/2004,11606 Upper Lower Body Workout Video,608595,F
7/22/2004,11607 Body Building Workout Video,608541,F
7/22/2004,11606 Upper Lower Body Workout Video,608541,F
7/22/2004,10071 Rod Pack  410# upgrade,608536,F
7/22/2004,95146 BFX 310# Rod Upgrade,608536,F
7/22/2004,11608 BFX Body Plan Book,608540,F
7/22/2004,"10172 BFX 79x37"" Mat",608616,F
7/22/2004,11608 BFX Body Plan Book,608609,F
7/22/2004,95146 BFX 310# Rod Upgrade,608534,F
7/22/2004,10071 Rod Pack  410# upgrade,608543,F
7/22/2004,95146 BFX 310# Rod Upgrade,608535,F
7/20/2004,11608 BFX Body Plan Book,606270,F
7/20/2004,"110005 Kit, Xtr XLU 310#",606270,F
7/20/2004,10071 Rod Pack  410# upgrade,606270,F
7/20/2004,"10172 BFX 79x37"" Mat",606253,F
7/20/2004,"6600014 Kit, Xtreme 2 210#",606253,F
7/20/2004,"110001 Kit, Xtr XTLU 210#",608684,F
7/20/2004,"200005 Kit, TRC TC5000 w/mat",606259,F
7/20/2004,"100000 Kit, Ult XTLU",608671,F
7/20/2004,"100000 Kit, Ult XTLU",606262,F
7/20/2004,11608 BFX Body Plan Book,608679,F
7/20/2004,"100000 Kit, Ult XTLU",608679,F
7/20/2004,"6600014 Kit, Xtreme 2 210#",608694,F
7/20/2004,"6800013 Kit, Sport 210#",608653,F
7/20/2004,"6800013 Kit, Sport 210#",608624,F
7/20/2004,"6800013 Kit, Sport 210#",606280,F
7/20/2004,11608 BFX Body Plan Book,606280,F
7/20/2004,"10172 BFX 79x37"" Mat",606280,F
7/20/2004,"110001 Kit, Xtr XTLU 210#",608685,F
7/20/2004,"100000 Kit, Ult XTLU",608689,F
7/20/2004,10071 Rod Pack  410# upgrade,608689,F
7/20/2004,"100000 Kit, Ult XTLU",606312,F
7/20/2004,"6600014 Kit, Xtreme 2 210#",608686,F
7/20/2004,"6600014 Kit, Xtreme 2 210#",608668,F
7/20/2004,"6600014 Kit, Xtreme 2 210#",608634,F
7/20/2004,"10172 BFX 79x37"" Mat",608634,F
7/20/2004,"6600014 Kit, Xtreme 2 210#",608631,F
7/20/2004,95146 BFX 310# Rod Upgrade,608631,F
7/20/2004,11608 BFX Body Plan Book,608631,F
7/20/2004,"10172 BFX 79x37"" Mat",608631,F
7/20/2004,"200001 Kit, TRC TC3000",608630,F
7/20/2004,11608 BFX Body Plan Book,608695,F
7/20/2004,"110001 Kit, Xtr XTLU 210#",608695,F
7/20/2004,"6800013 Kit, Sport 210#",608688,F
7/20/2004,"6800013 Kit, Sport 210#",608691,F
7/20/2004,"110001 Kit, Xtr XTLU 210#",608618,F
7/20/2004,11608 BFX Body Plan Book,608618,F
7/20/2004,"100000 Kit, Ult XTLU",606273,F
7/20/2004,"100000 Kit, Ult XTLU",608633,F
7/20/2004,"6600014 Kit, Xtreme 2 210#",608626,F
7/20/2004,"200005 Kit, TRC TC5000 w/mat",606315,F
7/20/2004,"6610014 Kit, X2 310#",606278,F
7/20/2004,"6610014 Kit, X2 310#",606301,F
7/20/2004,"100000 Kit, Ult XTLU",606304,F
7/20/2004,"100001 Kit, Ult XTU",608690,F
7/20/2004,"6600014 Kit, Xtreme 2 210#",606264,F
7/20/2004,"6800013 Kit, Sport 210#",606266,F
7/20/2004,"6800013 Kit, Sport 210#",606281,F
7/20/2004,"10172 BFX 79x37"" Mat",606281,F
7/20/2004,95146 BFX 310# Rod Upgrade,606281,F
7/20/2004,"10295 Watch, ZT-2000 QQ2191",608632,T
7/20/2004,"200001 Kit, TRC TC3000",608632,F
7/20/2004,"6800013 Kit, Sport 210#",608662,F
7/20/2004,"6810013 Kit, Sport 310#",608683,F
7/20/2004,"200001 Kit, TRC TC3000",608628,F
7/20/2004,"200005 Kit, TRC TC5000 w/mat",608673,F
7/20/2004,"200005 Kit, TRC TC5000 w/mat",608692,F
7/20/2004,"100000 Kit, Ult XTLU",606256,F
7/20/2004,"100000 Kit, Ult XTLU",606298,F
7/20/2004,"6600014 Kit, Xtreme 2 210#",608687,F
7/20/2004,"110001 Kit, Xtr XTLU 210#",608629,F
7/20/2004,"200005 Kit, TRC TC5000 w/mat",608665,F
7/20/2004,"100000 Kit, Ult XTLU",608656,F
7/20/2004,10071 Rod Pack  410# upgrade,608656,F
7/20/2004,"100000 Kit, Ult XTLU",608622,F
7/20/2004,"10172 BFX 79x37"" Mat",608622,F
7/20/2004,"6600014 Kit, Xtreme 2 210#",606276,F
7/20/2004,"6600014 Kit, Xtreme 2 210#",606309,F
7/20/2004,"6600014 Kit, Xtreme 2 210#",608676,F
7/20/2004,"200005 Kit, TRC TC5000 w/mat",608659,F
7/20/2004,"100000 Kit, Ult XTLU",608682,F
7/20/2004,"100000 Kit, Ult XTLU",608693,F
7/20/2004,"110001 Kit, Xtr XTLU 210#",606306,F
7/20/2004,"110001 Kit, Xtr XTLU 210#",606295,F
2/26/2004,11607 Body Building Workout Video,607947,F
2/26/2004,12005 NLS SELECTTECH DB 552 STAND,607995,T
2/26/2004,12123 Tanita Body Fat Monitor Scale,607995,T
2/26/2004,95146 BFX 310# Rod Upgrade,607949,F
10/29/2003,11607 Body Building Workout Video,606914,F
10/29/2003,"95500 Poster,P-Pro Folded",606843,T
10/29/2003,11608 BFX Body Plan Book,606843,F
10/29/2003,11608 BFX Body Plan Book,606886,F
10/29/2003,11607 Body Building Workout Video,606886,F
10/29/2003,11606 Upper Lower Body Workout Video,606886,F
10/29/2003,11608 BFX Body Plan Book,606883,F
10/29/2003,"95062 Manual, Ppro Owner's",606821,T
10/29/2003,95146 BFX 310# Rod Upgrade,606905,F
10/29/2003,95146 BFX 310# Rod Upgrade,606830,F
10/29/2003,10071 Rod Pack  410# upgrade,606823,F
10/29/2003,"10172 BFX 79x37"" Mat",606844,F
10/29/2003,"95500 Poster,P-Pro Folded",606882,T
10/29/2003,"95062 Manual, Ppro Owner's",606882,T
10/29/2003,"95062 Manual, Ppro Owner's",606902,T
10/29/2003,"50000 Kit, Versatrainer",606911,F
10/29/2003,"95062 Manual, Ppro Owner's",606853,T
10/29/2003,"95062 Manual, Ppro Owner's",606860,T
10/29/2003,11608 BFX Body Plan Book,606871,F
10/29/2003,11606 Upper Lower Body Workout Video,606825,F
10/29/2003,11607 Body Building Workout Video,606825,F
10/29/2003,11606 Upper Lower Body Workout Video,606881,F
10/29/2003,"95500 Poster,P-Pro Folded",606881,T
10/29/2003,60250 Mot Lat Attachment,606907,T
10/29/2003,"50000 Kit, Versatrainer",606916,F
10/29/2003,11608 BFX Body Plan Book,606869,F
10/29/2003,"95062 Manual, Ppro Owner's",606826,T
10/29/2003,"95062 Manual, Ppro Owner's",606836,T
10/29/2003,95146 BFX 310# Rod Upgrade,606906,F
10/29/2003,95146 BFX 310# Rod Upgrade,606832,F
10/29/2003,95146 BFX 310# Rod Upgrade,606839,F
10/29/2003,95146 BFX 310# Rod Upgrade,606864,F
10/29/2003,95146 BFX 310# Rod Upgrade,606857,F
10/29/2003,"95500 Poster,P-Pro Folded",606841,T
10/29/2003,90672 Ppro Lat Attachment,606878,T
8/9/2003,"200005 Kit, TRC TC5000 w/mat",608524,F
8/9/2003,10297 Champion Sample Pack,608524,T
8/9/2003,"110003 Kit, Xtr XTLU 310# w/Mat",608528,F
8/9/2003,"100000 Kit, Ult XTLU",608525,F
8/9/2003,10071 Rod Pack  410# upgrade,608525,F
8/9/2003,"400008 Kit, Ppro 310# XT",608529,F
8/9/2003,"10172 BFX 79x37"" Mat",608529,F
8/9/2003,"400010 Kit, Ppro 210# XT",608565,F
8/9/2003,"10172 BFX 79x37"" Mat",608565,F
8/9/2003,"200005 Kit, TRC TC5000 w/mat",608518,F
8/9/2003,"100000 Kit, Ult XTLU",608610,F
8/9/2003,"100000 Kit, Ult XTLU",608576,F
8/9/2003,"10172 BFX 79x37"" Mat",608576,F
8/9/2003,"110006 Kit, Xtr XTLU 310#",608584,F
8/9/2003,"200005 Kit, TRC TC5000 w/mat",608570,F
8/9/2003,"100000 Kit, Ult XTLU",608558,F
8/9/2003,"100000 Kit, Ult XTLU",608569,F
8/9/2003,"10172 BFX 79x37"" Mat",608569,F
8/9/2003,"400010 Kit, Ppro 210# XT",608580,F
8/9/2003,"400000 Kit, Ppro 210#",608560,F
8/9/2003,90672 Ppro Lat Attachment,608560,T
8/9/2003,"110001 Kit, Xtr XTLU 210#",608521,F
8/9/2003,"200005 Kit, TRC TC5000 w/mat",608617,F
8/9/2003,"100000 Kit, Ult XTLU",608563,F
8/9/2003,"100000 Kit, Ult XTLU",608561,F
8/9/2003,"100000 Kit, Ult XTLU",608520,F
8/9/2003,"10172 BFX 79x37"" Mat",608526,F
8/9/2003,"100000 Kit, Ult XTLU",608526,F
8/9/2003,"400012 Kit, Ppro 210# XL",608583,F
8/9/2003,"400010 Kit, Ppro 210# XT",608582,F
8/9/2003,"400015 Kit, Motivator 210# XTL",608573,F
8/9/2003,"100000 Kit, Ult XTLU",608566,F
8/9/2003,"100000 Kit, Ult XTLU",608522,F
8/9/2003,"10172 BFX 79x37"" Mat",608522,F
8/9/2003,"400002 Kit, Motivator 210#",608571,F
8/9/2003,"400000 Kit, Ppro 210#",608581,F
8/9/2003,95146 BFX 310# Rod Upgrade,608581,F
8/9/2003,"400012 Kit, Ppro 210# XL",608562,F
8/9/2003,"400008 Kit, Ppro 310# XT",608615,F
8/9/2003,"10172 BFX 79x37"" Mat",608615,F
8/9/2003,10071 Rod Pack  410# upgrade,608613,F
8/9/2003,"100004 Kit, Ult XTLU w/Mat",608613,F
8/9/2003,"400011 Kit, Ppro 210# XTL",608574,F
8/9/2003,"400016 Kit, Ppro 310# XTLU",608575,F
8/9/2003,"400027 Kit, Ppro 310# XTLU w/Mat",608564,F
8/9/2003,"200005 Kit, TRC TC5000 w/mat",608572,F
8/9/2003,"200005 Kit, TRC TC5000 w/mat",608519,F
8/9/2003,"400009 Kit, Ppro 310# XTL",608577,F
8/9/2003,10071 Rod Pack  410# upgrade,608567,F
8/9/2003,"100000 Kit, Ult XTLU",608567,F
8/9/2003,"10172 BFX 79x37"" Mat",608527,F
8/9/2003,"100000 Kit, Ult XTLU",608527,F
8/9/2003,"100000 Kit, Ult XTLU",608579,F
8/9/2003,95146 BFX 310# Rod Upgrade,608578,F
8/9/2003,"400012 Kit, Ppro 210# XL",608578,F
8/9/2003,"100000 Kit, Ult XTLU",608559,F
8/9/2003,"400000 Kit, Ppro 210#",608568,F
8/9/2003,"400007 Kit, Motivator 210# XL",608523,F
3/23/2003,"400012 Kit, Ppro 210# XL",607478,F
3/17/2003,"400010 Kit, Ppro 210# XT",607510,F
3/14/2003,"400000 Kit, Ppro 210#",607473,F
3/13/2003,"10172 BFX 79x37"" Mat",607486,F
3/13/2003,"100000 Kit, Ult XTLU",607486,F
3/13/2003,"100000 Kit, Ult XTLU",607424,F
3/12/2003,"400011 Kit, Ppro 210# XTL",607439,F
3/11/2003,"400019 Kit, Ppro 310# XLU",607480,F
3/10/2003,"400011 Kit, Ppro 210# XTL",607506,F
3/10/2003,"100000 Kit, Ult XTLU",607494,F
3/10/2003,"100000 Kit, Ult XTLU",607482,F
3/7/2003,"400011 Kit, Ppro 210# XTL",607517,F
3/7/2003,"100000 Kit, Ult XTLU",607471,F
3/7/2003,"400000 Kit, Ppro 210#",607490,F
3/6/2003,"400010 Kit, Ppro 210# XT",607498,F
3/6/2003,"400011 Kit, Ppro 210# XTL",607477,F
3/6/2003,"400009 Kit, Ppro 310# XTL",607428,F
3/6/2003,10071 Rod Pack  410# upgrade,607489,F
3/6/2003,"100000 Kit, Ult XTLU",607489,F
3/6/2003,"400012 Kit, Ppro 210# XL",607420,F
3/6/2003,"400000 Kit, Ppro 210#",607436,F
1/14/2003,"100000 Kit, Ult XTLU",607823,F
1/14/2003,"100000 Kit, Ult XTLU",606437,F
1/10/2003,"400009 Kit, Ppro 310# XTL",606429,F
1/8/2003,"400012 Kit, Ppro 210# XL",607863,F
1/8/2003,"100000 Kit, Ult XTLU",607907,F
1/8/2003,"400002 Kit, Motivator 210#",607888,F
1/8/2003,"400000 Kit, Ppro 210#",607829,F
1/8/2003,"400016 Kit, Ppro 310# XTLU",607883,F
1/8/2003,"400013 Kit, Ppro 210# XTLU",607836,F
1/8/2003,"400012 Kit, Ppro 210# XL",607855,F
1/8/2003,90642 Kit  Ppro T-Bar & Foot Hrns,607855,F
1/8/2003,"400002 Kit, Motivator 210#",606423,F
1/8/2003,"100000 Kit, Ult XTLU",607912,F
1/8/2003,"100000 Kit, Ult XTLU",607878,F
1/8/2003,10071 Rod Pack  410# upgrade,607878,F
1/8/2003,"100000 Kit, Ult XTLU",607859,F
1/8/2003,"400000 Kit, Ppro 210#",607893,F
1/8/2003,"100000 Kit, Ult XTLU",607847,F
1/8/2003,"100000 Kit, Ult XTLU",607827,F
1/8/2003,10071 Rod Pack  410# upgrade,607827,F
1/8/2003,"100000 Kit, Ult XTLU",606420,F
1/8/2003,"400024 Kit, Motivator 310# XTL",607840,F
1/8/2003,"400011 Kit, Ppro 210# XTL",607851,F
1/8/2003,"400010 Kit, Ppro 210# XT",606433,F
1/8/2003,"400022 Kit, Motivator 310# XT",607898,F
1/8/2003,"100000 Kit, Ult XTLU",607843,F
1/8/2003,"400000 Kit, Ppro 210#",607870,F
1/8/2003,"400012 Kit, Ppro 210# XL",607874,F
1/8/2003,"400016 Kit, Ppro 310# XTLU",606446,F
1/8/2003,"400001 Kit, Ppro 310#",607917,F
1/8/2003,"100000 Kit, Ult XTLU",606441,F
1/8/2003,"400011 Kit, Ppro 210# XTL",606426,F
1/8/2003,"400007 Kit, Motivator 210# XL",607903,F
12/31/2002,"100000 Kit, Ult XTLU",606641,F
12/27/2002,90642 Kit  Ppro T-Bar & Foot Hrns,607781,F
12/27/2002,90672 Ppro Lat Attachment,607778,T
12/26/2002,"10172 BFX 79x37"" Mat",607733,F
12/24/2002,95146 BFX 310# Rod Upgrade,607766,F
12/24/2002,"95500 Poster,P-Pro Folded",607807,T
12/24/2002,95146 BFX 310# Rod Upgrade,607756,F
12/24/2002,90642 Kit  Ppro T-Bar & Foot Hrns,607788,F
12/24/2002,"10172 BFX 79x37"" Mat",607788,F
12/24/2002,95146 BFX 310# Rod Upgrade,607803,F
12/24/2002,90642 Kit  Ppro T-Bar & Foot Hrns,607721,F
12/24/2002,90642 Kit  Ppro T-Bar & Foot Hrns,607784,F
12/24/2002,95146 BFX 310# Rod Upgrade,607812,F
12/23/2002,95146 BFX 310# Rod Upgrade,607728,F
12/23/2002,95146 BFX 310# Rod Upgrade,607763,F
12/23/2002,95146 BFX 310# Rod Upgrade,607794,F
11/25/2002,"400010 Kit, Ppro 210# XT",608299,F
11/25/2002,"100000 Kit, Ult XTLU",608305,F
11/25/2002,10071 Rod Pack  410# upgrade,608305,F
11/25/2002,"400008 Kit, Ppro 310# XT",608230,F
11/25/2002,90642 Kit  Ppro T-Bar & Foot Hrns,608230,F
11/25/2002,"400012 Kit, Ppro 210# XL",608239,F
11/25/2002,"400000 Kit, Ppro 210#",608303,F
11/25/2002,"400002 Kit, Motivator 210#",608300,F
11/25/2002,"400016 Kit, Ppro 310# XTLU",608295,F
11/25/2002,"10172 BFX 79x37"" Mat",608302,F
11/25/2002,"400008 Kit, Ppro 310# XT",608302,F
11/25/2002,"10172 BFX 79x37"" Mat",608314,F
11/25/2002,"100000 Kit, Ult XTLU",608314,F
11/25/2002,"400016 Kit, Ppro 310# XTLU",608242,F
11/25/2002,"100000 Kit, Ult XTLU",608251,F
11/25/2002,"10172 BFX 79x37"" Mat",608251,F
11/25/2002,"400014 Kit, Ppro 310# XL",608288,F
11/25/2002,"400010 Kit, Ppro 210# XT",608308,F
11/25/2002,"400000 Kit, Ppro 210#",608310,F
11/25/2002,"400009 Kit, Ppro 310# XTL",608245,F
11/25/2002,"400011 Kit, Ppro 210# XTL",608286,F
11/25/2002,"400007 Kit, Motivator 210# XL",608289,F
11/25/2002,"100000 Kit, Ult XTLU",608312,F
11/25/2002,"100000 Kit, Ult XTLU",608219,F
11/25/2002,"400009 Kit, Ppro 310# XTL",608291,F
11/25/2002,"400016 Kit, Ppro 310# XTLU",608223,F
11/25/2002,"400010 Kit, Ppro 210# XT",608292,F
11/25/2002,"400010 Kit, Ppro 210# XT",608296,F
11/25/2002,"400009 Kit, Ppro 310# XTL",608306,F
11/25/2002,"400009 Kit, Ppro 310# XTL",608248,F
11/25/2002,"400011 Kit, Ppro 210# XTL",608304,F
11/25/2002,"400016 Kit, Ppro 310# XTLU",608293,F
11/25/2002,"100000 Kit, Ult XTLU",608236,F
11/25/2002,"400012 Kit, Ppro 210# XL",608287,F
11/25/2002,"400014 Kit, Ppro 310# XL",608297,F
11/24/2002,"400016 Kit, Ppro 310# XTLU",608233,F
11/24/2002,10071 Rod Pack  410# upgrade,608226,F
11/24/2002,"100000 Kit, Ult XTLU",608226,F
11/24/2002,"400011 Kit, Ppro 210# XTL",608221,F
8/20/2002,"400013 Kit, Ppro 210# XTLU",606513,F
8/20/2002,"400011 Kit, Ppro 210# XTL",606490,F
8/16/2002,"100000 Kit, Ult XTLU",606501,F
8/16/2002,10071 Rod Pack  410# upgrade,606501,F
8/15/2002,"400011 Kit, Ppro 210# XTL",606476,F
8/15/2002,"100000 Kit, Ult XTLU",607894,F
8/14/2002,"400010 Kit, Ppro 210# XT",606494,F
8/14/2002,"400001 Kit, Ppro 310#",606511,F
8/14/2002,90642 Kit  Ppro T-Bar & Foot Hrns,606511,F
8/14/2002,"400016 Kit, Ppro 310# XTLU",606483,F
8/14/2002,"400009 Kit, Ppro 310# XTL",607909,F
8/14/2002,95145 410 Power Rod Upgrade (PP Mot),607909,T
8/13/2002,"400013 Kit, Ppro 210# XTLU",606507,F
8/13/2002,"10172 BFX 79x37"" Mat",606507,F
8/13/2002,"10172 BFX 79x37"" Mat",606503,F
8/13/2002,"400011 Kit, Ppro 210# XTL",606503,F
8/13/2002,"400008 Kit, Ppro 310# XT",607915,F
8/13/2002,"400008 Kit, Ppro 310# XT",606509,F
8/13/2002,"400008 Kit, Ppro 310# XT",607879,F
8/13/2002,"400011 Kit, Ppro 210# XTL",606515,F
8/13/2002,"10172 BFX 79x37"" Mat",606480,F
8/13/2002,"400011 Kit, Ppro 210# XTL",606480,F
8/13/2002,"400013 Kit, Ppro 210# XTLU",606505,F
8/13/2002,"100000 Kit, Ult XTLU",607899,F
8/13/2002,"100000 Kit, Ult XTLU",606517,F
8/13/2002,"400012 Kit, Ppro 210# XL",607818,F
8/13/2002,"400008 Kit, Ppro 310# XT",607884,F
8/13/2002,"400009 Kit, Ppro 310# XTL",607889,F
8/13/2002,90642 Kit  Ppro T-Bar & Foot Hrns,607889,F
8/13/2002,"100000 Kit, Ult XTLU",607904,F
8/13/2002,"400013 Kit, Ppro 210# XTLU",606486,F
8/13/2002,"400010 Kit, Ppro 210# XT",606498,F
8/13/2002,"400010 Kit, Ppro 210# XT",606492,F
5/6/2002,"400013 Kit, Ppro 210# XTLU",606701,F
5/2/2002,"100000 Kit, Ult XTLU",606630,F
5/1/2002,"400016 Kit, Ppro 310# XTLU",606700,F
5/1/2002,95145 410 Power Rod Upgrade (PP Mot),606700,T
5/1/2002,"400016 Kit, Ppro 310# XTLU",606691,F
5/1/2002,"400010 Kit, Ppro 210# XT",606644,F
5/1/2002,"400016 Kit, Ppro 310# XTLU",606687,F
5/1/2002,"400013 Kit, Ppro 210# XTLU",606638,F
5/1/2002,"400016 Kit, Ppro 310# XTLU",606704,F
4/30/2002,"400021 Kit, Motivator 310#",606696,F
4/30/2002,"400013 Kit, Ppro 210# XTLU",606625,F
4/30/2002,"400000 Kit, Ppro 210#",606635,F
4/30/2002,"400016 Kit, Ppro 310# XTLU",606626,F
4/29/2002,"400016 Kit, Ppro 310# XTLU",606702,F
4/29/2002,95145 410 Power Rod Upgrade (PP Mot),606702,T
4/29/2002,"400011 Kit, Ppro 210# XTL",606692,F
4/29/2002,"400016 Kit, Ppro 310# XTLU",606693,F
4/29/2002,"400016 Kit, Ppro 310# XTLU",606698,F
4/29/2002,"400009 Kit, Ppro 310# XTL",606645,F
4/29/2002,"400000 Kit, Ppro 210#",606623,F
4/29/2002,"400000 Kit, Ppro 210#",606685,F
4/29/2002,"400011 Kit, Ppro 210# XTL",606676,F
4/29/2002,"400011 Kit, Ppro 210# XTL",606690,F
4/29/2002,"400023 Kit, Motivator 310# XL",606633,F
4/29/2002,"400024 Kit, Motivator 310# XTL",606627,F
4/29/2002,"400011 Kit, Ppro 210# XTL",606634,F
4/29/2002,"400009 Kit, Ppro 310# XTL",606681,F
4/29/2002,"400016 Kit, Ppro 310# XTLU",606637,F
4/29/2002,"400011 Kit, Ppro 210# XTL",606631,F
4/29/2002,"400011 Kit, Ppro 210# XTL",606642,F
4/29/2002,"400011 Kit, Ppro 210# XTL",606640,F
4/29/2002,"100000 Kit, Ult XTLU",606643,F
4/29/2002,"400012 Kit, Ppro 210# XL",606629,F
4/29/2002,"400010 Kit, Ppro 210# XT",606689,F
4/1/2002,"400016 Kit, Ppro 310# XTLU",607139,F
3/19/2002,"100000 Kit, Ult XTLU",607172,F
3/19/2002,"400008 Kit, Ppro 310# XT",607166,F
3/19/2002,"400013 Kit, Ppro 210# XTLU",607154,F
3/18/2002,"400009 Kit, Ppro 310# XTL",607142,F
3/16/2002,"400010 Kit, Ppro 210# XT",607157,F
3/16/2002,"400009 Kit, Ppro 310# XTL",607144,F
3/16/2002,"400013 Kit, Ppro 210# XTLU",607168,F
3/16/2002,"400012 Kit, Ppro 210# XL",607182,F
3/16/2002,"400009 Kit, Ppro 310# XTL",607174,F
3/16/2002,"400009 Kit, Ppro 310# XTL",607170,F
3/16/2002,"400010 Kit, Ppro 210# XT",607148,F
3/16/2002,"400010 Kit, Ppro 210# XT",607176,F
3/16/2002,"400010 Kit, Ppro 210# XT",607140,F
3/16/2002,"400013 Kit, Ppro 210# XTLU",607183,F
3/16/2002,"400016 Kit, Ppro 310# XTLU",607178,F
3/16/2002,"400008 Kit, Ppro 310# XT",607216,F
3/16/2002,"400010 Kit, Ppro 210# XT",607164,F
3/16/2002,"400010 Kit, Ppro 210# XT",607179,F
3/16/2002,"400010 Kit, Ppro 210# XT",607162,F
3/16/2002,"400011 Kit, Ppro 210# XTL",607185,F
3/16/2002,"400011 Kit, Ppro 210# XTL",607151,F
3/16/2002,"400011 Kit, Ppro 210# XTL",607159,F
3/16/2002,"400010 Kit, Ppro 210# XT",607217,F
2/4/2002,95145 410 Power Rod Upgrade (PP Mot),608315,T
2/4/2002,"400016 Kit, Ppro 310# XTLU",608315,F
2/1/2002,"400011 Kit, Ppro 210# XTL",608257,F
2/1/2002,"400011 Kit, Ppro 210# XTL",608313,F
2/1/2002,"400024 Kit, Motivator 310# XTL",608241,F
2/1/2002,"400010 Kit, Ppro 210# XT",608255,F
2/1/2002,"400014 Kit, Ppro 310# XL",608261,F
1/31/2002,"400013 Kit, Ppro 210# XTLU",608247,F
1/31/2002,"400016 Kit, Ppro 310# XTLU",608271,F
1/31/2002,"100000 Kit, Ult XTLU",608280,F
1/31/2002,"400016 Kit, Ppro 310# XTLU",608232,F
1/31/2002,"400014 Kit, Ppro 310# XL",608282,F
1/31/2002,"400024 Kit, Motivator 310# XTL",608263,F
1/31/2002,"400009 Kit, Ppro 310# XTL",608279,F
1/31/2002,"400011 Kit, Ppro 210# XTL",608285,F
1/31/2002,"400016 Kit, Ppro 310# XTLU",608284,F
1/31/2002,"400011 Kit, Ppro 210# XTL",608307,F
1/31/2002,"400009 Kit, Ppro 310# XTL",608316,F
1/31/2002,"400013 Kit, Ppro 210# XTLU",608250,F
1/31/2002,90642 Kit  Ppro T-Bar & Foot Hrns,608235,F
1/31/2002,"400011 Kit, Ppro 210# XTL",608235,F
1/31/2002,"400011 Kit, Ppro 210# XTL",608269,F
1/31/2002,"400011 Kit, Ppro 210# XTL",608227,F
1/31/2002,"400002 Kit, Motivator 210#",608259,F
1/31/2002,"400015 Kit, Motivator 210# XTL",608317,F
1/31/2002,"400010 Kit, Ppro 210# XT",608244,F
1/31/2002,"400008 Kit, Ppro 310# XT",608283,F
1/31/2002,"400011 Kit, Ppro 210# XTL",608273,F
1/31/2002,"400010 Kit, Ppro 210# XT",608265,F
1/9/2002,95145 410 Power Rod Upgrade (PP Mot),607008,T
1/9/2002,90642 Kit  Ppro T-Bar & Foot Hrns,607002,F
1/8/2002,95145 410 Power Rod Upgrade (PP Mot),607000,T
1/8/2002,95145 410 Power Rod Upgrade (PP Mot),606920,T
1/8/2002,"95500 Poster,P-Pro Folded",606964,T
1/8/2002,95146 BFX 310# Rod Upgrade,606990,F
1/8/2002,95146 BFX 310# Rod Upgrade,606945,F
1/8/2002,"95500 Poster,P-Pro Folded",606981,T
1/7/2002,95146 BFX 310# Rod Upgrade,606967,F
1/7/2002,90672 Ppro Lat Attachment,606967,T
1/7/2002,95145 410 Power Rod Upgrade (PP Mot),606918,T
1/7/2002,95145 410 Power Rod Upgrade (PP Mot),606943,T
1/7/2002,"95062 Manual, Ppro Owner's",606926,T
1/7/2002,"95500 Poster,P-Pro Folded",606926,T
1/7/2002,"95062 Manual, Ppro Owner's",606948,T
1/7/2002,"95062 Manual, Ppro Owner's",606956,T
1/3/2002,"400008 Kit, Ppro 310# XT",607837,F
1/3/2002,"400010 Kit, Ppro 210# XT",607857,F
1/3/2002,"400000 Kit, Ppro 210#",606425,F
1/2/2002,"400009 Kit, Ppro 310# XTL",607876,F
12/31/2001,"400008 Kit, Ppro 310# XT",606447,F
12/31/2001,"100000 Kit, Ult XTLU",606443,F
12/27/2001,"400018 Kit, Ppro 310# XU",607891,F
12/26/2001,"400014 Kit, Ppro 310# XL",607825,F
12/26/2001,"400010 Kit, Ppro 210# XT",606422,F
12/26/2001,"400010 Kit, Ppro 210# XT",606467,F
12/26/2001,"400011 Kit, Ppro 210# XTL",607880,F
12/26/2001,90642 Kit  Ppro T-Bar & Foot Hrns,606428,F
12/26/2001,"400012 Kit, Ppro 210# XL",606428,F
12/26/2001,"100000 Kit, Ult XTLU",606439,F
12/26/2001,"100000 Kit, Ult XTLU",607828,F
12/26/2001,"400011 Kit, Ppro 210# XTL",607850,F
12/26/2001,"400006 Kit, Motivator 210# XT",606432,F
12/26/2001,"400014 Kit, Ppro 310# XL",607833,F
12/26/2001,"400014 Kit, Ppro 310# XL",607869,F
12/26/2001,"100000 Kit, Ult XTLU",606419,F
12/26/2001,"100000 Kit, Ult XTLU",606464,F
12/26/2001,"400010 Kit, Ppro 210# XT",607861,F
12/26/2001,"400008 Kit, Ppro 310# XT",607841,F
12/26/2001,"100000 Kit, Ult XTLU",606456,F
12/26/2001,"400010 Kit, Ppro 210# XT",607896,F
12/26/2001,"400011 Kit, Ppro 210# XTL",607831,F
12/26/2001,"400008 Kit, Ppro 310# XT",607865,F
12/26/2001,"400024 Kit, Motivator 310# XTL",607853,F
12/26/2001,"400012 Kit, Ppro 210# XL",607872,F
12/26/2001,"400010 Kit, Ppro 210# XT",606436,F
12/26/2001,"400006 Kit, Motivator 210# XT",607910,F
12/26/2001,"400009 Kit, Ppro 310# XTL",607900,F
12/26/2001,"400015 Kit, Motivator 210# XTL",606453,F
12/26/2001,"400011 Kit, Ppro 210# XTL",606460,F
12/26/2001,"400013 Kit, Ppro 210# XTLU",606458,F
12/26/2001,"400010 Kit, Ppro 210# XT",607905,F
10/16/2001,"400000 Kit, Ppro 210#",606585,F
10/15/2001,"400016 Kit, Ppro 310# XTLU",606553,F
10/12/2001,"400016 Kit, Ppro 310# XTLU",606578,F
10/12/2001,"400016 Kit, Ppro 310# XTLU",608393,F
10/12/2001,"400016 Kit, Ppro 310# XTLU",608382,F
10/12/2001,95145 410 Power Rod Upgrade (PP Mot),608382,T
10/9/2001,"400009 Kit, Ppro 310# XTL",608388,F
10/8/2001,"400012 Kit, Ppro 210# XL",606612,F
10/8/2001,"400010 Kit, Ppro 210# XT",606592,F
10/6/2001,"400016 Kit, Ppro 310# XTLU",608366,F
10/6/2001,95145 410 Power Rod Upgrade (PP Mot),608366,T
10/6/2001,95145 410 Power Rod Upgrade (PP Mot),606561,T
10/6/2001,"400016 Kit, Ppro 310# XTLU",606561,F
10/6/2001,"400010 Kit, Ppro 210# XT",606575,F
10/6/2001,"400010 Kit, Ppro 210# XT",606595,F
10/6/2001,"400009 Kit, Ppro 310# XTL",608374,F
10/6/2001,"400011 Kit, Ppro 210# XTL",606581,F
10/6/2001,"400011 Kit, Ppro 210# XTL",606572,F
10/6/2001,95145 410 Power Rod Upgrade (PP Mot),606603,T
10/6/2001,"400016 Kit, Ppro 310# XTLU",606603,F
10/6/2001,"400011 Kit, Ppro 210# XTL",606548,F
10/6/2001,"400016 Kit, Ppro 310# XTLU",606607,F
10/6/2001,"400010 Kit, Ppro 210# XT",608358,F
10/6/2001,"400010 Kit, Ppro 210# XT",608378,F
10/6/2001,"400016 Kit, Ppro 310# XTLU",608369,F
10/6/2001,95145 410 Power Rod Upgrade (PP Mot),608369,T
10/6/2001,"400010 Kit, Ppro 210# XT",608380,F
10/6/2001,"400009 Kit, Ppro 310# XTL",606550,F
10/6/2001,"400013 Kit, Ppro 210# XTLU",608376,F
10/6/2001,"400016 Kit, Ppro 310# XTLU",608355,F
10/6/2001,"400012 Kit, Ppro 210# XL",606563,F
10/6/2001,"400010 Kit, Ppro 210# XT",608362,F
10/6/2001,"400016 Kit, Ppro 310# XTLU",606555,F
10/6/2001,"400012 Kit, Ppro 210# XL",608352,F
10/6/2001,"400009 Kit, Ppro 310# XTL",606589,F
10/6/2001,"400012 Kit, Ppro 210# XL",606569,F
10/6/2001,"400010 Kit, Ppro 210# XT",606557,F
10/6/2001,"400010 Kit, Ppro 210# XT",608396,F
10/6/2001,"400016 Kit, Ppro 310# XTLU",608390,F
10/6/2001,"400008 Kit, Ppro 310# XT",606552,F
8/22/2001,"400009 Kit, Ppro 310# XTL",607746,F
6/15/2001,"400015 Kit, Motivator 210# XTL",607531,F
5/22/2001,"400013 Kit, Ppro 210# XTLU",607582,F
5/16/2001,"400011 Kit, Ppro 210# XTL",607579,F
5/16/2001,"400011 Kit, Ppro 210# XTL",607590,F
5/14/2001,95145 410 Power Rod Upgrade (PP Mot),607527,T
5/14/2001,"400016 Kit, Ppro 310# XTLU",607527,F
5/11/2001,"400016 Kit, Ppro 310# XTLU",607521,F
5/11/2001,"400015 Kit, Motivator 210# XTL",607580,F
5/10/2001,"400000 Kit, Ppro 210#",607529,F
5/10/2001,"400009 Kit, Ppro 310# XTL",607583,F
5/10/2001,"400011 Kit, Ppro 210# XTL",607572,F
5/10/2001,"400013 Kit, Ppro 210# XTLU",607587,F
5/10/2001,"400012 Kit, Ppro 210# XL",607589,F
5/10/2001,"400011 Kit, Ppro 210# XTL",607571,F
5/10/2001,"400000 Kit, Ppro 210#",607519,F
5/10/2001,"400009 Kit, Ppro 310# XTL",607578,F
5/10/2001,"400013 Kit, Ppro 210# XTLU",607588,F
5/10/2001,"400000 Kit, Ppro 210#",607576,F
5/10/2001,"400013 Kit, Ppro 210# XTLU",607534,F
5/10/2001,"400000 Kit, Ppro 210#",607585,F
5/10/2001,"400000 Kit, Ppro 210#",607581,F
5/10/2001,"400016 Kit, Ppro 310# XTLU",607574,F
5/10/2001,"400013 Kit, Ppro 210# XTLU",607591,F
5/10/2001,"400016 Kit, Ppro 310# XTLU",607573,F
5/10/2001,"400001 Kit, Ppro 310#",607524,F
4/9/2001,"400006 Kit, Motivator 210# XT",607720,F
3/20/2001,"400012 Kit, Ppro 210# XL",607792,F
3/15/2001,"400011 Kit, Ppro 210# XTL",607786,F
3/15/2001,"400000 Kit, Ppro 210#",607780,F
3/15/2001,"400011 Kit, Ppro 210# XTL",607731,F
3/14/2001,"400000 Kit, Ppro 210#",607805,F
3/14/2001,"400013 Kit, Ppro 210# XTLU",607798,F
3/14/2001,"400013 Kit, Ppro 210# XTLU",607771,F
3/14/2001,"400016 Kit, Ppro 310# XTLU",607767,F
3/14/2001,95145 410 Power Rod Upgrade (PP Mot),607767,T
3/14/2001,95145 410 Power Rod Upgrade (PP Mot),607764,T
3/14/2001,"400009 Kit, Ppro 310# XTL",607764,F
3/14/2001,90642 Kit  Ppro T-Bar & Foot Hrns,607727,F
3/14/2001,"400001 Kit, Ppro 310#",607727,F
3/14/2001,"400008 Kit, Ppro 310# XT",607729,F
3/14/2001,"400022 Kit, Motivator 310# XT",607761,F
3/14/2001,"400000 Kit, Ppro 210#",607724,F
3/14/2001,"400009 Kit, Ppro 310# XTL",607795,F
3/14/2001,"400016 Kit, Ppro 310# XTLU",607742,F
3/14/2001,"400011 Kit, Ppro 210# XTL",607789,F
3/14/2001,"400013 Kit, Ppro 210# XTLU",607777,F
3/14/2001,"400022 Kit, Motivator 310# XT",607718,F
3/14/2001,"400011 Kit, Ppro 210# XTL",607722,F
3/14/2001,"400011 Kit, Ppro 210# XTL",607774,F
3/14/2001,"400001 Kit, Ppro 310#",607748,F
3/14/2001,"400016 Kit, Ppro 310# XTLU",607755,F
3/14/2001,"400011 Kit, Ppro 210# XTL",607783,F
3/14/2001,"400010 Kit, Ppro 210# XT",607758,F
3/14/2001,"400000 Kit, Ppro 210#",607802,F
1/25/2001,"400011 Kit, Ppro 210# XTL",608049,F
1/25/2001,"400019 Kit, Ppro 310# XLU",608033,F
1/25/2001,90642 Kit  Ppro T-Bar & Foot Hrns,608033,F
1/24/2001,"400010 Kit, Ppro 210# XT",608061,F
1/23/2001,"400010 Kit, Ppro 210# XT",608098,F
1/23/2001,"400008 Kit, Ppro 310# XT",608117,F
1/21/2001,"400013 Kit, Ppro 210# XTLU",608093,F
1/21/2001,95145 410 Power Rod Upgrade (PP Mot),608095,T
1/21/2001,"400016 Kit, Ppro 310# XTLU",608095,F
1/21/2001,"400008 Kit, Ppro 310# XT",608030,F
1/21/2001,"400010 Kit, Ppro 210# XT",608025,F
1/21/2001,"400011 Kit, Ppro 210# XTL",608046,F
1/21/2001,"400010 Kit, Ppro 210# XT",608089,F
1/21/2001,"400009 Kit, Ppro 310# XTL",608039,F
1/21/2001,"400011 Kit, Ppro 210# XTL",608111,F
1/21/2001,"400010 Kit, Ppro 210# XT",608091,F
1/21/2001,"400000 Kit, Ppro 210#",608113,F
1/21/2001,"400008 Kit, Ppro 310# XT",608042,F
1/21/2001,"400010 Kit, Ppro 210# XT",608037,F
1/21/2001,"400011 Kit, Ppro 210# XTL",608028,F
1/21/2001,"400012 Kit, Ppro 210# XL",608104,F
1/21/2001,"400014 Kit, Ppro 310# XL",608106,F
1/21/2001,"400010 Kit, Ppro 210# XT",608110,F
1/21/2001,"400006 Kit, Motivator 210# XT",608085,F
1/21/2001,"400009 Kit, Ppro 310# XTL",608029,F
1/21/2001,"400011 Kit, Ppro 210# XTL",608031,F
1/21/2001,"400016 Kit, Ppro 310# XTLU",608102,F
1/21/2001,95145 410 Power Rod Upgrade (PP Mot),608102,T
1/21/2001,"400008 Kit, Ppro 310# XT",608099,F
1/21/2001,"400010 Kit, Ppro 210# XT",608043,F
1/21/2001,"400011 Kit, Ppro 210# XTL",608055,F
1/21/2001,"400013 Kit, Ppro 210# XTLU",608027,F
1/21/2001,"400010 Kit, Ppro 210# XT",608115,F
1/21/2001,"400012 Kit, Ppro 210# XL",608035,F
1/21/2001,"400011 Kit, Ppro 210# XTL",608026,F
1/21/2001,"400013 Kit, Ppro 210# XTLU",608058,F
1/21/2001,"400008 Kit, Ppro 310# XT",608083,F
11/22/2000,"400016 Kit, Ppro 310# XTLU",606383,F
11/22/2000,"400013 Kit, Ppro 210# XTLU",606379,F
11/22/2000,"400008 Kit, Ppro 310# XT",606374,F
11/22/2000,"400000 Kit, Ppro 210#",606398,F
11/22/2000,"400000 Kit, Ppro 210#",606389,F
11/22/2000,"400011 Kit, Ppro 210# XTL",606359,F
11/22/2000,"400013 Kit, Ppro 210# XTLU",606377,F
11/22/2000,"400013 Kit, Ppro 210# XTLU",606400,F
11/22/2000,"400002 Kit, Motivator 210#",606380,F
11/22/2000,"400024 Kit, Motivator 310# XTL",606378,F
11/22/2000,"400016 Kit, Ppro 310# XTLU",606363,F
11/22/2000,"400011 Kit, Ppro 210# XTL",606405,F
11/22/2000,"400008 Kit, Ppro 310# XT",606356,F
11/22/2000,"400001 Kit, Ppro 310#",606387,F
11/22/2000,"400001 Kit, Ppro 310#",606411,F
11/22/2000,"400015 Kit, Motivator 210# XTL",606367,F
11/22/2000,"400008 Kit, Ppro 310# XT",606358,F
11/22/2000,"400016 Kit, Ppro 310# XTLU",606376,F
11/22/2000,"400006 Kit, Motivator 210# XT",606394,F
11/22/2000,"400000 Kit, Ppro 210#",606381,F
11/22/2000,"400016 Kit, Ppro 310# XTLU",606318,F
11/22/2000,"400000 Kit, Ppro 210#",606390,F
11/22/2000,"400011 Kit, Ppro 210# XTL",606403,F
11/22/2000,"400011 Kit, Ppro 210# XTL",606408,F
11/22/2000,"400011 Kit, Ppro 210# XTL",606368,F
11/22/2000,"400016 Kit, Ppro 310# XTLU",606372,F
11/22/2000,"400010 Kit, Ppro 210# XT",606417,F
11/22/2000,"400010 Kit, Ppro 210# XT",606385,F
11/22/2000,"400009 Kit, Ppro 310# XTL",606361,F
11/22/2000,"400011 Kit, Ppro 210# XTL",606320,F
11/22/2000,"400011 Kit, Ppro 210# XTL",606392,F
11/22/2000,"400013 Kit, Ppro 210# XTLU",606370,F
10/26/2000,"400011 Kit, Ppro 210# XTL",606822,F
9/28/2000,95145 410 Power Rod Upgrade (PP Mot),606532,T
9/28/2000,"400009 Kit, Ppro 310# XTL",606532,F
9/22/2000,"400011 Kit, Ppro 210# XTL",608327,F
9/21/2000,"400016 Kit, Ppro 310# XTLU",608338,F
9/21/2000,95145 410 Power Rod Upgrade (PP Mot),608338,T
9/19/2000,"400016 Kit, Ppro 310# XTLU",606518,F
9/13/2000,"400012 Kit, Ppro 210# XL",606522,F
9/12/2000,"400009 Kit, Ppro 310# XTL",608370,F
9/12/2000,"400009 Kit, Ppro 310# XTL",606541,F
9/11/2000,"400016 Kit, Ppro 310# XTLU",608348,F
9/11/2000,"400013 Kit, Ppro 210# XTLU",606539,F
9/11/2000,"400011 Kit, Ppro 210# XTL",608321,F
9/11/2000,"400011 Kit, Ppro 210# XTL",608361,F
9/11/2000,"400009 Kit, Ppro 310# XTL",608368,F
9/11/2000,"400009 Kit, Ppro 310# XTL",606530,F
9/11/2000,"400010 Kit, Ppro 210# XT",608324,F
9/11/2000,"400013 Kit, Ppro 210# XTLU",608346,F
9/11/2000,"400010 Kit, Ppro 210# XT",608359,F
9/11/2000,"400011 Kit, Ppro 210# XTL",608345,F
9/11/2000,"400011 Kit, Ppro 210# XTL",608332,F
9/11/2000,"400013 Kit, Ppro 210# XTLU",608349,F
9/11/2000,"400000 Kit, Ppro 210#",606616,F
9/11/2000,"400016 Kit, Ppro 310# XTLU",608351,F
9/9/2000,"400011 Kit, Ppro 210# XTL",608335,F
9/9/2000,"400000 Kit, Ppro 210#",608347,F
9/9/2000,"400009 Kit, Ppro 310# XTL",608344,F
9/9/2000,95145 410 Power Rod Upgrade (PP Mot),608344,T
9/9/2000,"400000 Kit, Ppro 210#",606528,F
9/9/2000,"400010 Kit, Ppro 210# XT",608350,F
9/9/2000,"400001 Kit, Ppro 310#",606534,F
9/9/2000,"400016 Kit, Ppro 310# XTLU",608342,F
9/9/2000,"400010 Kit, Ppro 210# XT",608318,F
9/9/2000,"400010 Kit, Ppro 210# XT",606526,F
9/9/2000,"400001 Kit, Ppro 310#",608341,F
9/9/2000,"400011 Kit, Ppro 210# XTL",606543,F
9/9/2000,"400009 Kit, Ppro 310# XTL",606524,F
9/9/2000,"400009 Kit, Ppro 310# XTL",606611,F
9/9/2000,"400013 Kit, Ppro 210# XTLU",608329,F
9/9/2000,"400002 Kit, Motivator 210#",606537,F
8/24/2000,"400012 Kit, Ppro 210# XL",607962,F
7/29/2000,"400011 Kit, Ppro 210# XTL",607356,F
7/11/2000,"400001 Kit, Ppro 310#",607972,F
7/6/2000,"400000 Kit, Ppro 210#",607942,F
6/26/2000,"400010 Kit, Ppro 210# XT",608012,F
6/26/2000,"400010 Kit, Ppro 210# XT",607968,F
6/22/2000,"400014 Kit, Ppro 310# XL",607974,F
6/20/2000,"400015 Kit, Motivator 210# XTL",607952,F
6/20/2000,"400013 Kit, Ppro 210# XTLU",607948,F
6/20/2000,"400016 Kit, Ppro 310# XTLU",607931,F
6/20/2000,"400009 Kit, Ppro 310# XTL",607932,F
6/20/2000,"400011 Kit, Ppro 210# XTL",607940,F
6/20/2000,"400013 Kit, Ppro 210# XTLU",608006,F
6/20/2000,"400013 Kit, Ppro 210# XTLU",607946,F
6/20/2000,"400016 Kit, Ppro 310# XTLU",607966,F
6/20/2000,"400016 Kit, Ppro 310# XTLU",607929,F
6/20/2000,"400010 Kit, Ppro 210# XT",608016,F
6/20/2000,"400011 Kit, Ppro 210# XTL",607980,F
6/20/2000,"400016 Kit, Ppro 310# XTLU",607982,F
6/20/2000,95145 410 Power Rod Upgrade (PP Mot),607992,T
6/20/2000,"400016 Kit, Ppro 310# XTLU",607992,F
6/20/2000,"400011 Kit, Ppro 210# XTL",607930,F
6/20/2000,"400013 Kit, Ppro 210# XTLU",607928,F
6/20/2000,"400013 Kit, Ppro 210# XTLU",607927,F
6/20/2000,"400016 Kit, Ppro 310# XTLU",607954,F
6/20/2000,"400006 Kit, Motivator 210# XT",607964,F
6/20/2000,"400024 Kit, Motivator 310# XTL",607921,F
6/20/2000,"400009 Kit, Ppro 310# XTL",607970,F
6/20/2000,"400011 Kit, Ppro 210# XTL",608008,F
6/20/2000,"400000 Kit, Ppro 210#",607990,F
6/20/2000,"400000 Kit, Ppro 210#",607988,F
6/20/2000,"400000 Kit, Ppro 210#",607925,F
6/20/2000,"400009 Kit, Ppro 310# XTL",608002,F
6/20/2000,"400013 Kit, Ppro 210# XTLU",608000,F
6/20/2000,"400013 Kit, Ppro 210# XTLU",607958,F
6/20/2000,"400016 Kit, Ppro 310# XTLU",607923,F
6/20/2000,"400016 Kit, Ppro 310# XTLU",607950,F
6/20/2000,"400010 Kit, Ppro 210# XT",608004,F
6/20/2000,"400016 Kit, Ppro 310# XTLU",607976,F
6/20/2000,"400012 Kit, Ppro 210# XL",608017,F
6/20/2000,"400000 Kit, Ppro 210#",607933,F
6/20/2000,90672 Ppro Lat Attachment,607933,T
6/20/2000,"400000 Kit, Ppro 210#",607978,F
6/20/2000,"400013 Kit, Ppro 210# XTLU",607960,F
6/20/2000,"400013 Kit, Ppro 210# XTLU",607944,F
6/20/2000,"400024 Kit, Motivator 310# XTL",607984,F
6/20/2000,"400012 Kit, Ppro 210# XL",608014,F
6/20/2000,"400016 Kit, Ppro 310# XTLU",607938,F
6/20/2000,"400016 Kit, Ppro 310# XTLU",607919,F
3/16/2000,95145 410 Power Rod Upgrade (PP Mot),606479,T
3/16/2000,"400016 Kit, Ppro 310# XTLU",606479,F
3/15/2000,"400010 Kit, Ppro 210# XT",607856,F
3/13/2000,"400011 Kit, Ppro 210# XTL",607913,F
3/10/2000,"400008 Kit, Ppro 310# XT",606421,F
3/10/2000,95145 410 Power Rod Upgrade (PP Mot),607882,T
3/10/2000,"400008 Kit, Ppro 310# XT",607882,F
3/9/2000,"400011 Kit, Ppro 210# XTL",606461,F
3/8/2000,"400000 Kit, Ppro 210#",607868,F
3/8/2000,"400016 Kit, Ppro 310# XTLU",607873,F
3/7/2000,"400010 Kit, Ppro 210# XT",607902,F
3/6/2000,"400009 Kit, Ppro 310# XTL",606434,F
3/6/2000,"400024 Kit, Motivator 310# XTL",606452,F
3/6/2000,"400010 Kit, Ppro 210# XT",606438,F
3/6/2000,"400013 Kit, Ppro 210# XTLU",607835,F
3/3/2000,"400014 Kit, Ppro 310# XL",607842,F
3/3/2000,"400008 Kit, Ppro 310# XT",606418,F
3/3/2000,"400010 Kit, Ppro 210# XT",607864,F
3/3/2000,"400000 Kit, Ppro 210#",606449,F
3/3/2000,"400010 Kit, Ppro 210# XT",607897,F
3/3/2000,"400001 Kit, Ppro 310#",606454,F
3/3/2000,"400016 Kit, Ppro 310# XTLU",607877,F
3/3/2000,"400010 Kit, Ppro 210# XT",607846,F
3/3/2000,"400010 Kit, Ppro 210# XT",607852,F
3/3/2000,"400012 Kit, Ppro 210# XL",606466,F
3/3/2000,"400000 Kit, Ppro 210#",606424,F
3/3/2000,90642 Kit  Ppro T-Bar & Foot Hrns,606424,F
3/3/2000,"400010 Kit, Ppro 210# XT",606463,F
3/3/2000,"400013 Kit, Ppro 210# XTLU",607892,F
3/3/2000,"400011 Kit, Ppro 210# XTL",606470,F
3/3/2000,"400010 Kit, Ppro 210# XT",606474,F
3/3/2000,"400008 Kit, Ppro 310# XT",607908,F
3/3/2000,"400010 Kit, Ppro 210# XT",607838,F
3/3/2000,"400010 Kit, Ppro 210# XT",606427,F
2/29/2000,"400000 Kit, Ppro 210#",607849,F
2/29/2000,"400008 Kit, Ppro 310# XT",606445,F
1/20/2000,"400015 Kit, Motivator 210# XTL",607227,F
1/5/2000,"400016 Kit, Ppro 310# XTLU",607225,F
12/30/1999,"400013 Kit, Ppro 210# XTLU",607252,F
12/17/1999,"400015 Kit, Motivator 210# XTL",607231,F
12/14/1999,"400015 Kit, Motivator 210# XTL",607272,F
12/7/1999,"400004 Kit, Ppro 210# XTU",607222,F
12/7/1999,"400015 Kit, Motivator 210# XTL",607281,F
12/3/1999,"400016 Kit, Ppro 310# XTLU",607273,F
12/2/1999,"400013 Kit, Ppro 210# XTLU",607226,F
12/2/1999,"400013 Kit, Ppro 210# XTLU",607292,F
12/1/1999,"400000 Kit, Ppro 210#",607288,F
12/1/1999,"400013 Kit, Ppro 210# XTLU",607299,F
11/30/1999,"400014 Kit, Ppro 310# XL",607220,F
11/30/1999,"400010 Kit, Ppro 210# XT",607268,F
11/29/1999,"400011 Kit, Ppro 210# XTL",607306,F
11/24/1999,"400010 Kit, Ppro 210# XT",607283,F
11/24/1999,"400010 Kit, Ppro 210# XT",607258,F
11/24/1999,"400000 Kit, Ppro 210#",607311,F
11/24/1999,"400011 Kit, Ppro 210# XTL",607290,F
11/24/1999,"400013 Kit, Ppro 210# XTLU",607221,F
11/24/1999,"400016 Kit, Ppro 310# XTLU",607286,F
11/24/1999,"400013 Kit, Ppro 210# XTLU",607266,F
11/24/1999,"400011 Kit, Ppro 210# XTL",607296,F
11/24/1999,95145 410 Power Rod Upgrade (PP Mot),607244,T
11/24/1999,"400016 Kit, Ppro 310# XTLU",607244,F
11/24/1999,"400010 Kit, Ppro 210# XT",607313,F
11/24/1999,"400011 Kit, Ppro 210# XTL",607265,F
11/24/1999,"400001 Kit, Ppro 310#",607259,F
11/24/1999,"400015 Kit, Motivator 210# XTL",607282,F
11/24/1999,"400013 Kit, Ppro 210# XTLU",607261,F
11/24/1999,"400009 Kit, Ppro 310# XTL",607260,F
11/24/1999,"400000 Kit, Ppro 210#",607230,F
11/24/1999,"400010 Kit, Ppro 210# XT",607274,F
11/24/1999,"400010 Kit, Ppro 210# XT",607312,F
11/24/1999,"400022 Kit, Motivator 310# XT",607248,F
11/24/1999,"400016 Kit, Ppro 310# XTLU",607246,F
11/24/1999,"400013 Kit, Ppro 210# XTLU",607315,F
11/24/1999,"400011 Kit, Ppro 210# XTL",607239,F
11/24/1999,"400000 Kit, Ppro 210#",607240,F
11/24/1999,"400010 Kit, Ppro 210# XT",607263,F
11/24/1999,"400010 Kit, Ppro 210# XT",607241,F
11/24/1999,"400015 Kit, Motivator 210# XTL",607256,F
11/24/1999,"400013 Kit, Ppro 210# XTLU",607276,F
11/24/1999,"400013 Kit, Ppro 210# XTLU",607257,F
11/24/1999,"400000 Kit, Ppro 210#",607264,F
11/24/1999,"400010 Kit, Ppro 210# XT",607277,F
11/24/1999,"400016 Kit, Ppro 310# XTLU",607307,F
11/24/1999,"400016 Kit, Ppro 310# XTLU",607237,F
11/24/1999,"400024 Kit, Motivator 310# XTL",607228,F
11/24/1999,"400012 Kit, Ppro 210# XL",607317,F
11/24/1999,"400010 Kit, Ppro 210# XT",607251,F
11/24/1999,"400011 Kit, Ppro 210# XTL",607236,F
11/24/1999,"400008 Kit, Ppro 310# XT",607232,F
11/23/1999,"400000 Kit, Ppro 210#",607250,F
11/23/1999,"400011 Kit, Ppro 210# XTL",607280,F
11/23/1999,"400013 Kit, Ppro 210# XTLU",607254,F
11/23/1999,"400013 Kit, Ppro 210# XTLU",607234,F
11/23/1999,"400000 Kit, Ppro 210#",607270,F
11/23/1999,"400009 Kit, Ppro 310# XTL",607247,F
11/23/1999,"400011 Kit, Ppro 210# XTL",607229,F
11/22/1999,"400013 Kit, Ppro 210# XTLU",607278,F
11/22/1999,"400016 Kit, Ppro 310# XTLU",607279,F
11/22/1999,"400010 Kit, Ppro 210# XT",607314,F
11/22/1999,"400011 Kit, Ppro 210# XTL",607302,F
11/22/1999,"400000 Kit, Ppro 210#",607297,F
11/22/1999,"400009 Kit, Ppro 310# XTL",607293,F
11/22/1999,"400013 Kit, Ppro 210# XTLU",607305,F
11/22/1999,"400016 Kit, Ppro 310# XTLU",607300,F
11/22/1999,95145 410 Power Rod Upgrade (PP Mot),607300,T
11/22/1999,"400016 Kit, Ppro 310# XTLU",607303,F
11/22/1999,95145 410 Power Rod Upgrade (PP Mot),607303,T
11/22/1999,"400013 Kit, Ppro 210# XTLU",607285,F
11/22/1999,"400010 Kit, Ppro 210# XT",607308,F
11/22/1999,"400010 Kit, Ppro 210# XT",607223,F
11/22/1999,"400013 Kit, Ppro 210# XTLU",607242,F
11/22/1999,"400015 Kit, Motivator 210# XTL",607304,F
11/22/1999,"400008 Kit, Ppro 310# XT",607224,F
11/22/1999,"400016 Kit, Ppro 310# XTLU",607298,F
11/22/1999,"400002 Kit, Motivator 210#",607219,F
11/22/1999,"400010 Kit, Ppro 210# XT",607233,F
11/22/1999,"400010 Kit, Ppro 210# XT",607309,F
11/22/1999,"400000 Kit, Ppro 210#",607284,F
11/22/1999,"400011 Kit, Ppro 210# XTL",607310,F
11/22/1999,"400000 Kit, Ppro 210#",607291,F
7/17/1999,95146 BFX 310# Rod Upgrade,607502,F
7/17/1999,"400011 Kit, Ppro 210# XTL",607502,F
7/17/1999,"400011 Kit, Ppro 210# XTL",607432,F
7/17/1999,"400011 Kit, Ppro 210# XTL",607475,F
7/17/1999,"400010 Kit, Ppro 210# XT",607514,F
6/22/1999,"400011 Kit, Ppro 210# XTL",607832,F
6/22/1999,"400010 Kit, Ppro 210# XT",607867,F
5/27/1999,"400010 Kit, Ppro 210# XT",608298,F
5/27/1999,95146 BFX 310# Rod Upgrade,608294,F
5/27/1999,"400010 Kit, Ppro 210# XT",608294,F
5/27/1999,"400011 Kit, Ppro 210# XTL",608301,F
5/27/1999,"400013 Kit, Ppro 210# XTLU",608290,F
5/27/1999,95146 BFX 310# Rod Upgrade,608290,F
4/2/1999,"400010 Kit, Ppro 210# XT",606473,F
4/2/1999,95146 BFX 310# Rod Upgrade,606473,F
4/2/1999,"400010 Kit, Ppro 210# XT",606496,F
2/10/1999,"400011 Kit, Ppro 210# XTL",606699,F
2/10/1999,95146 BFX 310# Rod Upgrade,606699,F
2/10/1999,"400002 Kit, Motivator 210#",606703,F
2/10/1999,95145 410 Power Rod Upgrade (PP Mot),606679,T
2/10/1999,"400013 Kit, Ppro 210# XTLU",606679,F
2/10/1999,95146 BFX 310# Rod Upgrade,606679,F
2/10/1999,"400011 Kit, Ppro 210# XTL",606695,F
2/10/1999,"400013 Kit, Ppro 210# XTLU",606697,F
2/10/1999,"400013 Kit, Ppro 210# XTLU",606628,F
2/10/1999,95146 BFX 310# Rod Upgrade,606628,F
2/10/1999,"400011 Kit, Ppro 210# XTL",606624,F
2/10/1999,95146 BFX 310# Rod Upgrade,606624,F
2/10/1999,95146 BFX 310# Rod Upgrade,606639,F
2/10/1999,90672 Ppro Lat Attachment,606646,T
2/10/1999,"400010 Kit, Ppro 210# XT",606688,F
2/10/1999,"400010 Kit, Ppro 210# XT",606683,F
2/10/1999,"400011 Kit, Ppro 210# XTL",606636,F
2/10/1999,"400013 Kit, Ppro 210# XTLU",606632,F
1/14/1999,"400013 Kit, Ppro 210# XTLU",607146,F
1/14/1999,"400000 Kit, Ppro 210#",607215,F
12/16/1998,"400000 Kit, Ppro 210#",608253,F
12/16/1998,"400000 Kit, Ppro 210#",608229,F
12/16/1998,"400000 Kit, Ppro 210#",608311,F
12/16/1998,90642 Kit  Ppro T-Bar & Foot Hrns,608311,F
12/16/1998,95146 BFX 310# Rod Upgrade,608278,F
12/16/1998,"400010 Kit, Ppro 210# XT",608281,F
12/16/1998,"400000 Kit, Ppro 210#",608267,F
12/16/1998,"400000 Kit, Ppro 210#",608275,F
12/16/1998,"400011 Kit, Ppro 210# XTL",608309,F
12/16/1998,"400000 Kit, Ppro 210#",608238,F
11/18/1998,"400010 Kit, Ppro 210# XT",607845,F
11/18/1998,"400012 Kit, Ppro 210# XL",606450,F
11/18/1998,"400011 Kit, Ppro 210# XTL",607885,F
11/18/1998,95146 BFX 310# Rod Upgrade,607885,F
11/18/1998,90672 Ppro Lat Attachment,607914,T
9/18/1998,95146 BFX 310# Rod Upgrade,608385,F
9/18/1998,"400011 Kit, Ppro 210# XTL",608385,F
9/18/1998,"400000 Kit, Ppro 210#",608372,F
9/18/1998,"400010 Kit, Ppro 210# XT",606566,F
9/18/1998,"400011 Kit, Ppro 210# XTL",606599,F
6/21/1998,"400013 Kit, Ppro 210# XTLU",607586,F
6/21/1998,95146 BFX 310# Rod Upgrade,607586,F
6/21/1998,"400010 Kit, Ppro 210# XT",607575,F
6/21/1998,"400010 Kit, Ppro 210# XT",607584,F
6/21/1998,95145 410 Power Rod Upgrade (PP Mot),607577,T
5/11/1998,95146 BFX 310# Rod Upgrade,607744,F
5/11/1998,"400011 Kit, Ppro 210# XTL",607744,F
5/11/1998,"400012 Kit, Ppro 210# XL",607740,F
5/11/1998,"400011 Kit, Ppro 210# XTL",607752,F
3/31/1998,"400011 Kit, Ppro 210# XTL",608108,F
3/31/1998,"400012 Kit, Ppro 210# XL",608087,F
3/31/1998,"400012 Kit, Ppro 210# XL",608052,F
3/31/1998,95146 BFX 310# Rod Upgrade,608052,F
2/13/1998,"400011 Kit, Ppro 210# XTL",606365,F
12/17/1997,"400010 Kit, Ppro 210# XT",606536,F
12/17/1997,"400010 Kit, Ppro 210# XT",608364,F
12/17/1997,"400010 Kit, Ppro 210# XT",606520,F
12/16/1997,"400010 Kit, Ppro 210# XT",608356,F
9/25/1997,"400012 Kit, Ppro 210# XL",607956,F
9/24/1997,"400011 Kit, Ppro 210# XTL",608010,F
5/28/1997,"400010 Kit, Ppro 210# XT",607860,F
5/28/1997,95146 BFX 310# Rod Upgrade,607860,F
5/28/1997,95146 BFX 310# Rod Upgrade,606430,F
5/28/1997,"400000 Kit, Ppro 210#",606430,F
5/28/1997,95146 BFX 310# Rod Upgrade,606442,F
5/28/1997,"400000 Kit, Ppro 210#",606442,F
5/28/1997,90642 Kit  Ppro T-Bar & Foot Hrns,606442,F
5/28/1997,95146 BFX 310# Rod Upgrade,606457,F
5/28/1997,"400011 Kit, Ppro 210# XTL",606457,F
5/28/1997,"400000 Kit, Ppro 210#",607887,F
11/29/1996,"400011 Kit, Ppro 210# XTL",607267,F
11/29/1996,95146 BFX 310# Rod Upgrade,607267,F
11/29/1996,95146 BFX 310# Rod Upgrade,607294,F
11/29/1996,"400011 Kit, Ppro 210# XTL",607294,F
11/29/1996,95146 BFX 310# Rod Upgrade,607269,F
11/29/1996,"400011 Kit, Ppro 210# XTL",607269,F
11/29/1996,95146 BFX 310# Rod Upgrade,607275,F
11/29/1996,"400010 Kit, Ppro 210# XT",607275,F
11/29/1996,95146 BFX 310# Rod Upgrade,607301,F
11/29/1996,"400011 Kit, Ppro 210# XTL",607301,F
11/29/1996,"400000 Kit, Ppro 210#",607262,F
11/29/1996,95146 BFX 310# Rod Upgrade,607262,F
11/29/1996,"400010 Kit, Ppro 210# XT",607287,F
11/29/1996,"400000 Kit, Ppro 210#",607295,F
11/29/1996,95146 BFX 310# Rod Upgrade,607295,F
11/29/1996,"400011 Kit, Ppro 210# XTL",607253,F
11/29/1996,95146 BFX 310# Rod Upgrade,607289,F
11/29/1996,"400011 Kit, Ppro 210# XTL",607289,F
11/29/1996,90672 Ppro Lat Attachment,607316,T
11/29/1996,90642 Kit  Ppro T-Bar & Foot Hrns,607316,F
11/27/1996,95146 BFX 310# Rod Upgrade,607243,F
11/27/1996,"400011 Kit, Ppro 210# XTL",607243,F
11/27/1996,95146 BFX 310# Rod Upgrade,607245,F
11/27/1996,"400000 Kit, Ppro 210#",607245,F
11/27/1996,"400010 Kit, Ppro 210# XT",607235,F
11/27/1996,"400011 Kit, Ppro 210# XTL",607238,F
11/27/1996,95146 BFX 310# Rod Upgrade,607238,F
11/27/1996,"400000 Kit, Ppro 210#",607218,F
11/27/1996,95146 BFX 310# Rod Upgrade,607218,F
11/27/1996,95146 BFX 310# Rod Upgrade,607249,F
11/27/1996,"400010 Kit, Ppro 210# XT",607249,F
